1.050159
6.012698
10.140000
10.942177
11.527075
12.235918
12.828707
13.562449
14.168163
14.898776
15.650612
17.722041
22.895782
28.460000
28.824444
29.602676
30.168934
30.751973
31.360816
31.907075
32.530431
33.216644
35.095283
39.390159
43.386122
43.896190
44.399048
44.871429
45.394286
45.852109
46.361497
46.828027
47.320000
48.055782
49.222449
49.623401
50.896599
51.538776
53.919819
56.420000
58.637823
61.189887
63.722041
65.998821
68.943401
72.586531
73.959683
75.272517
76.533061
77.779909
79.147710
80.410023
81.643311
82.932245
84.231247
85.350567
86.892018
88.116871
89.401905
90.732381
92.121224
93.388980
94.787211
96.180272
97.583810
98.919456
100.226395
101.352834
102.711066
104.158776
105.851746
108.864218
110.460317
112.262449
113.896644
115.754694
117.573968
119.832109
121.203356
123.104082
124.863583
126.929841
128.620000
130.165261
131.692245
133.960408
138.120181
142.132653
146.460136
150.173016
150.921633
151.431429
151.945714
152.459184
152.913878
153.421497
153.905578
154.485170
155.424490
157.900000
158.040000
158.146712
158.679410
159.304717
159.848073
160.419184
161.030930
161.653651
162.248934
163.099048
163.965941
165.364580
166.092336
166.682358
167.264172
167.962177
168.577324
169.186803
169.816599
170.400000
171.382585
172.500000
173.266667
175.124127
176.603810
179.440000
182.087302
184.720408
187.814558
190.211429
193.130612
195.549524
198.955873
200.197959
201.265714
202.402177
203.586417
204.688980
205.717551
206.967211
208.258639
209.345918
210.604898
211.594558
212.691973
213.825986
214.956463
216.094014
217.879728
219.155374
220.403946
221.762313
223.107619
224.575510
225.944218
227.319048
228.696463
230.080091
231.433878
233.035964
234.566349
236.307574
239.704444
244.185397
247.700000
