4.630159
8.232698
12.978141
13.962177
14.547075
15.255918
15.828707
16.402449
17.008163
17.738776
18.968571
22.222041
27.975782
33.427755
34.244444
35.002676
35.848934
36.431973
37.000816
37.707075
38.470431
39.753152
43.055283
47.830159
53.186122
54.056190
54.759048
55.271429
55.834286
56.372109
56.881497
57.428027
58.094966
58.955782
59.902449
60.123401
61.136599
61.598776
64.579819
68.324671
71.097823
73.349887
76.242041
79.710567
83.503401
89.146531
90.539683
91.892517
93.013061
94.279909
95.467710
96.750023
97.863311
99.212245
100.431247
101.730567
103.632018
104.936871
106.141905
107.392381
108.921224
110.128980
111.447211
112.800272
114.123810
115.439456
116.726395
117.732834
119.331066
120.718776
122.195964
127.024218
129.280317
131.142449
133.116644
134.694694
136.133968
138.092109
139.560000
141.104082
142.443583
144.269841
145.889660
147.645261
149.112245
152.000408
155.820181
159.792653
162.940136
165.593016
166.221633
166.631429
167.160000
167.559184
167.993878
168.441497
168.785578
169.285170
170.484490
171.894286
172.963356
173.646712
174.139410
174.784717
175.248073
175.860000
176.270930
176.840000
177.208934
177.939048
179.065941
181.104580
182.112336
182.980000
183.384172
184.002177
184.417324
184.926803
185.416599
185.888254
187.142585
188.663175
189.646667
191.124127
193.108254
197.191973
200.767302
204.180408
207.254558
210.871429
214.730612
218.729524
223.035873
224.437959
225.645714
226.962177
228.226417
229.408980
230.597551
231.887211
233.218639
234.505918
235.624898
236.914558
238.191973
239.325986
240.496463
241.834014
243.839728
245.095374
246.383946
247.722313
248.907619
250.275510
251.464218
252.779048
254.136463
255.500091
256.860000
258.335964
259.646349
261.987574
265.504444
271.565397
276.494286
