1.110159
4.832698
8.880000
9.642177
10.107075
10.695918
11.208707
11.722449
12.220000
12.838776
13.550612
15.342041
19.295782
23.840000
24.344444
24.842676
25.328934
25.751973
26.260816
26.700000
27.150431
27.756644
29.295283
32.830159
36.686122
37.240000
37.719048
38.251429
38.674286
39.172109
39.701497
40.188027
40.674966
41.515782
42.182449
42.563401
43.356599
43.958776
46.679819
49.424671
51.660000
54.609887
57.022041
59.858821
63.003401
66.946531
68.239683
69.472517
70.653061
71.859909
73.027710
74.330023
75.423311
76.672245
77.951247
79.190567
81.512018
82.836871
84.021905
85.452381
86.861224
88.348980
89.687211
91.100272
92.543810
93.859456
95.166395
96.252834
97.931066
99.358776
101.075964
104.824218
106.860317
108.542449
110.296644
111.820000
113.413968
115.312109
116.683356
118.280000
119.963583
122.060000
123.649660
125.465261
126.872245
129.800408
133.700181
137.752653
142.700136
145.873016
146.641633
147.231429
147.745714
148.259184
148.733878
149.241497
149.745578
150.485170
151.544490
153.054286
154.063356
154.806712
155.139410
155.664717
156.108073
156.559184
157.050930
157.573651
158.148934
158.979048
159.845941
162.144580
162.712336
163.462358
163.884172
164.602177
165.037324
165.626803
166.116599
166.628254
167.422585
168.423175
169.366667
170.484127
171.860635
174.291973
177.047302
180.240408
182.454558
184.851429
187.490612
190.760000
193.935873
195.157959
196.225714
197.402177
198.506417
199.628980
200.697551
201.887211
203.178639
204.245918
205.364898
206.494558
207.671973
208.800000
209.896463
211.134014
212.899728
214.215374
215.423946
216.800000
218.187619
219.655510
220.984218
222.499048
223.896463
225.320091
226.813878
228.295964
229.766349
232.020000
235.284444
240.525397
245.654286
