1.750159
5.172698
8.738141
9.682177
10.307075
10.855918
11.388707
11.882449
12.368163
12.898776
13.790612
15.062041
18.520000
22.560000
23.184444
24.002676
24.480000
25.011973
25.460816
25.967075
26.490431
27.256644
28.760000
31.850159
35.366122
36.076190
36.739048
37.271429
37.714286
38.232109
38.620000
39.128027
39.694966
40.595782
41.462449
41.843401
42.796599
43.418776
46.019819
48.904671
51.717823
53.989887
56.800000
59.378821
62.483401
65.766531
67.319683
68.592517
69.833061
71.079909
72.247710
73.590023
74.763311
76.020000
77.211247
78.490567
80.212018
81.516871
82.661905
83.972381
85.421224
86.668980
87.987211
89.560272
90.983810
92.339456
93.686395
94.852834
96.811066
98.218776
99.555964
102.444218
104.220317
105.862449
107.376644
108.874694
109.833968
111.592109
112.780000
114.040000
115.363583
116.869841
118.269660
119.745261
121.172245
122.820408
125.840181
129.012653
132.060136
134.293016
134.921633
135.331429
135.805714
136.259184
136.693878
137.101497
137.585578
138.225170
139.084490
140.894286
141.983356
142.706712
143.120000
143.580000
144.048073
144.499184
144.900000
145.440000
146.028934
147.379048
148.265941
150.284580
151.372336
152.142358
152.540000
153.042177
153.557324
154.006803
154.456599
154.960000
155.982585
157.163175
158.126667
159.644127
160.920635
163.751973
166.207302
169.180000
171.474558
174.291429
177.170612
179.769524
182.920000
184.117959
185.225714
186.382177
187.446417
188.488980
189.617551
190.727211
191.878639
193.045918
194.144898
195.294558
196.351973
197.685986
198.936463
200.274014
201.999728
203.395374
204.583946
205.922313
207.147619
208.515510
209.844218
211.239048
212.696463
214.040091
215.313878
216.795964
218.086349
219.947574
223.704444
228.325397
234.094286
