1.330159
5.260000
8.998141
9.882177
10.307075
10.915918
11.348707
11.902449
12.368163
13.018776
13.670612
16.122041
20.395782
23.947755
24.724444
25.362676
25.928934
26.451973
26.940816
27.407075
27.930431
28.656644
30.775283
35.250159
38.526122
39.136190
39.599048
40.131429
40.574286
41.032109
41.421497
41.928027
42.314966
43.115782
43.882449
44.263401
45.040000
45.638776
48.379819
51.464671
54.337823
56.329887
58.482041
61.538821
65.103401
69.346531
70.779683
72.152517
73.333061
74.699909
76.107710
77.450023
78.703311
80.052245
81.351247
82.690567
84.372018
85.516871
86.621905
87.832381
89.201224
90.468980
91.847211
93.160272
94.583810
95.879456
97.112789
98.192834
99.571066
100.938776
102.235964
107.964218
110.680317
112.882449
115.376644
117.634694
119.633968
122.372109
124.463356
126.524082
128.423583
130.947937
133.449660
135.425261
137.052245
140.160408
144.120181
149.052653
153.720136
157.653016
158.421633
158.811429
159.305714
159.719184
160.093878
160.461497
160.885578
161.245170
162.444490
164.540000
165.283356
165.886712
166.379410
166.784717
167.168073
167.619184
167.990930
168.413651
168.728934
169.299048
170.085941
172.244580
173.432336
174.100000
174.624172
175.140000
175.717324
176.206803
176.736599
177.300000
178.362585
179.583175
180.766667
182.104127
183.900635
187.211973
190.507302
193.380408
195.474558
197.691429
200.330612
202.469524
206.235873
207.857959
209.145714
210.782177
212.226417
213.508980
215.057551
216.427211
217.918639
219.225918
220.504898
221.814558
223.091973
224.345986
225.536463
226.734014
228.219728
229.395374
230.583946
232.002313
233.347619
234.795510
236.004218
237.299048
238.556463
239.900091
241.193878
242.595964
244.466349
246.707574
250.484444
253.745397
257.694286
