1.430159
5.312698
9.458141
10.142177
10.727075
11.195918
11.768707
12.302449
12.800000
13.498776
14.190612
15.682041
19.635782
23.127755
23.944444
24.582676
25.348934
25.971973
26.420816
26.927075
27.370431
28.176644
29.815283
33.610159
37.286122
37.736190
38.199048
38.691429
39.034286
39.472109
39.920000
40.300000
40.760000
41.415782
42.222449
42.603401
43.420000
44.038776
46.919819
49.964671
52.560000
55.189887
58.042041
61.078821
64.203401
66.906531
68.179683
69.492517
70.573061
71.819909
73.027710
74.250023
75.383311
76.580000
77.791247
79.130567
80.972018
82.176871
83.301905
84.452381
85.641224
86.888980
88.047211
89.220272
90.423810
91.559456
92.766395
93.772834
95.051066
96.338776
97.595964
100.184218
102.420317
104.342449
106.136644
107.874694
109.413968
111.212109
112.620000
114.264082
115.923583
117.669841
119.349660
121.165261
122.632245
125.280408
129.620181
134.012653
138.300136
141.353016
141.941633
142.351429
142.825714
143.239184
143.713878
144.101497
144.545578
144.985170
145.804490
147.900000
147.940000
148.086712
148.539410
149.044717
149.468073
149.959184
150.470930
150.973651
151.588934
152.399048
153.185941
154.564580
155.192336
155.662358
156.180000
156.682177
157.257324
157.726803
158.356599
158.708254
159.602585
160.560000
161.186667
162.324127
163.600635
166.271973
169.387302
172.360000
175.334558
177.991429
181.190612
183.889524
187.135873
188.337959
189.465714
190.682177
191.866417
193.028980
194.177551
195.360000
196.638639
197.785918
198.944898
200.074558
201.191973
202.345986
203.496463
204.774014
206.299728
207.575374
208.703946
209.920000
210.987619
212.255510
213.324218
214.599048
215.796463
217.020091
218.073878
219.435964
220.606349
222.487574
226.264444
234.060000
240.274286
