1.890159
5.312698
9.078141
10.022177
10.687075
11.335918
11.908707
12.462449
13.028163
13.638776
14.630612
17.062041
20.935782
24.527755
25.324444
25.942676
26.648934
27.211973
27.660816
28.227075
29.030431
30.196644
32.075283
36.690159
41.986122
42.796190
43.339048
43.911429
44.434286
44.892109
45.401497
45.888027
46.300000
47.155782
47.940000
48.160000
49.056599
49.440000
52.639274
56.604671
60.337823
63.089887
65.942041
69.498821
73.403401
76.306531
77.719683
80.292517
81.493061
82.619909
83.807710
85.030023
86.203311
87.492245
88.731247
89.950567
91.876054
93.196871
94.341905
95.652381
97.041224
98.328980
99.627211
101.040272
102.323810
103.579456
104.926395
105.992834
107.751066
109.198776
110.515964
114.164218
116.220317
118.122449
119.816644
121.254694
122.553968
124.252109
125.443356
126.944082
128.303583
129.869841
131.529660
132.845261
134.292245
136.560408
140.500181
144.492653
148.060136
150.753016
151.861633
152.451429
153.065714
153.639184
154.180000
154.681497
155.205578
155.805170
157.224490
159.334286
160.823356
161.506712
162.059410
162.604717
163.188073
163.679184
164.230930
164.773651
165.348934
166.179048
168.165941
170.224580
171.432336
172.082358
172.684172
173.162177
173.757324
174.226803
174.816599
175.280000
176.342585
177.643175
178.666667
180.644127
181.500635
184.671973
187.587302
190.680408
193.354558
195.991429
199.510612
201.509524
204.780000
205.977959
207.245714
208.562177
209.846417
211.128980
212.317551
213.707211
215.058639
216.265918
217.504898
218.614558
219.791973
221.005986
222.236463
223.380000
224.859728
226.135374
227.363946
228.642313
229.947619
231.346531
232.724218
234.079048
235.396463
236.720091
238.053878
239.455964
241.006349
242.987574
246.964444
252.865397
257.654286
