3.830159
7.092698
10.298141
11.182177
11.867075
12.435918
13.088707
13.642449
14.228163
14.818776
15.690612
18.202041
21.675782
25.380000
25.904444
26.562676
27.148934
27.751973
28.320816
28.927075
29.510431
30.296644
32.255283
36.270159
39.646122
40.380000
40.979048
41.631429
42.234286
42.852109
43.501497
44.108027
44.714966
45.655782
46.722449
47.083401
48.096599
48.738776
51.299819
54.324671
57.197823
59.889887
62.262041
65.158821
68.363401
72.026531
73.279683
74.572517
75.793061
77.039909
78.387710
79.710023
80.923311
82.292245
83.651247
84.950567
86.712018
88.096871
89.361905
90.692381
92.181224
93.628980
95.027211
96.480272
98.043810
99.579456
101.006395
102.212834
103.671066
105.078776
107.035964
110.184218
111.940317
113.542449
115.016644
116.520000
117.793968
119.552109
120.823356
122.284082
123.643583
125.369841
126.949660
128.365261
129.692245
131.980408
135.420181
139.032653
143.700136
147.553016
148.401633
149.031429
149.705714
150.279184
150.933878
151.541497
152.225578
152.945170
154.264490
156.554286
157.483356
158.406712
159.219410
159.904717
160.548073
161.139184
161.810930
162.453651
163.208934
164.459048
165.805941
167.824580
168.672336
169.462358
170.104172
170.622177
171.237324
171.906803
172.416599
172.928254
173.982585
176.103175
177.526667
179.465397
181.780635
184.751973
187.727302
190.760408
193.400000
196.031429
198.790612
202.009524
204.855873
206.117959
207.285714
208.502177
209.726417
210.888980
212.077551
213.327211
214.698639
215.925918
217.204898
218.434558
219.731973
220.965986
222.200000
223.514014
225.159728
226.495374
227.823946
229.322313
230.587619
232.135510
233.504218
234.939048
236.436463
237.880091
239.293878
240.835964
242.426349
244.887574
247.224444
250.965397
255.174286
