2.070159
5.812698
9.818141
10.502177
11.047075
11.595918
12.168707
12.762449
13.288163
13.878776
14.750612
16.582041
20.300000
24.240000
24.604444
25.362676
25.848934
26.411973
26.980816
27.427075
27.910431
28.596644
30.120000
33.510159
36.886122
37.416190
37.919048
38.431429
38.914286
39.432109
39.901497
40.408027
40.934966
41.675782
42.662449
43.020000
43.960000
44.518776
47.299819
50.284671
52.540000
55.249887
57.082041
59.978821
62.963401
66.126531
67.439683
68.772517
69.953061
71.219909
72.527710
73.810023
75.063311
76.352245
77.631247
78.890567
80.772018
82.056871
83.061905
84.552381
85.881224
87.188980
88.507211
89.840272
91.163810
92.619456
93.846395
95.072834
96.551066
97.998776
99.315964
102.804218
104.880317
106.942449
108.736644
110.554694
112.313968
114.412109
116.103356
117.904082
119.583583
121.409841
123.129660
125.025261
126.472245
128.900408
132.380000
136.212653
139.680136
142.173016
142.721633
143.231429
143.705714
144.199184
144.693878
145.181497
145.685578
146.245170
147.464490
149.660000
150.483356
151.026712
151.499410
152.004717
152.488073
152.999184
153.490930
154.033651
154.548934
155.299048
156.105941
158.584580
159.660000
160.382358
160.844172
161.322177
161.977324
162.546803
163.136599
163.680000
164.702585
166.023175
167.126667
168.344127
169.900635
172.671973
175.547302
177.940000
180.574558
182.751429
184.410612
186.349524
189.535873
190.637959
191.765714
192.922177
194.060000
195.168980
196.297551
197.487211
198.698639
199.845918
200.944898
202.094558
203.231973
204.425986
205.556463
206.760000
208.259728
209.535374
210.723946
212.022313
213.267619
214.595510
215.824218
217.139048
218.476463
219.760091
220.973878
222.435964
223.606349
226.267574
229.524444
232.685397
237.094286
