1.450159
5.892698
10.198141
10.862177
11.427075
11.975918
12.488707
12.982449
13.488163
14.038776
15.030612
16.940000
20.595782
23.867755
24.684444
25.462676
26.228934
26.951973
27.500816
28.007075
28.510431
29.336644
31.155283
34.330159
37.506122
38.076190
38.559048
39.091429
39.554286
40.052109
40.500000
40.968027
41.474966
43.575510
44.802449
45.103401
45.836599
46.478776
48.719819
50.984671
53.157823
55.609887
57.522041
59.838821
61.663401
64.866531
66.079683
67.412517
68.573061
69.799909
71.027710
72.270023
73.383311
74.592245
75.931247
77.210567
79.624036
80.856871
82.001905
83.352381
84.841224
86.228980
87.527211
88.900272
90.363810
91.779456
93.106395
94.292834
96.011066
97.498776
99.055964
102.064218
103.720317
105.402449
107.036644
108.494694
109.913968
111.532109
112.723356
113.944082
115.403583
116.989841
118.429660
119.925261
121.412245
124.280408
128.340181
133.512653
138.260136
140.913016
141.681633
142.131429
142.645714
143.179184
143.633878
144.141497
144.605578
145.185170
146.564490
148.554286
149.383356
149.926712
150.419410
150.924717
151.408073
151.939184
152.410930
152.953651
153.468934
154.359048
155.245941
157.204580
158.412336
159.062358
159.864172
159.962177
160.697324
161.126803
161.736599
162.040000
162.940000
163.683175
164.326667
165.324127
166.680635
169.291973
171.827302
174.220408
176.254558
178.371429
181.070612
183.069524
186.095873
187.377959
188.445714
189.680000
190.866417
192.008980
193.237551
194.287211
195.598639
196.685918
197.924898
199.034558
200.160000
201.325986
202.456463
203.674014
205.759728
207.035374
208.223946
209.582313
210.967619
212.515510
213.824218
215.199048
216.576463
218.040091
219.493878
221.175964
222.126349
223.987574
227.764444
232.545397
237.414286
