1.370159
4.972698
7.980000
8.602177
9.167075
9.595918
10.128707
10.702449
11.128163
11.638776
12.610612
15.922041
19.755782
24.120000
24.484444
25.002676
25.548934
26.031973
26.620816
27.507075
28.390431
29.336644
31.255283
34.850159
38.686122
39.200000
39.619048
40.151429
40.594286
41.072109
41.581497
42.068027
42.554966
43.135782
44.082449
44.463401
45.536599
46.178776
48.799819
52.284671
54.517823
57.429887
59.962041
62.798821
66.163401
69.726531
71.059683
72.392517
73.653061
74.999909
76.307710
77.690023
78.903311
80.272245
81.731247
82.870567
85.192018
86.736871
88.061905
89.432381
90.884898
92.248980
93.527211
94.920544
96.303810
97.619456
98.986395
100.072834
101.731066
103.678776
105.135964
108.664218
110.740317
112.702449
114.796644
116.614694
118.393968
120.632109
122.423356
124.204082
126.003583
127.909841
129.689660
131.505261
133.080000
135.620000
139.360181
143.912653
148.740136
151.833016
152.641633
153.151429
153.645714
154.160000
154.733878
155.201497
155.605578
156.145170
157.064490
158.614286
160.023356
160.606712
161.039410
161.564717
161.988073
162.519184
162.970930
163.493651
163.928934
164.740000
165.345941
167.464580
168.472336
169.060000
169.580000
169.882177
170.477324
170.926803
171.456599
171.728254
172.542585
173.563175
174.026667
174.884127
176.100635
178.851973
181.567302
183.840000
186.734558
189.171429
191.430612
193.929524
197.095873
198.277959
199.465714
200.720000
201.926417
203.168980
204.337551
205.667211
207.038639
208.325918
209.604898
210.894558
212.171973
213.485986
214.796463
216.174014
217.959728
219.455374
220.783946
222.182313
223.507619
225.035510
226.304218
227.719048
229.096463
230.500091
231.933878
233.375964
234.926349
237.207574
240.864444
245.485397
250.974286
