3.110159
7.352698
10.998141
11.760000
12.327075
12.875918
13.348707
13.882449
14.348163
14.980000
15.630612
18.522041
22.360000
27.267755
27.740000
28.240000
28.768934
29.280000
29.660816
30.487075
31.250431
32.196644
34.075283
38.350159
42.626122
43.120000
43.639048
44.211429
44.594286
45.112109
45.621497
46.108027
46.974966
48.424082
49.562449
49.943401
50.796599
51.398776
53.959819
56.664671
58.600000
61.489887
63.842041
66.378821
69.023401
72.046531
73.459683
76.072517
77.333061
78.439909
79.607710
80.830023
81.943311
83.072245
84.331247
85.550567
87.512018
88.756871
90.021905
91.292381
92.661224
93.988980
95.327211
96.720272
98.163810
99.539456
100.886395
101.912834
103.151066
104.518776
106.235964
109.304218
112.120317
113.822449
115.336644
117.074694
118.553968
120.372109
121.523356
123.124082
124.823583
126.509841
128.109660
129.540000
130.752245
133.280408
137.320181
141.772653
145.520136
148.433016
149.381633
149.851429
150.345714
150.899184
151.413878
151.781497
152.245578
152.845170
153.664490
155.160000
156.223356
156.866712
157.279410
157.864717
158.368073
158.879184
159.390930
159.933651
160.448934
161.080000
161.745941
163.124580
163.952336
164.562358
165.004172
165.482177
166.057324
166.566803
167.036599
167.408254
168.222585
169.023175
169.406667
170.364127
171.620635
173.911973
176.647302
179.300000
181.754558
184.351429
186.650612
189.689524
192.700000
193.937959
195.085714
196.262177
197.366417
198.488980
199.457551
200.627211
201.758639
202.785918
203.904898
204.934558
205.951973
206.985986
208.016463
209.054014
210.539728
211.895374
213.103946
214.562313
215.947619
217.375510
218.724218
220.079048
221.496463
222.820091
224.253878
225.595964
226.626349
228.587574
232.404444
236.545397
242.474286
