1.450159
5.112698
8.238141
8.962177
9.487075
10.055918
10.548707
11.122449
11.580000
12.178776
12.890612
15.042041
18.755782
21.947755
22.764444
23.342676
23.928934
24.391973
24.960816
25.847075
26.610431
27.556644
29.475283
32.710159
36.586122
37.256190
37.699048
38.111429
38.614286
39.152109
39.901497
40.908027
41.854966
42.775782
43.802449
44.183401
45.236599
45.758776
48.319819
51.724671
53.977823
55.949887
57.922041
60.498821
63.403401
67.986531
69.239683
70.552517
71.633061
72.839909
74.000000
75.170023
76.203311
77.472245
78.631247
79.670567
81.272018
82.416871
83.441905
84.672381
85.881224
87.028980
88.207211
89.420272
90.603810
91.779456
92.966395
93.972834
95.631066
97.538776
98.955964
101.824218
103.420317
105.162449
106.616644
108.074694
109.433968
111.252109
112.783356
114.060000
115.463583
117.089841
118.629660
120.065261
121.292245
123.280408
126.700181
130.212653
133.960136
136.613016
137.781633
138.211429
138.665714
139.079184
139.593878
139.961497
140.425578
141.065170
142.524490
144.414286
145.483356
146.126712
146.619410
147.044717
147.460000
147.939184
148.360000
148.893651
149.388934
150.579048
151.565941
153.424580
154.152336
155.002358
155.424172
155.942177
156.477324
156.946803
157.456599
157.960000
158.942585
160.663175
161.726667
163.000635
164.520635
167.711973
170.667302
173.240000
175.614558
177.620000
180.330612
181.949524
184.755873
186.157959
187.405714
188.642177
189.866417
191.008980
192.197551
193.407211
194.738639
195.985918
197.324898
198.574558
199.911973
201.105986
202.356463
203.614014
204.979728
206.055374
207.183946
208.462313
209.667619
210.815510
212.084218
213.339048
214.576463
215.760091
216.953878
218.315964
219.346349
221.667574
225.444444
228.445397
233.174286
