1.410159
5.972698
11.118141
11.962177
12.487075
12.875918
13.500000
13.962449
14.440000
15.038776
15.890612
18.302041
23.575782
27.327755
28.144444
28.922676
29.708934
30.380000
30.820816
31.287075
32.050431
32.856644
34.555283
39.570159
44.226122
44.900000
45.199048
45.811429
46.194286
46.692109
47.101497
47.588027
48.054966
49.687347
51.302449
51.683401
53.376599
54.038776
57.759819
61.584671
63.977823
66.249887
69.582041
73.378821
77.463401
80.906531
82.139683
83.292517
84.373061
85.479909
86.707710
87.870023
88.943311
90.132245
91.371247
92.590567
94.792018
96.341224
97.721905
99.132381
100.607347
102.137959
103.728844
105.300272
106.883810
108.499456
110.046395
111.352834
113.211066
114.718776
116.355964
119.784218
121.740317
123.422449
124.936644
126.414694
127.793968
129.652109
130.863356
132.664082
133.723583
135.349841
136.900000
138.445261
139.732245
142.400408
146.780181
151.412653
155.440136
158.153016
158.921633
159.351429
159.905714
160.379184
160.833878
161.281497
161.765578
162.305170
163.804490
165.154286
166.203356
166.826712
167.319410
167.784717
168.248073
168.719184
169.150930
169.693651
170.208934
171.379048
172.185941
174.440000
175.580000
176.202358
176.804172
177.322177
177.917324
178.366803
178.896599
179.260000
180.382585
181.663175
182.686667
184.464127
186.220635
189.351973
193.047302
195.320000
197.254558
200.011429
202.600000
204.889524
207.715873
208.757959
209.745714
210.842177
211.966417
213.028980
214.097551
215.267211
216.558639
217.605918
218.780000
219.854558
220.991973
222.085986
223.236463
224.514014
226.499728
228.101497
229.403946
231.002313
232.367619
234.075510
235.564218
237.156190
238.756463
240.420091
241.953878
243.475964
245.706349
248.307574
252.084444
257.705397
262.694286
