1.130159
4.872698
10.258141
11.222177
11.967075
12.735918
13.528707
14.282449
15.068163
15.858776
16.910612
19.102041
23.175782
28.487755
29.304444
30.102676
30.888934
31.651973
32.420816
33.187075
33.970431
34.936644
36.855283
40.790159
45.706122
46.576190
47.399048
48.211429
49.054286
49.872109
50.721497
51.548027
52.514966
53.455782
54.542449
54.923401
56.016599
56.678776
59.959819
63.824671
67.397823
71.109887
74.182041
77.718821
81.363401
84.706531
86.139683
87.572517
88.953061
90.279909
91.687710
93.090023
94.463311
95.852245
97.271247
98.730567
100.692018
101.936871
103.101905
104.452381
105.861224
107.108980
108.407211
109.720272
111.063810
112.378912
113.666395
114.692834
116.291066
117.738776
119.015964
121.844218
124.220317
126.382449
128.496644
130.354694
132.153968
134.292109
136.283356
138.204082
140.063583
142.149841
143.869660
145.785261
147.272245
149.980408
153.840181
158.192653
161.840136
164.553016
165.421633
166.251429
167.025714
167.819184
168.573878
169.381497
170.185578
171.185170
172.948980
175.734286
177.543356
178.326712
179.159410
179.864717
180.648073
181.379184
182.150930
182.873651
183.688934
184.539048
185.365941
188.264580
189.512336
190.402358
191.224172
192.042177
192.817324
193.626803
194.456599
195.268254
196.342585
197.543175
198.586667
199.724127
201.140635
204.691973
209.087302
213.000408
216.774558
219.871429
223.590612
227.349524
231.355873
232.715918
233.965714
235.222177
236.466417
237.708980
238.937551
240.307211
241.698639
243.085918
244.444898
245.834558
247.151973
248.525986
249.876463
251.294014
252.979728
254.275374
255.483946
256.882313
258.247619
259.615510
260.924218
262.259048
263.596463
264.900091
266.213878
267.575964
268.626349
270.507574
274.384444
279.005397
283.814286
