1.730159
5.732698
9.978141
10.902177
11.627075
12.315918
13.048707
13.762449
14.428163
15.198776
16.210612
18.622041
22.835782
27.827755
28.504444
29.222676
29.888934
30.571973
31.260816
31.947075
32.650431
33.536644
36.915283
41.690159
47.506122
48.296190
48.999048
49.651429
50.354286
51.032109
51.721497
52.388027
53.234966
54.566122
55.602449
55.983401
57.016599
57.658776
60.579819
64.324671
67.637823
70.629887
73.262041
76.558821
79.763401
83.566531
84.940000
86.292517
87.353061
88.559909
89.807710
91.030023
92.203311
93.372245
94.671247
95.950567
97.812018
99.036871
100.141905
101.332381
102.541224
103.788980
104.927211
106.240272
107.483810
108.779456
110.006395
110.712834
112.091066
113.458776
114.495964
117.544218
119.860317
121.802449
123.856644
125.594694
127.253968
128.832109
130.423356
131.844082
133.263583
134.589841
136.089660
137.345261
138.612245
141.040408
145.400181
150.092653
154.520136
158.393016
159.581633
160.251429
160.985714
161.659184
162.373878
162.981497
163.685578
164.465170
165.844490
168.034286
169.803356
170.546712
171.239410
171.904717
172.588073
173.239184
173.970930
174.653651
175.488934
176.519048
177.445941
180.024580
181.152336
181.702358
182.584172
183.202177
183.917324
184.646803
185.356599
185.908254
187.022585
188.203175
189.506667
191.144127
193.282540
196.951973
201.147302
204.540408
207.474558
210.191429
213.290612
216.409524
219.235873
220.497959
221.685714
222.942177
224.166417
225.368980
226.557551
227.907211
229.098639
230.220000
231.444898
232.634558
233.791973
235.145986
236.416463
237.714014
239.519728
240.775374
241.843946
243.122313
244.207619
245.475510
246.644218
247.839048
249.076463
250.300091
251.480000
252.755964
253.846349
255.667574
259.284444
263.725397
267.414286
