0.710159
5.072698
9.318141
10.182177
10.687075
11.195918
11.708707
12.162449
12.608163
13.158776
13.730612
17.442041
22.175782
26.920000
27.124444
27.842676
28.260000
28.720000
29.220816
30.507075
31.270431
32.216644
34.175283
39.030159
43.946122
44.616190
45.019048
45.531429
45.914286
46.360000
46.740000
47.188027
47.574966
48.255782
49.102449
49.503401
50.456599
51.078776
53.159819
55.784671
57.680000
60.009887
62.202041
64.520000
67.000000
71.226531
72.799683
74.112517
75.313061
76.599909
77.827710
79.110023
80.243311
81.500000
82.671247
83.970567
85.892018
87.196871
88.561905
89.932381
91.381224
92.728980
94.027211
95.400272
96.803810
98.139456
99.486395
100.632834
102.131066
103.838776
105.075964
108.260000
109.780317
111.422449
112.616644
114.274694
115.653968
117.372109
118.903356
120.400000
121.863583
123.629841
124.969660
126.545261
127.872245
130.240408
134.240181
138.092653
142.080136
144.753016
145.541633
146.031429
146.525714
147.060000
147.373878
147.761497
148.165578
148.605170
149.284490
151.054286
152.043356
152.586712
153.079410
153.564717
154.000000
154.439184
154.930930
155.373651
155.828934
156.659048
157.465941
159.264580
160.112336
160.822358
161.304172
161.922177
162.277324
162.846803
163.216599
163.720000
164.582585
165.763175
166.786667
168.304127
169.920635
172.271973
174.827302
176.920000
179.054558
181.691429
184.150612
185.809524
188.755873
189.957959
191.085714
192.242177
193.440000
194.548980
195.697551
196.887211
198.178639
199.305918
200.440000
201.534558
202.631973
203.660000
204.676463
205.834014
207.379728
208.655374
209.903946
211.282313
212.767619
214.255510
215.524218
216.819048
218.196463
219.540091
220.893878
222.535964
224.046349
226.287574
230.064444
232.565397
238.194286
