0.420000
3.092698
6.678141
7.402177
7.947075
8.495918
9.068707
9.602449
10.128163
10.698776
11.370612
12.900000
15.655782
20.080000
20.404444
20.982676
21.508934
22.071973
22.620816
23.147075
23.690431
24.296644
25.495283
28.490159
31.706122
32.356190
32.839048
33.371429
33.874286
34.412109
34.920000
35.380000
36.034966
36.615782
37.362449
37.540000
38.396599
38.798776
41.179819
44.180000
45.880000
48.509887
51.242041
53.838821
57.263401
60.766531
62.179683
63.472517
64.673061
65.899909
67.167710
68.430023
69.603311
70.932245
72.291247
73.590567
75.492018
76.716871
77.781905
79.172381
80.561224
81.888980
83.347211
84.760272
86.183810
87.579456
88.886395
90.012834
91.511066
92.918776
94.155964
97.744218
99.480317
101.182449
102.756644
104.134694
105.673968
107.392109
108.480000
109.964082
111.323583
112.849841
114.189660
115.705261
116.992245
119.600408
123.360181
127.992653
132.680136
135.213016
135.941633
136.431429
136.945714
137.459184
137.953878
138.420000
138.905578
139.405170
140.404490
142.060000
143.263356
143.806712
144.339410
144.824717
145.328073
145.819184
146.290930
146.833651
147.308934
147.759048
148.565941
150.320000
151.112336
151.722358
152.140000
152.722177
153.237324
153.826803
154.256599
154.748254
155.600000
156.423175
157.126667
158.144127
159.300635
161.560000
164.547302
166.560000
169.034558
171.260000
173.020000
175.029524
178.955873
180.277959
181.485714
182.762177
183.986417
185.188980
186.377551
187.607211
188.918639
190.045918
191.284898
192.434558
193.540000
194.685986
195.836463
196.994014
198.399728
199.635374
200.823946
202.222313
203.587619
204.975510
206.364218
207.759048
209.136463
210.500091
211.833878
213.215964
214.626349
217.407574
221.444444
225.965397
230.654286
