0.570159
4.512698
8.580000
9.262177
9.887075
10.495918
11.108707
11.702449
12.308163
12.958776
13.910612
18.242041
22.460000
26.380000
26.944444
27.562676
28.148934
28.751973
29.280816
29.847075
31.450431
32.476644
35.595283
40.310159
44.046122
44.776190
45.379048
45.991429
46.554286
47.152109
47.721497
48.288027
48.974966
49.895782
50.882449
51.263401
52.516599
53.218776
56.339819
59.964671
62.777823
65.789887
68.142041
71.378821
75.063401
79.326531
80.859683
82.252517
83.513061
84.859909
86.187710
87.490023
88.703311
89.952245
91.251247
92.570567
94.312018
95.716871
96.861905
98.272381
99.761224
101.268980
102.667211
104.221361
105.803810
107.139456
108.566395
109.652834
111.271066
112.658776
114.115964
117.064218
118.520317
120.260000
121.716644
123.140000
124.373968
126.152109
127.203356
128.760000
130.023583
131.749841
133.289660
135.105261
136.692245
138.900408
142.100181
145.392653
148.860136
151.373016
152.141633
152.731429
153.305714
153.879184
154.473878
155.001497
155.625578
156.445170
157.784490
159.814286
160.763356
161.486712
162.099410
162.704717
163.248073
163.839184
164.390930
165.033651
165.788934
166.850476
168.325941
170.904580
172.112336
172.760000
173.344172
173.982177
174.577324
175.206803
175.856599
176.508254
177.722585
179.323175
180.346667
182.804127
184.974603
188.800000
192.547302
195.660408
198.494558
200.851429
203.970612
207.209524
210.015873
211.337959
212.585714
213.902177
215.246417
216.488980
217.757551
219.067211
220.438639
221.625918
222.924898
224.034558
225.240000
226.425986
227.596463
229.054014
231.419728
232.975374
234.243946
235.622313
237.087619
238.695510
240.004218
241.579048
243.076463
244.480091
245.873878
247.415964
248.851746
251.187574
253.904444
256.745397
263.974286
