0.550159
4.172698
7.600000
8.542177
9.047075
9.655918
10.188707
10.782449
11.160000
11.918776
12.801633
15.282041
19.060000
22.740000
23.124444
23.662676
24.068934
24.651973
25.120816
25.607075
26.110431
26.996644
28.875283
33.250159
37.186122
37.976190
38.439048
39.031429
39.394286
39.932109
40.360000
40.848027
41.434966
43.235782
44.242449
44.603401
45.636599
46.358776
48.679819
51.244671
53.120000
54.629887
56.642041
58.938821
61.823401
65.166531
66.459683
67.752517
68.953061
70.219909
71.467710
72.730023
73.963311
75.212245
76.451247
77.650567
79.352018
80.636871
81.961905
83.292381
84.761224
86.108980
87.547211
88.960272
90.423810
91.759456
93.066395
94.152834
95.851066
97.358776
98.715964
102.144218
104.240317
106.062449
107.796644
109.334694
110.773968
112.672109
114.383356
115.184082
116.800000
118.329841
119.809660
121.405261
122.560000
124.960408
128.980181
133.152653
137.160136
140.153016
140.921633
141.391429
141.965714
142.399184
142.913878
143.341497
143.905578
144.465170
145.644490
147.874286
148.883356
149.486712
150.039410
150.484717
150.928073
151.439184
151.890930
152.433651
152.968934
154.359048
155.305941
157.524580
158.632336
159.322358
159.804172
160.402177
160.937324
161.546803
162.096599
162.648254
163.762585
165.103175
166.346667
167.724127
169.180635
171.660000
174.167302
176.240000
177.854558
180.031429
182.450612
184.160000
186.135873
187.777959
188.945714
190.182177
191.426417
192.668980
193.857551
195.207211
196.538639
197.645918
198.960000
200.034558
201.271973
202.445986
203.556463
204.734014
206.279728
207.555374
208.883946
210.282313
211.647619
213.115510
214.424218
215.799048
217.256463
218.600091
219.933878
221.295964
222.226349
224.087574
227.764444
231.345397
237.214286
