0.350159
4.432698
9.058141
9.902177
10.347075
10.955918
11.540000
12.122449
12.660000
13.278776
13.930612
15.802041
20.255782
25.187755
25.944444
26.562676
27.128934
27.671973
28.240000
28.747075
29.370431
30.016644
31.815283
35.930159
40.446122
41.000000
41.579048
42.131429
42.654286
43.180000
43.721497
44.228027
44.754966
45.395782
46.422449
46.803401
47.716599
48.358776
51.759819
55.424671
58.937823
62.569887
65.942041
69.658821
73.663401
76.606531
77.879683
79.172517
80.373061
81.619909
82.867710
84.150023
85.443311
86.752245
88.071247
89.470567
91.272018
92.496871
93.621905
94.872381
96.161224
97.328980
98.547211
99.720272
100.963810
102.179456
103.366395
104.372834
105.891066
107.318776
108.555964
111.204218
113.180317
115.262449
117.056644
118.814694
120.533968
122.472109
124.043356
125.824082
127.543583
129.369841
130.929660
132.785261
134.332245
136.920408
140.780181
145.172653
150.060136
152.773016
153.421633
153.931429
154.445714
154.959184
155.453878
155.941497
156.445578
156.985170
158.544490
160.954286
162.343356
162.886712
163.439410
163.964717
164.448073
164.979184
165.490930
165.993651
166.528934
167.359048
168.165941
171.004580
171.992336
172.622358
173.180000
173.782177
174.357324
175.006803
175.556599
176.088254
177.082585
178.043175
178.886667
180.024127
181.400635
185.091973
189.467302
193.120408
196.494558
199.551429
203.270612
206.909524
210.175873
211.337959
212.485714
213.682177
214.846417
216.008980
217.157551
218.347211
219.678639
220.865918
222.084898
223.334558
224.611973
225.885986
227.176463
228.594014
230.060000
231.195374
232.363946
233.602313
234.767619
236.015510
237.144218
238.299048
239.516463
240.700000
241.960000
243.175964
244.206349
245.867574
249.624444
254.625397
259.654286
