1.970476
6.852698
10.780000
11.442177
11.907075
12.395918
12.828707
13.322449
13.748163
14.200000
14.986122
18.382041
23.155782
28.127755
28.904444
29.662676
30.548934
31.271973
31.940816
32.467075
33.230431
33.776644
35.575283
39.910159
44.026122
44.536190
44.959048
45.340000
45.774286
46.212109
46.581497
46.948027
47.334966
48.055782
48.762449
49.060000
49.680000
50.178776
52.739819
55.944671
57.840000
59.729887
61.460000
63.918821
66.603401
69.706531
71.259683
72.540000
73.613061
74.779909
75.947710
77.110023
78.143311
79.272245
80.471247
81.750567
83.592018
84.756871
85.881905
87.152381
88.541224
89.868980
91.247211
92.620272
94.083810
95.499456
96.986395
98.032834
99.291066
100.818776
104.015964
106.724218
108.600317
110.062449
111.656644
113.074694
114.473968
116.192109
117.703356
119.164082
120.363583
121.849841
123.629660
125.005261
126.472245
128.660408
132.540181
136.132653
138.420136
140.693016
141.361633
141.811429
142.225714
142.639184
143.073878
143.481497
143.865578
144.280000
145.304490
147.454286
148.543356
149.246712
149.559410
150.084717
150.488073
150.939184
151.390930
151.893651
152.288934
153.119048
154.245941
156.964580
158.232336
158.862358
159.260000
159.702177
160.217324
160.646803
161.116599
161.508254
162.202585
163.303175
164.326667
165.484127
166.900635
169.791973
172.747302
174.840000
176.754558
178.231429
180.630612
182.849524
184.795873
186.117959
187.385714
188.762177
190.026417
191.348980
192.597551
193.787211
195.080000
196.265918
197.424898
198.534558
199.711973
200.885986
202.036463
203.334014
204.900000
206.095374
207.263946
208.582313
209.867619
211.275510
212.624218
214.019048
215.456463
216.880091
218.313878
220.055964
221.266349
223.967574
227.804444
232.725397
237.514286
