0.650159
4.332698
9.618141
10.562177
11.287075
12.035918
12.808707
13.562449
14.328163
15.098776
16.130612
18.282041
22.255782
27.467755
28.284444
29.062676
29.828934
30.571973
31.320816
32.087075
32.850431
33.796644
35.675283
39.530159
44.346122
45.196190
46.019048
46.811429
47.634286
48.432109
49.261497
50.068027
51.014966
51.935782
53.002449
53.383401
54.456599
55.098776
58.319819
62.104671
65.597823
69.249887
72.262041
75.718821
79.303401
82.566531
83.979683
85.372517
86.733061
88.039909
89.407710
90.790023
92.143311
93.492245
94.891247
96.310567
98.232018
99.456871
100.601905
101.912381
103.301224
104.528980
105.787211
107.080272
108.403810
109.679456
110.946395
111.952834
113.531066
114.938776
116.175964
118.944218
121.300317
123.402449
125.476644
127.294694
129.053968
131.152109
133.103356
135.004082
136.823583
138.869841
140.549660
142.425261
143.892245
146.540408
150.320181
154.592653
158.180136
160.833016
161.681633
162.491429
163.245714
164.039184
164.773878
165.581497
166.345578
167.325170
169.064490
171.794286
173.563356
174.326712
175.139410
175.844717
176.608073
177.319184
178.070930
178.793651
179.588934
180.419048
181.225941
184.064580
185.292336
186.162358
186.964172
187.762177
188.537324
189.326803
190.136599
190.928254
191.982585
193.163175
194.186667
195.304127
196.680635
200.171973
204.467302
208.300408
211.994558
215.051429
218.690612
222.369524
226.295873
227.617959
228.845714
230.082177
231.306417
232.528980
233.717551
235.067211
236.438639
237.785918
239.124898
240.474558
241.771973
243.125986
244.436463
245.834014
247.479728
248.755374
249.943946
251.302313
252.647619
253.975510
255.264218
256.579048
257.876463
259.160091
260.453878
261.775964
262.806349
264.667574
268.444444
272.985397
277.714286
