1.270159
4.692698
8.658141
9.442177
9.907075
10.535918
11.008707
11.582449
12.168163
12.778776
13.450612
15.762041
19.615782
24.000000
24.324444
24.982676
25.468934
26.060000
26.500816
27.587075
28.350431
29.296644
31.155283
34.470159
38.406122
38.996190
39.499048
40.051429
40.554286
41.112109
41.621497
42.188027
42.754966
43.775782
44.562449
44.943401
45.976599
46.618776
49.199819
52.704671
53.777823
56.669887
59.242041
62.038821
65.523401
68.986531
70.399683
73.092517
74.293061
75.559909
76.747710
78.070023
79.243311
80.492245
81.731247
83.150567
85.252018
86.576871
87.721905
89.032381
90.421224
91.748980
93.107211
94.500272
95.903810
97.239456
98.606395
99.652834
101.331066
102.738776
104.295964
109.904218
112.420317
114.782449
117.296644
119.554694
121.853968
123.932109
125.723356
127.664082
129.523583
131.549841
133.149660
134.945261
136.372245
139.160408
143.400181
148.212653
152.620136
155.873016
156.721633
157.211429
157.725714
158.439184
158.833878
159.341497
159.785578
160.525170
161.964490
164.514286
165.723356
166.386712
166.879410
167.384717
167.948073
168.399184
168.970930
169.453651
170.028934
171.499048
172.305941
174.824580
175.372336
176.022358
176.604172
177.062177
177.577324
178.066803
178.636599
179.308254
180.182585
181.363175
181.986667
183.104127
184.480635
186.771973
189.427302
191.060408
193.414558
196.431429
199.570612
201.349524
203.535873
204.737959
205.905714
207.122177
208.346417
209.568980
210.717551
211.967211
213.278639
214.465918
215.760000
216.894558
218.071973
219.265986
220.436463
221.774014
223.419728
224.695374
225.883946
227.242313
228.487619
229.935510
231.224218
232.639048
233.996463
235.340091
236.640000
238.255964
239.526349
242.667574
246.704444
253.285397
258.014286
