0.990159
4.060000
7.138141
7.882177
8.407075
8.935918
9.488707
10.000000
10.528163
11.158776
11.850612
13.260000
16.635782
20.187755
20.624444
21.182676
21.668934
22.120000
22.600816
23.107075
23.630431
24.216644
25.115283
28.670159
32.386122
32.920000
33.379048
33.860000
34.354286
34.812109
35.301497
35.808027
36.214966
36.695782
37.322449
37.703401
38.500000
38.798776
40.939819
43.724671
46.277823
48.849887
51.600000
53.958821
57.403401
61.086531
62.259683
63.392517
64.413061
65.499909
66.627710
67.730023
68.763311
69.852245
70.971247
72.250567
73.932018
75.156871
76.301905
77.472381
78.761224
80.028980
81.247211
82.560272
83.883810
85.099456
86.326395
87.312834
88.771066
90.158776
91.555964
94.324218
96.220317
97.942449
99.796644
101.494694
103.093968
104.752109
106.203356
107.784082
109.303583
110.869841
112.269660
113.785261
115.092245
117.560408
121.200181
125.892653
129.680136
132.333016
132.981633
133.471429
133.965714
134.520000
134.933878
135.361497
135.845578
136.385170
137.024490
138.114286
138.723356
139.346712
139.820000
140.304717
140.748073
141.279184
141.690930
142.233651
142.668934
143.459048
144.265941
145.984580
146.832336
147.482358
147.880000
148.362177
148.937324
149.446803
149.876599
150.388254
151.042585
151.883175
152.426667
153.544127
154.680635
156.720000
159.087302
161.880408
164.574558
166.720000
169.130612
171.320000
173.735873
174.917959
175.945714
177.062177
178.106417
179.148980
180.197551
181.227211
182.420000
183.505918
184.644898
185.754558
186.851973
187.965986
189.076463
190.214014
191.499728
192.695374
193.783946
195.122313
196.180000
197.375510
198.584218
199.859048
201.096463
202.320091
203.533878
204.815964
206.186349
208.527574
212.304444
217.665397
222.294286
