0.550159
4.692698
8.758141
9.362177
9.887075
10.475918
10.968707
11.522449
12.008163
12.558776
13.270612
15.102041
18.915782
23.027755
23.324444
23.842676
24.348934
24.851973
25.300816
25.787075
26.310431
27.016644
29.095283
32.930159
36.566122
37.056190
37.519048
38.031429
38.494286
39.012109
39.521497
39.968027
40.454966
41.195782
41.822449
42.163401
42.960000
43.418776
46.239819
49.544671
52.337823
55.229887
57.422041
60.338821
63.323401
66.146531
67.359683
68.532517
69.573061
70.659909
71.807710
72.910023
73.923311
75.092245
76.151247
77.210567
79.052018
80.256871
81.401905
82.632381
83.981224
85.208980
86.467211
87.700272
89.043810
90.319456
91.606395
92.612834
94.011066
95.278776
96.695964
100.020000
101.940317
103.702449
105.296644
106.814694
108.213968
109.632109
111.123356
112.384082
113.723583
115.049841
116.369660
117.845261
119.152245
121.620408
125.700181
129.792653
133.220136
135.733016
136.261633
136.751429
137.265714
137.759184
138.273878
138.761497
139.245578
139.945170
141.744490
144.080000
145.483356
146.046712
146.519410
147.024717
147.480000
147.959184
148.450930
148.920000
149.368934
150.339048
151.245941
153.824580
155.052336
155.582358
156.024172
156.522177
157.097324
157.666803
158.096599
158.500000
159.282585
160.343175
161.306667
162.384127
163.680635
166.051973
168.887302
171.640408
174.454558
176.531429
179.590612
182.949524
184.655873
185.737959
186.785714
187.882177
188.946417
190.000000
190.997551
192.087211
193.218639
194.285918
195.400000
196.380000
197.451973
198.580000
199.696463
200.834014
202.699728
203.895374
205.083946
206.442313
207.787619
209.195510
210.464218
211.739048
213.056463
214.340091
215.653878
217.075964
218.306349
220.527574
223.864444
228.825397
233.514286
