0.900952
4.892698
9.458141
10.202177
10.767075
11.415918
12.068707
12.682449
13.288163
14.038776
15.010612
17.662041
22.035782
26.480000
26.924444
27.602676
28.268934
28.891973
29.540816
30.207075
30.870431
31.796644
34.695283
38.810159
43.446122
44.160000
44.779048
45.391429
46.054286
46.632109
47.261497
47.908027
48.574966
49.415782
50.362449
50.743401
51.736599
52.378776
55.639819
59.124671
62.497823
65.789887
68.722041
72.418821
76.183401
79.906531
81.119683
82.332517
83.433061
84.539909
85.740000
86.950023
88.103311
89.332245
90.531247
91.750567
93.532018
94.836871
96.121905
97.392381
98.741224
99.928980
101.107211
102.360272
103.523810
104.799456
106.006395
107.092834
108.431066
109.598776
111.035964
114.284218
115.960317
117.522449
118.856644
120.474694
121.913968
123.400000
124.903356
126.420000
127.703583
129.329841
130.669660
132.205261
133.552245
135.700408
139.180181
143.292653
147.580136
150.786032
151.681633
152.291429
152.925714
153.579184
154.233878
154.801497
155.445578
156.085170
157.364490
159.534286
160.663356
161.306712
161.959410
162.544717
163.128073
163.759184
164.370930
165.033651
165.648934
166.539048
167.345941
169.864580
171.092336
171.722358
172.344172
172.902177
173.537324
174.126803
174.756599
175.368254
176.162585
177.343175
178.286667
179.524127
181.060635
184.191973
187.407302
191.100408
194.554558
197.651429
201.430612
204.829524
208.515873
209.837959
210.945714
212.080000
213.166417
214.248980
215.377551
216.407211
217.518639
218.685918
219.804898
220.914558
222.031973
222.825986
224.236463
225.460000
226.819728
228.195374
229.423946
230.682313
232.007619
233.355510
234.564218
235.839048
237.076463
238.420091
239.673878
240.915964
242.126349
243.847574
247.804444
254.165397
259.360000
