1.510159
5.532698
9.538141
10.242177
10.747075
11.255918
11.708707
12.242449
12.620000
13.158776
13.890612
15.142041
19.355782
22.907755
23.484444
24.122676
24.888934
25.491973
26.140816
26.467075
27.170431
27.616644
29.315283
32.910159
36.360000
36.776190
37.499048
38.291429
38.894286
39.292109
39.801497
40.060000
40.640000
41.375782
42.242449
42.383401
43.240000
43.638776
45.999819
48.264671
49.820000
52.440000
54.662041
57.418821
60.763401
64.086531
65.539683
67.072517
68.453061
69.939909
71.387710
72.830023
74.263311
75.712245
77.271247
78.830567
80.792018
82.016871
83.201905
84.612381
85.961224
87.308980
88.587211
89.880272
91.203810
92.419456
93.586395
94.572834
95.991066
97.378776
98.855964
102.024218
104.020317
106.022449
107.953288
109.434694
110.973968
113.012109
114.443356
116.104082
117.823583
119.589841
121.109660
122.865261
124.172245
126.400408
129.620181
133.392653
137.360136
140.013016
140.741633
141.151429
141.545714
142.019184
142.453878
142.861497
143.305578
143.885170
144.804490
146.774286
147.243356
147.786712
148.319410
148.764717
149.248073
149.759184
150.310930
150.813651
151.588934
152.439048
153.245941
154.964580
155.992336
156.522358
156.984172
157.482177
158.060000
158.486803
158.936599
159.340000
160.262585
161.263175
162.266667
163.264127
164.340635
167.040000
169.827302
172.140000
173.934558
175.831429
177.740000
179.709524
181.755873
183.037959
184.305714
185.622177
186.906417
188.208980
189.457551
190.747211
192.138639
193.405918
194.740000
195.994558
197.271973
198.665986
199.976463
201.474014
203.139728
204.355374
205.583946
206.902313
208.067619
209.515510
210.744218
212.079048
213.296463
214.560091
215.760000
217.275964
218.626349
220.747574
224.744444
229.585397
234.194286
