0.810159
4.792698
8.660000
9.322177
9.867075
10.395918
10.908707
11.442449
11.920000
12.558776
13.210612
16.722041
20.935782
25.507755
25.840000
26.502676
27.048934
27.471973
27.940816
28.407075
28.910431
29.556644
33.275283
36.850159
40.726122
41.336190
41.799048
42.251429
42.714286
43.172109
43.641497
44.088027
44.774966
46.324082
47.462449
47.763401
48.736599
49.378776
51.839819
54.304671
56.817823
58.709887
61.122041
63.460000
65.923401
69.826531
71.239683
72.592517
73.833061
75.239909
76.647710
78.070023
79.283311
80.592245
81.931247
83.350567
85.532018
86.836871
87.861905
89.432381
90.761224
92.168980
93.487211
94.780272
96.183810
97.539456
98.806395
99.952834
101.531066
102.918776
104.375964
108.344218
110.440317
112.182449
113.976644
115.754694
117.353968
119.252109
121.003356
122.844082
124.503583
126.529841
128.149660
129.945261
131.372245
133.800000
137.600181
141.452653
145.520136
148.873016
149.601633
150.031429
150.500000
150.979184
151.553878
151.901497
152.365578
152.845170
154.044490
155.514286
156.823356
157.306712
157.839410
158.304717
158.868073
159.299184
159.890930
160.433651
161.108934
162.099048
162.905941
164.804580
165.932336
166.602358
167.120000
167.642177
168.317324
168.906803
169.496599
170.020000
170.982585
172.123175
172.986667
174.104127
175.180635
177.871973
180.627302
183.600408
185.134558
187.311429
189.790612
191.800000
194.275873
195.597959
196.805714
198.122177
199.386417
200.648980
201.837551
203.107211
204.498639
205.745918
206.964898
208.174558
209.351973
210.585986
211.756463
212.994014
214.499728
215.755374
216.963946
218.322313
219.547619
220.935510
222.124218
223.459048
224.716463
226.120091
227.433878
228.775964
230.126349
232.687574
236.404444
243.145397
248.554286
