1.610159
5.532698
9.460000
10.222177
10.667075
11.175918
11.628707
12.162449
12.628163
13.158776
13.870612
16.722041
20.515782
24.127755
24.944444
25.642676
26.000000
26.500000
26.840816
27.307075
27.790431
28.496644
30.435283
33.730159
35.980000
36.440000
37.099048
37.611429
38.374286
39.572109
40.081497
40.568027
41.134966
42.235782
43.122449
43.423401
44.436599
45.078776
48.199819
51.744671
54.557823
57.309887
59.662041
62.898821
66.223401
70.006531
71.359683
72.752517
73.993061
75.399909
76.747710
78.130023
79.483311
80.872245
82.491247
83.810567
85.632018
86.996871
88.281905
89.572381
91.041224
92.408980
93.767211
95.140272
96.603810
97.899456
99.306395
100.432834
102.011066
103.578776
105.275964
108.904218
110.640317
112.382449
113.936644
115.594694
116.973968
118.992109
120.443356
122.064082
123.583583
125.509841
127.049660
128.945261
130.372245
132.620408
136.540181
141.072653
144.800136
147.466032
148.321633
148.631429
149.105714
149.599184
149.973878
150.401497
150.885578
151.285170
152.764490
154.594286
156.323356
156.966712
157.419410
157.924717
158.380000
158.839184
159.350930
159.853651
160.388934
161.659048
162.845941
164.984580
166.212336
167.042358
167.384172
167.902177
168.377324
168.826803
169.296599
169.840000
170.602585
171.783175
172.746667
174.064127
175.460635
178.471973
181.967302
184.920000
187.834558
190.060000
193.070612
195.109524
198.835873
200.037959
201.265714
202.482177
203.746417
204.928980
206.197551
207.507211
208.938639
210.165918
211.484898
212.674558
213.971973
215.185986
216.496463
217.794014
219.319728
220.615374
221.943946
223.322313
224.727619
226.155510
227.464218
228.879048
230.376463
231.720091
233.173878
234.675964
236.066349
238.127574
241.844444
246.965397
251.714286
