0.420000
4.547664
9.491519
14.800635
18.825079
23.180000
25.156508
26.018095
26.868254
27.704444
28.688571
29.725079
30.633016
31.493968
32.361905
33.248571
34.213333
35.189524
36.039683
36.862222
37.707302
38.580000
39.405397
40.267619
41.130159
42.010476
42.916190
43.761270
44.636825
45.504762
46.396825
47.314921
48.277007
49.301497
50.289796
51.301633
52.291293
53.150476
54.029252
54.945533
55.844082
56.738776
57.556735
58.488571
59.420000
60.292653
61.143900
62.026531
62.889116
63.843311
64.683175
65.579229
66.389478
67.244490
68.158367
68.903447
69.866667
70.786349
71.667800
72.562086
73.407256
74.256145
74.921224
75.899977
76.778912
77.734875
78.580000
79.425215
80.284898
81.179093
82.097007
82.940000
83.840091
84.739864
85.626803
86.496916
87.384490
88.220544
89.120000
90.017959
90.906757
91.732018
92.595420
93.420590
94.316553
95.152608
96.114059
97.015420
97.900590
98.780272
99.640136
100.583447
101.450385
102.433515
103.180000
104.092880
104.894422
105.810476
106.606531
107.480000
108.296871
109.189297
110.120000
110.994059
111.902766
112.831565
113.732517
114.729524
115.623946
116.713605
117.691020
118.698912
119.670340
120.754603
122.105306
123.003946
123.973061
124.874286
125.773061
126.647347
127.554739
128.408163
129.359048
130.286395
131.177279
132.065578
132.983401
133.920000
134.996417
135.887483
136.658095
137.486259
138.403265
139.358912
140.279070
141.181270
142.020000
142.860000
143.770068
144.674830
145.621361
146.592245
147.479977
148.451429
149.320000
150.215782
151.143129
151.900000
152.813061
153.726531
154.703265
155.600000
156.440000
157.411746
158.240408
159.169841
160.009841
160.907937
161.861905
162.694286
163.612381
164.673968
165.508889
166.381270
167.239184
168.124762
168.853878
169.832245
170.775918
171.640000
172.584490
173.466122
174.268571
175.209388
176.160000
177.097551
177.965714
178.853061
179.780408
180.711837
181.610612
182.423673
183.408571
184.166122
185.173061
185.987755
186.906939
187.689388
188.636327
189.597551
190.462086
191.312404
192.252857
193.107755
193.995918
194.830612
195.751429
196.622041
197.575510
198.528571
199.354603
200.232063
201.098413
202.114286
203.097143
204.041587
204.899683
205.845397
206.739048
207.611429
208.610794
209.509524
210.367302
211.222132
212.107302
212.987619
213.850159
214.720000
215.542472
216.513333
217.340635
218.326032
219.139048
220.008889
221.011429
222.001905
223.078730
224.092063
225.117778
226.045714
226.908254
227.795873
228.693651
229.500952
230.424762
231.347302
232.214603
233.232381
234.230159
235.324127
236.555873
237.975556
239.201270
240.523175
242.573333
244.469206
246.361270
248.342540
250.278549
252.162449
254.263810
257.070839
258.913061
260.813061
262.800000
265.021270
267.103265
269.484762
271.782857
274.025397
276.342857
278.705397
280.917143
283.148571
285.210476
287.837143
290.608299
293.860000
296.236236
297.697279
299.441406
301.786667
303.978095
306.092562
308.241361
309.951837
311.320000
313.013333
315.456825
317.678639
319.468526
321.536825
323.199365
324.699048
326.100000
327.199320
328.522585
330.258231
331.801769
333.223673
334.180000
335.160000
336.600000
338.136735
339.440000
341.037914
342.849070
343.980045
345.060952
346.889569
348.233560
349.820000
351.634422
353.749932
356.654059
358.668617
360.752381
362.495873
364.175873
366.404762
368.211565
369.880000
371.253968
372.902540
374.610159
375.434603
376.323492
377.137256
378.054603
378.933333
379.833356
380.674603
381.615238
382.539683
383.453968
384.285079
385.186667
386.120000
387.080000
388.017460
388.872381
389.809206
390.673968
391.501270
392.406349
393.264127
394.200000
394.930476
395.840000
396.602857
397.582222
398.397460
399.418413
400.459683
401.141905
402.109524
403.064444
403.868889
404.760000
405.656825
406.596508
407.536508
408.415556
409.242540
410.154853
411.005397
411.925828
412.797143
413.704127
414.640000
415.614921
416.457143
417.373651
418.250476
419.154603
420.011746
420.933968
421.849751
422.846032
423.746984
424.652063
425.604444
426.522222
427.452063
428.309206
429.272063
430.099048
431.003492
431.961270
432.888254
433.855873
434.678095
435.630794
436.483175
437.423175
438.293016
439.269206
440.009524
441.284762
442.685488
443.970431
444.988163
446.048889
447.033968
447.983492
448.902222
449.926667
450.846032
451.675873
452.520000
453.350794
454.238458
455.264127
456.133333
456.946984
457.821270
458.626984
459.570703
460.411746
461.336825
462.200000
463.041905
464.017143
464.871746
465.821905
466.736508
467.656190
468.530635
469.379683
470.268889
471.228571
472.113016
473.053016
473.849524
474.750476
475.619637
476.528435
477.383039
478.248186
479.119819
479.945079
480.738231
481.652517
482.621950
483.553651
484.465034
485.277687
486.299048
487.219138
488.194875
489.139637
489.948435
490.903039
491.892789
492.970295
494.061315
495.090431
496.415646
497.477959
498.547710
499.580998
500.892971
502.102404
503.267619
504.548934
506.167166
507.340045
508.617143
509.913605
511.119410
512.417460
513.726440
515.192154
516.802132
517.736417
518.581361
519.542540
520.439955
521.374558
522.267211
523.040816
524.460000
525.702948
526.982948
528.241361
529.525533
530.825850
532.160998
533.734150
535.513651
536.476916
537.411519
538.186122
539.088798
540.006621
540.949932
541.951293
543.553469
545.036009
546.336327
547.560544
548.976372
550.420499
551.767256
553.489433
555.688526
556.633469
557.530340
558.358186
559.206349
560.077098
560.913333
561.638912
562.475147
563.240726
564.063401
564.974785
565.897778
566.812063
567.681497
568.497732
569.346848
570.278458
571.160771
572.056009
572.931882
573.802268
574.764263
575.564989
576.510204
577.554104
578.499955
579.717415
580.843583
582.064853
582.950748
583.793424
584.618367
585.432653
586.252109
587.083175
587.877143
588.747891
589.662177
590.404853
591.207528
592.113107
592.987075
593.910068
594.843719
595.965714
596.799683
597.739138
598.670522
599.501270
600.361361
601.258549
602.065760
602.977143
603.870590
604.768617
605.702268
606.450431
607.336825
608.185805
609.056553
609.924762
610.713832
611.584762
612.537143
613.640635
614.537143
615.273651
616.240000
