0.600000
4.867664
9.685760
14.420635
18.480000
22.660000
24.756508
25.720000
26.528254
27.380000
28.308571
29.285079
30.193016
31.080000
31.961905
32.768571
33.753333
34.629524
35.539683
36.362222
37.227302
38.160000
39.005397
39.867619
40.730159
41.590476
42.556190
43.421270
44.276825
45.184762
46.056825
46.954921
47.957007
49.021497
49.969796
50.981633
51.911293
52.810476
53.689252
54.585533
55.464082
56.380000
57.316735
58.328571
59.400000
60.312653
61.183900
62.026531
62.909116
63.823311
64.623175
65.500000
66.369478
67.384490
68.318367
69.043447
69.860000
70.746349
71.647800
72.522086
73.327256
74.136145
75.081224
75.979977
76.780000
77.740000
78.591587
79.465215
80.324898
81.179093
82.097007
83.045805
83.880091
84.799864
85.686803
86.496916
87.384490
88.220544
89.085714
90.057959
90.866757
91.652018
92.495420
93.360000
94.196553
95.072608
95.934059
96.815420
97.700590
98.560272
99.360136
100.283447
101.010385
102.033515
102.916825
103.792880
104.614422
105.490476
106.366531
107.220816
108.056871
108.909297
109.823492
110.714059
111.562766
112.491565
113.392517
114.329524
115.263946
116.293605
117.271020
118.278912
119.250340
120.334603
121.385306
122.303946
123.293061
124.194286
125.213061
126.087347
127.094739
128.008163
128.979048
129.886395
130.997279
131.925578
132.863401
133.846531
134.896417
135.787483
136.596190
137.466259
138.463265
139.398912
140.359070
141.301270
142.208095
143.254014
144.190068
145.074830
146.101361
147.092245
147.899977
148.771429
149.582313
150.495782
151.483129
152.384807
153.393061
154.326531
155.283265
156.302041
157.256735
158.331746
159.340408
160.309841
161.269841
162.147937
163.201905
164.154286
165.152381
166.173968
167.148889
168.101270
168.979184
169.884762
170.833878
171.872245
172.835918
173.755918
174.844490
175.746122
176.668571
177.609388
178.587347
179.577551
180.545714
181.453061
182.440408
183.471837
184.450612
185.263673
186.308571
187.246122
188.273061
189.147755
190.066939
191.009388
191.896327
192.877551
193.822086
194.792404
195.752857
196.607755
197.555918
198.450612
199.311429
200.242041
201.175510
202.140000
203.034603
203.900000
204.818413
205.774286
206.660000
207.541587
208.479683
209.425397
210.299048
211.251429
212.110794
213.049524
213.927302
214.822132
215.707302
216.587619
217.470159
218.340000
219.222472
220.173333
221.060635
221.926032
222.839048
223.748889
224.691429
225.721905
226.738730
227.752063
228.737778
229.665714
230.568254
231.415873
232.300000
233.200952
234.144762
235.087302
236.000000
236.952381
237.880000
238.820000
239.915873
240.975556
242.461270
243.063175
244.733333
246.609206
248.621270
251.222540
253.298549
255.482449
257.903810
260.470839
262.433061
264.313061
266.380000
268.781270
271.423265
273.964762
276.662857
278.965397
281.182857
283.265397
285.257143
287.608571
289.330476
291.897143
294.368299
297.780000
300.016236
302.117279
304.241406
306.846667
309.258095
311.532562
314.061361
316.091837
318.260000
320.193333
322.456825
324.778639
326.588526
329.176825
331.279365
333.319048
335.489796
337.419320
339.062585
340.560000
342.201769
344.043673
345.940952
347.938639
349.651565
351.376735
353.110159
354.600000
356.089070
357.460045
358.920952
361.300000
363.413560
365.394014
367.394422
369.349932
371.974059
374.088617
376.432381
378.495873
380.555873
382.944762
384.891565
386.756599
388.773968
390.562540
392.770159
393.874603
394.763492
395.697256
396.634603
397.673333
398.633356
399.694603
400.615238
401.539683
402.613968
403.515556
404.466667
405.452698
406.539365
407.577460
408.532381
409.509206
410.373968
411.321270
412.186349
413.124127
414.152063
415.010476
415.955238
416.822857
417.862222
418.700000
419.598413
420.599683
421.620000
422.609524
423.584444
424.368889
425.316508
426.316825
427.276508
428.236508
429.195556
430.102540
431.014853
431.925397
432.891655
433.717143
434.724127
435.624127
436.634921
437.617143
438.513651
439.450476
440.374603
441.271746
442.173968
443.109751
444.326032
445.346984
446.212063
447.204444
448.462222
449.512063
450.529206
451.512063
452.519048
453.563492
454.601270
455.548254
456.535873
457.458095
458.390794
459.343175
460.363175
461.373016
462.360000
463.449524
464.484762
465.645488
467.380000
468.268163
469.228889
470.093968
471.023492
471.982222
472.766667
473.626032
474.575873
475.471111
476.370794
477.278458
478.084127
478.953333
479.826984
480.661270
481.606984
482.530703
483.371746
484.276825
485.102222
485.881905
486.817143
487.751746
488.741905
489.676508
490.536190
491.350635
492.259683
493.068889
493.968571
494.893016
495.813016
496.769524
497.630476
498.459637
499.328435
500.183039
501.068186
501.939819
502.745079
503.598231
504.400000
505.281950
506.253651
507.145034
507.997687
509.039048
509.939138
510.814875
511.739637
512.668435
513.563039
514.592789
515.490295
516.461315
517.330431
518.295646
519.237959
520.207710
521.160998
522.272971
523.242404
524.227619
525.368934
526.987166
528.340045
529.777143
531.153605
532.539410
533.817460
535.486440
536.932154
538.642132
539.596417
540.481361
541.482540
542.379955
543.314558
544.287211
545.262449
547.017188
548.682948
550.202948
551.581361
553.145533
554.465850
555.940998
557.514150
559.236825
560.296916
561.251519
562.286122
563.268798
564.306621
565.269932
566.391293
568.073469
569.976009
571.396327
572.860544
574.456372
576.000499
577.487256
579.369433
581.388526
582.366939
583.270340
584.218186
585.166349
586.137098
586.993333
587.898912
588.755147
589.660726
590.563401
591.474785
592.317778
593.232063
594.441497
595.297732
596.246848
597.438458
598.520771
599.436009
600.351882
601.302268
602.204263
603.084989
603.990204
605.034104
606.000000
607.077415
608.083583
609.424853
610.410748
611.313424
612.158367
613.132653
613.992109
614.883175
615.737143
616.607891
617.482177
618.344853
619.247528
620.093107
620.947075
621.830068
622.683719
623.585714
624.459683
625.299138
626.150522
627.021270
627.941361
628.878549
629.685760
630.597143
631.510590
632.428617
633.302268
634.130431
635.016825
635.865805
636.736553
637.604762
638.453832
639.344762
640.297143
641.220635
642.337143
643.333651
644.365488
