1.000000
5.587664
11.545760
16.560635
21.065079
24.920000
26.776508
27.678095
28.528254
29.404444
30.488571
31.465079
32.433016
33.333968
34.201905
35.060000
36.093333
37.049524
37.959683
38.802222
39.707302
40.617778
41.485397
42.347619
43.250159
44.070476
45.056190
45.861270
46.756825
47.584762
48.456825
49.354921
50.237007
51.301497
52.309796
53.381633
54.331293
55.170476
56.069252
56.925533
57.764082
58.600000
59.416735
60.308571
61.360000
62.132653
62.983900
63.826531
64.769116
65.643311
66.423175
67.279229
68.129478
69.004490
69.918367
70.623447
71.606667
72.546349
73.507800
74.382086
75.167256
75.976145
76.941224
77.699977
78.618912
79.534875
80.411587
81.205215
82.084898
83.019093
83.937007
84.865805
85.640091
86.499864
87.386803
88.216916
89.104490
89.980544
90.885714
91.757959
92.626757
93.432018
94.175420
95.060590
95.936553
96.832608
97.714059
98.635420
99.460590
100.320272
101.100136
101.860000
102.790385
103.813515
104.716825
105.552880
106.294422
107.170476
108.086531
108.960816
109.816871
110.669297
111.523492
112.494059
113.382766
114.311565
115.192517
116.189524
117.103946
118.053605
119.031020
119.938912
120.890340
121.754603
122.725306
123.583946
124.513061
125.274286
126.233061
127.027347
127.974739
128.808163
129.759048
130.666395
131.637279
132.485578
133.323401
134.246531
135.216417
136.107483
136.860000
137.606259
138.603265
139.458912
140.399070
141.241270
142.108095
143.074014
143.990068
144.834830
145.821361
146.792245
147.679977
148.591429
149.562313
150.515782
151.283129
152.184807
153.033061
153.866531
154.803265
155.742041
156.596735
157.491746
158.320408
159.229841
160.189841
161.007937
162.041905
162.814286
163.752381
164.673968
165.628889
166.540000
167.299184
168.264762
169.053878
170.060000
170.740000
171.695918
172.624490
173.466122
174.328571
175.249388
176.187347
177.117551
178.005714
178.813061
179.720408
180.651837
181.590612
182.343673
183.348571
184.286122
185.173061
186.067755
186.886939
187.769388
188.576327
189.437551
190.362086
191.272404
192.212857
193.107755
193.935918
194.810612
195.651429
196.562041
197.335510
198.328571
199.274603
200.120000
201.038413
202.034286
203.097143
204.041587
204.959683
205.880000
206.799048
207.831429
208.730794
209.709524
210.580000
211.502132
212.347302
213.287619
214.150159
215.000000
215.842472
216.813333
217.620635
218.546032
219.419048
220.308889
221.231429
222.101905
223.098730
223.892063
225.197778
226.065714
226.988254
227.875873
228.793651
229.620952
230.564762
231.467302
232.434603
233.312381
234.290159
235.180000
236.275873
237.395556
238.561270
239.443175
241.393333
244.289206
246.621270
249.542540
251.678549
253.922449
256.003810
258.810839
260.653061
262.873061
264.800000
267.060000
269.263265
271.424762
274.482857
276.045397
278.242857
280.925397
283.297143
286.437143
289.370476
292.297143
296.388299
300.320000
303.376236
305.397279
307.741406
310.686667
312.838095
315.192562
317.941361
319.971837
321.980000
323.973333
326.580000
328.378639
330.448526
333.056825
335.579365
337.539048
339.989796
341.959320
344.022585
346.018231
348.161769
350.163673
352.280952
354.418639
356.191565
358.336735
360.250159
362.117914
364.189070
365.540045
366.980952
369.149569
371.673560
373.614014
375.714422
378.089932
380.434059
382.428617
384.752381
387.115873
389.095873
391.424762
393.806259
395.976599
398.093968
399.802540
402.030159
402.994603
403.883492
404.777256
405.634603
406.513333
407.393356
408.294603
409.095238
410.019683
410.933968
411.845079
412.586667
413.572698
414.459365
415.377460
416.212381
417.109206
417.900000
418.781270
419.726349
420.544127
421.592063
422.290476
423.275238
424.022857
425.082222
425.837460
426.758413
427.739683
428.601905
429.549524
430.384444
431.228889
432.076508
433.036825
433.976508
434.776508
435.595556
436.522540
437.354853
438.205397
439.065828
439.937143
440.800000
441.624127
442.554921
443.417143
444.233651
445.090476
445.914603
446.700000
447.573968
448.469751
449.486032
450.446984
451.332063
452.284444
453.242222
454.212063
455.080000
455.992063
456.879048
457.803492
458.781270
459.708254
460.655873
461.538095
462.490794
463.343175
464.263175
465.173016
466.149206
467.029524
468.044762
469.145488
470.790431
471.768163
472.728889
473.293968
474.223492
475.002222
475.886667
476.706032
477.575873
478.551111
479.470794
480.318458
481.084127
481.893333
482.746984
483.501270
484.426984
485.330703
486.151746
487.016825
487.902222
488.521905
489.497143
490.391746
491.301905
492.236508
493.096190
493.930635
494.799683
495.548889
496.568571
497.460000
498.353016
499.229524
500.090476
500.899637
501.788435
502.603039
503.428186
504.279819
505.085079
505.918231
506.712517
507.681950
508.473651
509.345034
510.197687
511.199048
512.039138
512.914875
513.719637
514.568435
515.380000
516.272789
517.210295
518.141315
518.980000
519.895646
520.837959
521.720000
522.600998
523.612971
524.480000
525.427619
526.288934
527.560000
528.860045
530.137143
531.193605
532.339410
533.557460
534.786440
536.320000
537.884263
538.816417
539.541361
540.302540
541.059955
541.894558
542.707211
543.220816
544.657188
545.922948
547.182948
548.441361
549.765533
550.825850
552.160998
553.774150
555.656825
556.776916
557.560000
558.366122
559.088798
559.926621
560.749932
561.511293
562.900000
564.096009
565.396327
566.600544
567.896372
569.080499
570.367256
571.849433
573.828526
574.693469
575.510340
576.378186
577.206349
578.077098
578.833333
579.718912
580.455147
581.280726
582.163401
582.994785
583.817778
584.732063
585.781497
586.637732
587.546848
588.538458
589.580771
590.440000
591.431882
592.302268
593.324263
594.204989
595.110204
596.194104
597.219955
598.357415
599.383583
600.964853
601.950748
602.873424
603.815102
604.852653
605.752109
606.683175
607.557143
608.467891
609.322177
610.224853
611.127528
611.993107
612.847075
613.750068
614.603719
615.645714
616.539683
617.659138
618.570522
619.441270
620.341361
621.278549
622.105760
623.017143
623.930590
624.848617
625.762268
626.550431
627.396825
628.265805
629.136553
630.004762
630.893832
631.764762
632.697143
633.780635
635.157143
636.213651
637.245488
