1.056508
5.427664
10.425760
15.400635
20.165079
24.320000
26.656508
27.718095
28.688254
29.724444
30.788571
31.845079
32.833016
33.853968
34.841905
35.908571
37.013333
38.129524
39.179683
40.142222
41.107302
42.097778
43.065397
44.007619
44.970159
45.950476
46.956190
47.921270
48.916825
49.904762
50.836825
51.834921
52.837007
53.901497
54.889796
55.921633
56.951293
57.950476
58.969252
59.965533
60.924082
61.898776
62.876735
63.908571
64.960000
65.952653
66.923900
67.846531
68.789116
69.743311
70.603175
71.539229
72.469478
73.384490
74.318367
75.283447
76.266667
77.206349
78.167800
79.082086
80.007256
80.896145
81.861224
82.799977
83.678912
84.654875
85.571587
86.505215
87.444898
88.399093
89.317007
90.245805
91.160091
92.059864
93.006803
93.916916
94.824490
95.760544
96.685714
97.697959
98.626757
99.512018
100.415420
101.340590
102.316553
103.252608
104.214059
105.215420
106.140590
107.080272
107.940136
108.883447
109.830385
110.853515
111.796825
112.732880
113.654422
114.590476
115.526531
116.440816
117.376871
118.309297
119.263492
120.214059
121.182766
122.111565
123.132517
124.129524
125.143946
126.173605
127.151020
128.158912
129.130340
130.214603
131.265306
132.183946
133.133061
134.034286
135.053061
135.967347
136.894739
137.848163
138.819048
139.746395
140.717279
141.705578
142.663401
143.686531
144.776417
145.667483
146.438095
147.326259
148.323265
149.278912
150.219070
151.121270
152.008095
153.034014
153.970068
154.914830
155.881361
156.852245
157.799977
158.811429
159.782313
160.735782
161.663129
162.604807
163.533061
164.486531
165.443265
166.382041
167.356735
168.431746
169.260408
170.229841
171.189841
172.187937
173.241905
174.194286
175.192381
176.253968
177.208889
178.161270
179.159184
180.144762
181.093878
182.132245
183.155918
184.115918
185.224490
186.106122
187.028571
188.029388
189.007347
189.957551
190.925714
191.933061
192.860408
193.831837
194.770612
195.743673
196.788571
197.786122
198.733061
199.627755
200.546939
201.469388
202.416327
203.397551
204.342086
205.312404
206.292857
207.147755
208.035918
208.930612
209.851429
210.782041
211.735510
212.868571
213.894603
214.852063
215.898413
217.074286
218.217143
219.301587
220.299683
221.305397
222.339048
223.451429
224.530794
225.569524
226.547302
227.522132
228.467302
229.447619
230.410159
231.360000
232.302472
233.333333
234.280635
235.266032
236.259048
237.208889
238.171429
239.161905
240.238730
241.252063
242.257778
243.245714
244.208254
245.175873
246.153651
247.100952
248.144762
249.267302
250.374603
251.512381
252.650159
253.864127
255.095873
256.515556
258.321270
260.523175
262.613333
264.909206
266.921270
268.962540
271.038549
273.162449
275.443810
278.270839
280.333061
282.573061
284.640000
287.121270
289.923265
292.784762
294.902857
297.145397
299.382857
301.785397
304.137143
306.788571
309.150476
311.817143
314.908299
318.720000
320.856236
322.797279
324.981406
327.946667
330.438095
332.872562
335.401361
337.431837
339.520000
341.653333
344.436825
347.158639
349.688526
352.436825
354.519365
356.419048
358.569796
360.459320
362.222585
364.138231
366.101769
368.143673
369.980952
372.118639
373.951565
375.836735
377.610159
379.477914
381.289070
382.540045
384.060952
386.989569
389.073560
391.114014
393.334422
395.789932
398.614059
401.008617
403.352381
405.495873
407.575873
409.904762
411.711565
413.496599
415.613968
417.282540
419.210159
420.134603
421.023492
421.917256
422.854603
423.733333
424.633356
425.574603
426.575238
427.499683
428.413968
429.285079
430.186667
431.212698
432.279365
433.277460
434.232381
435.149206
436.093968
437.041270
438.006349
438.984127
440.132063
440.990476
441.935238
442.902857
443.982222
444.957460
445.978413
447.019683
448.121905
449.089524
450.044444
450.968889
451.936508
452.916825
453.856508
454.816508
455.875556
456.802540
457.734853
458.585397
459.525828
460.457143
461.384127
462.344127
463.354921
464.297143
465.193651
466.110476
467.014603
467.951746
468.893968
469.889751
471.106032
472.126984
473.092063
474.044444
475.022222
475.972063
476.909206
477.892063
478.819048
479.743492
480.721270
481.648254
482.615873
483.558095
484.530794
485.483175
486.443175
487.393016
488.429206
489.569524
490.864762
492.405488
494.610431
495.608163
496.568889
497.533968
498.463492
499.342222
500.266667
501.186032
502.135873
503.111111
504.050794
504.958458
505.864127
506.773333
507.646984
508.561270
509.566984
510.510703
511.471746
512.436825
513.422222
514.361905
515.337143
516.271746
517.241905
518.176508
519.116190
519.990635
520.939683
521.848889
522.788571
523.713016
524.673016
525.729524
526.630476
527.519637
528.448435
529.383039
530.368186
531.279819
532.165079
533.098231
534.012517
534.981950
535.913651
536.825034
537.817687
538.819048
539.739138
540.654875
541.599637
542.528435
543.463039
544.452789
545.390295
546.461315
547.410431
548.475646
549.537959
550.527710
551.560998
552.692971
553.662404
554.727619
555.908934
557.807166
559.180045
560.457143
561.693605
562.979410
564.317460
565.806440
567.452154
570.102132
571.016417
571.881361
572.802540
573.619955
574.554558
575.547211
576.480816
578.197188
579.662948
580.942948
582.121361
583.485533
584.785850
586.120998
587.694150
589.876825
590.796916
591.731519
592.666122
593.568798
594.526621
595.469932
596.471293
598.073469
599.516009
600.816327
602.000544
603.316372
604.740499
606.087256
607.689433
610.008526
610.873469
611.770340
612.638186
613.526349
614.397098
615.253333
616.158912
617.015147
617.920726
618.823401
619.734785
620.657778
621.572063
622.541497
623.397732
624.346848
625.638458
626.700771
627.676009
628.691882
629.722268
630.764263
631.724989
632.790204
633.954104
635.059955
636.177415
637.303583
638.664853
639.590748
640.493424
641.358367
642.272653
643.152109
644.043175
644.937143
645.807891
646.722177
647.624853
648.527528
649.433107
650.327075
651.250068
652.123719
653.165714
654.059683
654.939138
655.850522
656.721270
657.641361
658.558549
659.385760
660.297143
661.210590
662.128617
663.002268
663.890431
664.756825
665.605805
666.476553
667.344762
668.313832
669.264762
670.217143
671.240635
672.457143
673.513651
674.545488
