1.056508
5.547664
11.125760
16.600635
21.605079
26.460000
28.896508
29.860000
30.708254
31.524444
32.448571
33.365079
34.313016
35.173968
36.001905
36.848571
37.713333
38.689524
39.639683
40.482222
41.307302
42.160000
42.965397
43.807619
44.690159
45.530476
46.376190
47.161270
48.056825
48.864762
49.756825
50.654921
51.557007
52.521497
53.509796
54.541633
55.431293
56.290476
57.169252
58.045533
58.924082
59.838776
60.716735
61.608571
62.700000
63.432653
64.263900
65.106531
65.969116
66.843311
67.683175
68.499229
69.349478
70.184490
71.038367
71.900000
72.626667
73.566349
74.400000
75.202086
75.980000
76.756145
77.461224
78.479977
79.258912
80.114875
80.891587
81.725215
82.620000
83.460000
84.317007
85.145805
85.960091
86.819864
87.586803
88.436916
89.244490
90.100544
90.945714
91.857959
92.686757
93.492018
94.255420
95.120000
95.956553
96.772608
97.594059
98.455420
99.300590
100.100000
100.860136
101.763447
102.430385
103.433515
104.216825
105.052880
105.694422
106.610476
107.466531
108.100816
108.996871
109.789297
110.603492
111.520000
112.222766
113.020000
113.912517
114.689524
115.563946
116.533605
117.511020
118.518912
119.170340
120.214603
121.685306
122.343946
123.153061
123.974286
124.953061
125.847347
126.694739
127.560000
128.519048
129.406395
130.317279
131.205578
132.043401
132.826531
133.876417
134.767483
135.538095
136.426259
137.223265
138.198912
139.139070
140.001270
140.828095
141.734014
142.610068
143.534830
144.461361
145.272245
146.039977
147.051429
148.022313
148.975782
149.903129
150.784807
151.573061
152.480000
153.343265
154.282041
155.056735
156.031746
156.860408
157.749841
158.609841
159.487937
160.401905
161.174286
162.172381
163.073968
164.008889
164.961270
165.639184
166.604762
167.373878
168.272245
169.075918
169.975918
171.024490
171.846122
172.688571
173.629388
174.607347
175.557551
176.425714
177.273061
178.260408
179.231837
180.110612
180.940000
181.868571
182.666122
183.633061
184.480000
185.386939
186.269388
187.076327
187.977551
188.882086
189.692404
190.632857
191.487755
192.355918
193.190612
193.971429
194.820000
195.615510
196.548571
197.494603
198.280000
199.158413
200.134286
200.977143
202.001587
202.839683
203.685397
204.519048
205.451429
206.410794
207.369524
208.247302
209.122132
209.987302
210.827619
211.650159
212.500000
213.382472
214.253333
215.080635
215.986032
216.819048
217.688889
218.591429
219.460000
220.458730
221.472063
222.437778
223.345714
224.188254
224.995873
225.833651
226.600000
227.424762
228.347302
229.214603
230.012381
230.870159
231.740000
232.655873
233.635556
234.681270
235.183175
236.893333
238.829206
240.841270
243.002540
244.898549
246.922449
249.083810
251.530839
253.553061
255.173061
257.180000
259.141270
261.283265
263.704762
266.722857
269.025397
271.322857
273.560000
275.877143
278.628571
280.990476
283.857143
287.608299
291.440000
294.516236
296.457279
298.560000
301.286667
303.418095
305.732562
308.261361
310.291837
312.300000
314.373333
317.036825
319.218639
321.628526
325.056825
328.139365
330.139048
332.309796
334.339320
336.702585
338.778231
341.101769
343.503673
345.640952
347.858639
349.964082
352.716735
354.670159
357.257914
359.429070
360.840045
362.180952
364.929569
367.073560
369.074014
371.200000
373.529932
376.314059
378.728617
381.372381
383.695873
385.775873
388.104762
390.571565
392.916599
394.940000
396.502540
398.530159
399.614603
400.503492
401.417256
402.234603
403.093333
403.973356
404.814603
405.655238
406.519683
407.433968
408.265079
409.026667
409.892698
410.879365
411.677460
412.472381
413.329206
414.220000
415.021270
415.966349
416.764127
417.592063
418.450476
419.335238
420.082857
420.982222
421.840000
422.818413
423.599683
424.581905
425.549524
426.404444
427.148889
427.996508
428.836825
429.636508
430.516508
431.415556
432.262540
433.094853
433.905397
434.765828
435.657143
436.544127
437.344127
438.274921
439.137143
440.033651
440.850476
441.634603
442.491746
443.413968
444.309751
445.286032
446.306984
447.272063
448.224444
449.202222
450.152063
451.129206
452.112063
453.079048
454.063492
455.041270
456.088254
457.095873
458.038095
459.010794
459.963175
460.923175
461.873016
462.909206
463.929524
465.184762
466.385488
468.250431
469.028163
469.968889
470.673968
471.503492
472.322222
473.046667
473.886032
474.575873
475.411111
476.310794
477.060000
477.864127
478.653333
479.446984
480.221270
481.026984
481.830703
482.691746
483.516825
484.362222
485.001905
485.977143
486.851746
487.681905
488.536508
489.356190
490.130635
490.979683
491.808889
492.708571
493.573016
494.493016
495.469524
496.330476
497.139637
497.988435
498.783039
499.688186
500.479819
501.305079
502.198231
502.932517
503.700000
504.580000
505.385034
506.077687
507.079048
507.879138
508.674875
509.459637
510.248435
511.063039
511.932789
512.850295
513.661315
514.340000
515.275646
516.097959
516.900000
517.800998
518.712971
519.662404
520.507619
521.420000
522.547166
523.740045
525.057143
526.293605
527.599410
528.840000
530.226440
531.792154
533.302132
534.216417
534.981361
535.842540
536.659955
537.474558
538.267211
539.060816
540.517188
541.960000
543.322948
544.721361
546.065533
547.425850
548.840998
550.614150
552.696825
553.576916
554.431519
555.366122
556.068798
556.946621
557.840000
558.771293
560.273469
562.036009
563.536327
564.840544
566.276372
567.740499
569.267256
571.269433
574.128526
574.993469
575.790340
576.518186
577.386349
578.197098
578.933333
579.738912
580.335147
581.040726
581.943401
582.774785
583.537778
583.972063
585.241497
586.037732
586.866848
587.658458
588.680771
589.536009
590.431882
591.322268
592.264263
593.024989
593.930204
594.994104
596.099955
597.497415
598.523583
600.024853
600.970748
601.833424
602.758367
603.772653
604.652109
605.503175
606.357143
607.207891
608.022177
608.924853
609.767528
610.633107
611.487075
612.430068
613.303719
614.125714
614.959683
615.779138
616.670522
617.501270
618.301361
619.138549
619.885760
620.777143
621.670590
622.468617
623.342268
624.110431
624.876825
625.665805
626.496553
627.244762
628.193832
629.144762
630.077143
631.240635
632.457143
633.513651
634.625488
