0.280000
4.507664
9.345760
14.000635
18.445079
23.760000
25.736508
26.658095
27.468254
28.384444
29.268571
30.205079
31.073016
31.913968
32.781905
33.708571
34.613333
35.520000
36.459683
37.342222
38.247302
39.200000
40.085397
40.907619
41.870159
42.780000
43.716190
44.541270
45.456825
46.384762
47.256825
48.154921
49.057007
49.981497
50.929796
51.841633
52.751293
53.650476
54.509252
55.425533
56.264082
57.238776
58.040000
58.868571
59.840000
60.712653
61.603900
62.520000
63.349116
64.303311
65.103175
65.940000
66.829478
67.664490
68.518367
69.383447
70.286667
71.166349
72.067800
72.862086
73.727256
74.576145
75.481224
76.359977
77.160000
78.094875
78.951587
79.840000
80.624898
81.379093
82.457007
83.360000
84.260091
85.099864
85.926803
86.816916
87.704490
88.560544
89.425714
90.317959
91.146757
91.932018
92.695420
93.520000
94.316553
95.192608
95.994059
96.915420
97.780000
98.620272
99.480136
100.323447
101.270385
102.313515
103.196825
104.092880
104.954422
105.810476
106.726531
107.580816
108.516871
109.349297
110.303492
111.194059
112.102766
113.011565
114.052517
115.029524
116.043946
117.093605
118.051020
119.038912
119.990340
121.074603
122.185306
123.103946
124.093061
125.034286
126.073061
126.987347
127.914739
128.868163
129.839048
130.806395
131.777279
132.705578
133.663401
134.566531
135.696417
136.587483
137.398095
138.326259
139.263265
140.238912
141.238141
142.161270
142.928095
143.954014
144.950068
145.874830
146.861361
147.692245
148.579977
149.551429
150.522313
151.475782
152.423129
153.404807
154.373061
155.306531
156.283265
157.242041
158.256735
159.251746
160.180408
161.169841
162.069841
163.027937
164.101905
164.934286
165.932381
166.993968
168.028889
168.961270
169.899184
170.884762
171.800000
172.812245
173.695918
174.635918
175.724490
176.646122
177.588571
178.589388
179.547347
180.537551
181.505714
182.473061
183.400408
184.455510
185.410612
186.363673
187.348571
188.366122
189.373061
190.267755
191.226939
192.140000
193.076327
194.097551
195.042086
195.972404
196.992857
197.887755
198.795918
199.690612
200.611429
201.502041
202.335510
203.248571
204.134603
204.960000
205.878413
206.834286
207.657143
208.581587
209.439683
210.325397
211.239048
212.071429
212.910794
213.869524
214.747302
215.662132
216.547302
217.427619
218.350159
219.240000
220.102472
221.013333
221.860635
222.766032
223.639048
224.528889
225.451429
226.321905
227.278730
228.232063
229.077778
229.965714
230.868254
231.715873
232.633651
233.520952
234.464762
235.327302
236.254603
237.332381
238.250159
239.304127
240.395873
241.615556
243.401270
243.840000
245.533333
247.809206
249.800000
251.542540
253.298549
254.962449
256.923810
259.150839
261.013061
262.713061
264.620000
266.661270
268.923265
271.344762
273.782857
276.025397
277.922857
279.845397
281.560000
283.480000
285.400000
287.777143
290.728299
294.560000
297.136236
299.197279
301.380000
303.926667
306.058095
308.232562
310.701361
312.791837
314.940000
316.993333
319.716825
321.698639
323.588526
326.116825
328.779365
330.939048
333.849796
336.179320
338.722585
340.778231
343.321769
345.383673
348.000952
350.498639
352.391565
354.716735
356.650159
358.517914
360.549070
362.100045
363.620952
366.952245
369.293560
371.254014
373.374422
375.589932
378.034059
380.088617
382.292381
384.415873
386.615873
389.224762
391.571565
393.616599
395.653968
397.342540
400.010159
401.334603
402.223492
403.317256
404.234603
405.233333
406.193356
407.254603
408.235238
409.159683
410.213968
411.105079
412.026667
412.912698
413.979365
414.997460
415.912381
416.909206
417.893968
418.821270
419.746349
420.724127
422.096508
422.870476
423.815238
424.622857
425.722222
426.597460
427.618413
428.719683
429.821905
430.849524
431.864444
432.888889
433.856508
434.876825
435.896508
436.856508
437.975556
438.962540
439.914853
440.845397
441.805828
442.697143
443.764127
444.684127
445.734921
446.737143
447.633651
448.590476
449.514603
450.351746
451.273968
452.140000
453.166032
454.026984
454.972063
455.844444
456.802222
457.812063
458.640000
459.512063
460.439048
461.263492
462.240000
463.088254
464.055873
464.978095
465.850794
466.743175
467.683175
468.593016
469.520000
470.520000
471.784762
473.205488
475.530431
476.508163
477.440000
478.253968
479.103492
479.882222
480.746667
481.506032
482.415873
483.331111
484.190794
485.040000
485.804127
486.633333
487.426984
488.221270
489.100000
489.950703
490.771746
491.616825
492.360000
493.121905
494.057143
494.851746
495.761905
496.620000
497.456190
498.230635
499.059683
499.868889
500.708571
501.593016
502.433016
503.220000
504.010476
504.759637
505.508435
506.283039
507.068186
507.899819
508.585079
509.358231
510.172517
511.021950
511.893651
512.745034
513.520000
514.499048
515.399138
516.214875
517.079637
517.868435
518.623039
519.692789
520.610295
521.561315
522.340000
523.340000
524.097959
525.127710
526.100998
527.232971
528.082404
528.847619
529.908934
531.027166
532.140045
533.237143
534.293605
535.359410
536.320000
537.680000
539.152154
541.102132
542.256417
543.241361
544.362540
545.359955
546.394558
547.427211
548.360816
549.897188
551.162948
552.322948
553.321361
554.465533
555.525850
556.680998
558.154150
560.216825
561.396916
562.411519
563.566122
564.548798
565.686621
566.669932
567.811293
569.233469
570.616009
571.716327
572.740000
573.876372
575.140499
576.407256
577.749433
580.408526
581.573469
582.570340
583.478186
584.426349
585.357098
586.193333
587.078912
587.875147
588.720726
589.583401
590.454785
591.277778
592.152063
593.001497
593.837732
594.686848
595.478458
596.360771
597.196009
598.011882
598.922268
599.784263
600.544989
601.310204
602.394104
603.139955
604.137415
605.003583
606.264853
607.250748
608.173424
609.218367
610.172653
611.072109
611.923175
612.777143
613.667891
614.442177
615.324853
616.147528
616.953107
617.787075
618.670068
619.543719
620.545714
621.400000
622.219138
623.130522
623.901270
624.821361
625.698549
626.445760
627.317143
628.230590
629.048617
629.922268
630.650431
631.516825
632.305805
633.100000
633.884762
634.773832
635.664762
636.617143
637.480635
638.577143
639.313651
640.065488
