0.680000
5.267664
10.705760
16.520635
21.185079
26.180000
28.756508
29.858095
30.708254
31.544444
32.608571
33.565079
34.393016
35.353968
36.261905
37.108571
38.113333
39.049524
39.959683
40.862222
41.727302
42.617778
43.505397
44.367619
45.290159
46.110476
47.036190
47.901270
48.716825
49.604762
50.436825
51.334921
52.177007
53.221497
54.149796
55.161633
56.231293
57.050476
57.929252
58.785533
59.644082
60.578776
61.456735
62.308571
63.260000
64.252653
65.283900
66.206531
67.169116
68.123311
69.003175
69.899229
70.789478
71.704490
72.638367
73.583447
74.526667
75.446349
76.407800
77.262086
78.187256
79.056145
80.001224
80.859977
81.718912
82.674875
83.571587
84.365215
85.344898
86.159093
87.177007
88.025805
88.940091
89.839864
90.746803
91.576916
92.484490
93.380544
94.185714
95.377959
96.306757
97.152018
98.035420
98.940000
99.856553
100.732608
101.734059
102.715420
103.700590
104.640272
105.600136
106.543447
107.490385
108.573515
109.500000
110.412880
111.294422
112.130476
113.026531
113.880816
114.756871
115.589297
116.420000
117.320000
118.202766
119.131565
119.912517
120.889524
121.703946
122.713605
123.611020
124.478912
125.390340
126.314603
127.365306
128.180000
129.033061
129.874286
130.733061
131.567347
132.494739
133.228163
134.179048
135.106395
136.057279
136.925578
137.843401
138.746531
139.716417
140.587483
141.358095
142.246259
143.123265
144.038912
144.919070
145.821270
146.588095
147.594014
148.470068
149.380000
150.321361
151.252245
151.979977
152.991429
153.922313
154.815782
155.743129
156.684807
157.473061
158.386531
159.283265
160.182041
161.056735
161.991746
162.820408
163.789841
164.680000
165.627937
166.541905
167.454286
168.392381
169.393968
170.348889
171.260000
172.059184
173.084762
173.960000
174.812245
175.675918
176.575918
177.504490
178.386122
179.180000
180.109388
180.967347
181.857551
182.745714
183.573061
184.500408
185.471837
186.430612
187.340000
188.308571
189.206122
190.353061
191.147755
192.066939
192.929388
193.756327
194.897551
195.762086
196.732404
197.652857
198.547755
199.495918
200.290612
201.151429
202.082041
202.995510
203.968571
205.054603
205.892063
206.818413
207.834286
208.857143
209.721587
210.820000
211.705397
212.579048
213.571429
214.510794
215.429524
216.287302
217.182132
218.047302
218.947619
219.790159
220.700000
221.542472
222.453333
223.340635
224.086032
225.059048
225.908889
226.820000
227.721905
228.778730
229.692063
230.717778
231.705714
232.528254
233.335873
234.253651
235.140952
236.044762
236.967302
237.954603
239.012381
240.010159
241.264127
242.535873
243.955556
245.721270
246.480000
248.493333
250.829206
253.181270
255.682540
257.858549
260.402449
262.963810
266.130839
268.113061
270.133061
273.000000
275.701270
278.643265
281.744762
285.302857
287.625397
290.682857
293.905397
296.497143
299.308571
301.890476
305.011429
308.488299
312.340000
316.036236
318.157279
320.741406
324.266667
326.698095
329.112562
331.661361
334.031837
336.180000
338.213333
340.996825
343.398639
345.788526
348.536825
351.019365
353.179048
355.729796
357.919320
359.742585
361.698231
363.801769
365.983673
368.460952
370.638639
372.871565
375.136735
377.010159
378.917914
381.285351
382.960045
384.500952
387.209569
389.393560
391.514014
393.874422
396.309932
399.894059
402.508617
405.812381
408.115873
410.435873
412.904762
415.471565
418.436599
420.573968
422.362540
424.410159
425.334603
426.123492
426.977256
427.754603
428.633333
429.533356
430.414603
431.255238
432.139683
433.053968
433.885079
434.706667
435.612698
436.479365
437.437460
438.272381
439.129206
439.973968
440.801270
441.646349
442.524127
443.472063
444.290476
445.215238
446.142857
447.082222
447.877460
448.878413
449.839683
450.941905
451.769524
452.704444
453.488889
454.320000
455.260000
456.100000
456.976508
457.835556
458.762540
459.674853
460.485397
461.405828
462.297143
463.224127
464.164127
465.174921
466.117143
467.013651
467.830476
468.680000
469.591746
470.493968
471.469751
472.406032
473.266984
474.232063
475.184444
476.002222
476.952063
477.849206
478.812063
479.659048
480.583492
481.561270
482.488254
483.435873
484.378095
485.330794
486.203175
487.143175
488.053016
489.029206
490.009524
491.304762
492.600000
494.390431
495.268163
496.208889
497.093968
498.023492
498.902222
499.686667
500.566032
501.475873
502.391111
503.250794
504.138458
505.004127
505.813333
506.666984
507.461270
508.406984
509.310703
510.131746
510.996825
511.922222
512.480000
513.597143
514.551746
515.401905
516.280000
517.176190
518.010635
518.879683
519.588889
520.588571
521.513016
522.473016
523.549524
524.410476
525.279637
526.168435
527.063039
527.988186
528.899819
529.765079
530.618231
531.512517
532.521950
533.433651
534.345034
535.337687
536.399048
537.299138
538.314875
539.139637
540.008435
540.923039
541.912789
542.870295
543.821315
544.750431
545.815646
546.797959
547.667710
548.700998
549.832971
550.780000
551.767619
552.948934
554.587166
555.920045
557.357143
558.633605
559.999410
561.257460
562.726440
564.492154
566.842132
567.716417
568.481361
569.382540
570.199955
571.094558
572.007211
572.640816
574.217188
575.642948
576.982948
578.281361
579.645533
581.005850
582.600998
584.374150
587.155556
588.076916
588.891519
589.786122
590.628798
591.566621
592.369932
593.431293
594.960000
596.476009
598.396327
599.780544
601.296372
602.860499
604.527256
606.449433
609.948526
610.853469
611.590340
612.458186
613.346349
614.057098
614.853333
615.678912
616.495147
617.200726
618.103401
619.014785
619.837778
620.752063
621.721497
622.557732
623.406848
624.318458
625.400771
626.256009
627.171882
628.122268
629.164263
630.004989
630.930204
631.914104
632.839955
633.897415
634.963583
636.284853
637.170748
638.013424
638.818367
639.632653
640.412109
641.223175
642.057143
642.800000
643.702177
644.564853
645.267528
646.113107
646.947075
647.830068
648.703719
649.545714
650.379683
651.259138
652.010522
652.801270
653.701361
654.558549
655.320000
656.137143
657.030590
657.808617
658.662268
659.490431
660.316825
661.145805
661.976553
662.824762
663.573832
664.420000
665.257143
666.280635
667.377143
668.213651
669.025488
