0.920000
4.967664
9.605760
13.960635
17.940000
21.440000
23.236508
24.060000
24.768254
25.504444
26.308571
27.165079
27.933016
28.693968
29.441905
30.208571
31.053333
31.889524
32.739683
33.582222
34.387302
35.240000
36.020000
36.840000
37.650159
38.450476
39.296190
40.121270
40.876825
41.764762
42.556825
43.374921
44.157007
45.121497
46.049796
46.861633
47.671293
48.470476
49.249252
50.065533
50.864082
51.680000
52.440000
53.208571
54.140000
54.912653
55.723900
56.566531
57.349116
58.240000
58.963175
59.799229
60.589478
61.384490
62.338367
63.260000
64.006667
64.686349
65.527800
66.342086
67.107256
67.936145
68.801224
69.559977
70.358912
71.214875
71.991587
72.605215
73.544898
74.279093
75.217007
76.045805
76.780091
77.599864
78.386803
79.196916
80.024490
80.820544
81.605714
82.417959
83.180000
83.912018
84.575420
85.280590
86.096553
86.932608
87.614059
88.455420
89.260590
90.000272
90.860136
91.403447
92.350385
93.353515
94.120000
94.952880
95.754422
96.530476
97.360000
98.180816
98.996871
99.769297
100.663492
101.514059
102.342766
103.211565
104.212517
105.129524
105.983946
107.013605
107.931020
108.818912
109.790340
110.694603
111.705306
112.583946
113.493061
114.374286
115.393061
116.167347
117.074739
117.968163
118.879048
119.746395
120.717279
121.565578
122.423401
123.366531
124.396417
125.267483
125.998095
126.866259
127.783265
128.678912
129.659070
130.481270
131.348095
132.254014
133.190068
134.074830
134.981361
135.912245
136.559977
137.551429
138.522313
139.475782
140.463129
141.384807
142.313061
143.206531
144.123265
145.042041
145.996735
146.951746
147.780408
148.709841
149.609841
150.527937
151.521905
152.314286
153.312381
154.333968
155.328889
156.201270
157.119184
158.084762
158.900000
159.852245
160.680000
161.595918
162.664490
163.466122
164.388571
165.329388
166.307347
167.237551
168.165714
169.053061
169.960408
170.951837
171.890612
172.820000
173.848571
174.706122
175.693061
176.587755
177.506939
178.449388
179.296327
180.277551
181.242086
182.172404
183.152857
184.007755
184.935918
185.850612
186.771429
187.642041
188.515510
189.348571
190.174603
190.972063
191.778413
192.674286
193.537143
194.321587
195.139683
195.985397
196.799048
197.651429
198.450794
199.309524
200.187302
201.042132
201.867302
202.707619
203.570159
204.380000
205.162472
206.053333
206.880635
207.686032
208.619048
209.408889
210.291429
210.981905
212.038730
212.932063
213.857778
214.665714
215.468254
216.275873
217.113651
217.940952
218.724762
219.627302
220.554603
221.512381
222.400000
223.360000
224.535873
225.695556
227.621270
228.180000
229.593333
231.909206
233.921270
235.822540
237.718549
239.642449
241.783810
244.070839
245.993061
248.153061
250.260000
252.461270
254.843265
257.104762
260.882857
262.205397
264.102857
266.020000
267.737143
269.768571
271.470476
274.037143
276.708299
280.420000
283.516236
285.357279
287.161406
289.486667
291.438095
293.492562
295.981361
297.771837
299.780000
301.673333
304.296825
306.198639
308.068526
310.456825
312.659365
314.739048
317.429796
319.459320
321.462585
323.158231
325.301769
327.383673
329.420952
331.738639
333.731565
335.656735
337.430159
339.257914
341.269070
342.720045
344.180952
346.769569
348.813560
350.674014
352.594422
354.909932
357.374059
359.508617
362.032381
364.115873
366.235873
368.864762
371.131565
373.016599
374.933968
376.522540
378.650159
379.974603
380.863492
381.880000
382.674603
383.613333
384.593356
385.574603
386.495238
387.379683
388.293968
389.145079
390.026667
391.012698
391.959365
392.937460
393.812381
394.749206
395.633968
396.581270
397.486349
398.464127
399.512063
400.330476
401.235238
402.080000
403.122222
403.997460
404.978413
405.979683
407.081905
408.029524
409.024444
409.928889
410.756508
411.736825
412.676508
413.556508
414.575556
415.542540
416.514853
417.345397
418.345828
419.217143
420.164127
420.964127
422.074921
423.017143
423.933651
424.850476
425.734603
426.571746
427.513968
428.309751
429.306032
430.146984
431.092063
431.784444
432.822222
433.712063
434.629206
435.472063
436.299048
437.163492
438.021270
438.868254
439.800000
440.678095
441.580000
442.443175
443.383175
444.253016
445.189206
446.169524
447.424762
448.685488
450.790431
451.788163
452.728889
453.573968
454.403492
455.162222
455.986667
456.766032
457.615873
458.571111
459.350794
460.138458
460.964127
461.813333
462.546984
463.301270
464.206984
465.050703
465.860000
466.716825
467.422222
468.201905
469.117143
469.911746
470.721905
471.576508
472.416190
473.150635
474.039683
474.868889
475.728571
476.533016
477.373016
478.140000
478.890476
479.599637
480.308435
481.083039
481.868186
482.580000
483.245079
483.980000
484.732517
485.660000
486.513651
487.385034
488.057687
489.059048
489.939138
490.714875
491.519637
492.328435
493.123039
494.112789
495.010295
495.881315
496.690431
497.715646
498.497959
499.487710
500.480000
501.532971
502.502404
503.387619
504.348934
505.647166
506.560045
507.680000
508.673605
509.640000
510.677460
511.806440
513.412154
515.462132
516.496417
517.401361
518.422540
519.279955
520.274558
521.287211
522.280816
523.877188
524.940000
525.922948
526.920000
527.945533
528.845850
529.960998
531.354150
533.396825
534.436916
535.411519
536.386122
537.288798
538.246621
539.189932
540.151293
541.393469
542.836009
543.976327
544.880544
545.940000
547.000499
548.167256
549.709433
552.248526
553.273469
554.210340
555.158186
556.106349
557.017098
557.833333
558.698912
559.395147
560.260726
561.103401
561.954785
562.697778
563.472063
564.441497
565.197732
566.046848
566.778458
567.580771
568.396009
569.231882
569.982268
570.784263
571.564989
572.370204
573.234104
574.039955
574.937415
575.760000
576.824853
577.830748
578.693424
579.598367
580.612653
581.512109
582.383175
583.177143
584.027891
584.782177
585.624853
586.467528
587.233107
588.007075
588.910068
589.703719
590.745714
591.559683
592.339138
593.230522
593.961270
594.741361
595.658549
596.465760
597.217143
598.030590
598.888617
599.680000
600.400000
601.176825
601.945805
602.756553
603.404762
604.233832
605.044762
605.997143
606.860635
607.877143
608.573651
609.605488
