0.480000
4.187664
8.905760
13.960635
17.985079
20.940000
22.656508
23.578095
24.388254
25.224444
26.128571
27.065079
27.933016
28.773968
29.641905
30.508571
31.353333
32.309524
33.199683
34.062222
34.947302
35.837778
36.725397
37.567619
38.510159
39.290476
40.216190
41.041270
41.996825
42.784762
43.636825
44.474921
45.317007
46.201497
47.049796
48.021633
48.851293
49.690476
50.529252
51.425533
52.260000
53.140000
53.996735
54.768571
55.800000
56.632653
57.483900
58.346531
59.249116
60.143311
60.983175
61.839229
62.709478
63.544490
64.418367
65.323447
66.246667
67.106349
68.040000
68.882086
69.747256
70.596145
71.521224
72.359977
73.238912
74.180000
75.071587
75.905215
76.844898
77.759093
78.677007
79.585805
80.460091
81.339864
82.226803
83.096916
83.964490
84.840544
85.745714
86.577959
87.446757
88.252018
89.115420
89.940590
90.736553
91.632608
92.554059
93.535420
94.440590
95.320272
96.180136
97.123447
97.950385
99.073515
99.936825
100.792880
101.634422
102.530476
103.406531
104.260816
105.116871
105.969297
106.883492
107.794059
108.622766
109.551565
110.412517
111.389524
112.323946
113.293605
114.271020
115.178912
116.010340
116.934603
118.045306
118.963946
119.913061
120.814286
121.833061
122.687347
123.614739
124.508163
125.399048
126.326395
127.397279
128.365578
129.323401
130.346531
131.436417
132.347483
133.118095
134.006259
135.003265
135.958912
136.919070
137.841270
138.748095
139.734014
140.630068
141.640000
142.761361
143.732245
144.679977
145.691429
146.662313
147.615782
148.623129
149.624807
150.573061
151.486531
152.503265
153.502041
154.496735
155.611746
156.440408
157.489841
158.449841
159.427937
160.461905
161.434286
162.532381
163.513968
164.428889
165.381270
166.299184
167.264762
168.200000
169.092245
170.015918
170.895918
171.984490
172.906122
173.828571
174.769388
175.747347
176.777551
177.765714
178.773061
179.700408
180.751837
181.710612
182.680000
183.708571
184.726122
185.753061
186.687755
187.626939
188.569388
189.516327
190.497551
191.462086
192.432404
193.432857
194.387755
195.355918
196.270612
197.211429
198.102041
199.015510
200.108571
201.054603
201.920000
202.878413
203.774286
204.677143
205.661587
206.499683
207.400000
208.279048
209.191429
210.070794
210.989524
211.887302
212.742132
213.647302
214.527619
215.390159
216.280000
217.122472
218.073333
218.960635
219.806032
220.699048
221.508889
222.311429
223.221905
224.178730
225.012063
225.937778
226.825714
227.648254
228.555873
229.380000
230.180952
231.124762
232.107302
233.074603
233.912381
234.970159
236.044127
237.115873
238.235556
239.520000
240.883175
242.553333
245.389206
247.881270
249.620000
251.618549
253.522449
255.523810
258.050839
259.773061
261.933061
264.060000
266.081270
268.343265
270.904762
273.422857
275.765397
278.162857
280.685397
283.437143
286.108571
288.830476
291.697143
294.728299
298.020000
300.836236
302.700000
304.601406
306.946667
308.598095
310.692562
312.581361
314.331837
315.960000
317.573333
319.416825
321.278639
323.008526
324.976825
327.040000
328.719048
330.609796
332.499320
334.262585
335.700000
337.481769
339.203673
341.040952
343.018639
344.931565
346.816735
348.650159
350.557914
352.596281
354.060045
355.320952
357.729569
359.833560
361.580000
363.454422
365.389932
367.814059
369.700000
371.792381
373.475873
374.995873
376.984762
378.751565
380.716599
382.833968
384.642540
386.810159
387.754603
388.623492
389.497256
390.354603
391.333333
392.313356
393.154603
394.095238
395.019683
395.933968
396.805079
397.626667
398.440000
399.459365
400.457460
401.412381
402.329206
403.193968
404.121270
405.026349
405.844127
406.892063
407.750476
408.695238
409.660000
410.622222
411.517460
412.538413
413.499683
414.501905
415.429524
416.284444
417.148889
418.116508
418.936825
419.836508
420.736508
421.635556
422.602540
423.554853
424.405397
425.365828
426.217143
427.164127
428.140000
429.114921
429.997143
430.820000
431.810476
432.754603
433.591746
434.533968
435.469751
436.506032
437.446984
438.320000
439.264444
440.182222
441.112063
442.009206
442.952063
443.839048
444.743492
445.661270
446.608254
447.575873
448.558095
449.530794
450.423175
451.383175
452.173016
453.289206
454.249524
455.364762
456.620000
458.690431
459.688163
460.628889
461.593968
462.603492
463.462222
464.366667
465.246032
466.215873
467.191111
468.110794
469.018458
469.884127
470.773333
471.646984
472.501270
473.460000
474.350703
475.071746
476.053651
477.022222
477.701905
478.817143
479.731746
480.761905
481.656508
482.596190
483.470635
484.419683
485.308889
486.228571
487.153016
488.053016
488.949524
489.830476
490.619637
491.528435
492.383039
493.228186
494.079819
494.945079
495.798231
496.712517
497.681950
498.613651
499.525034
500.417687
501.559048
502.439138
503.354875
504.259637
505.168435
506.023039
506.972789
507.890295
508.861315
509.710431
510.675646
511.577959
512.607710
513.600998
514.732971
515.522404
516.347619
517.400000
518.467166
519.840045
521.317143
522.653605
524.119410
525.517460
527.166440
529.332154
531.759184
532.896417
533.761361
534.662540
535.499955
536.414558
537.287211
538.200816
539.677188
541.062948
542.642948
544.141361
545.585533
547.005850
548.600998
550.734150
553.096825
554.056916
554.931519
555.866122
556.768798
557.746621
558.689932
559.551293
561.013469
562.696009
564.316327
565.800544
567.521859
569.260499
570.907256
573.149433
576.128526
577.073469
577.970340
578.838186
579.706349
580.537098
581.393333
582.218912
582.995147
583.780726
584.683401
585.494785
586.357778
587.092063
588.061497
588.837732
589.666848
590.500000
591.360771
592.256009
593.171882
593.942268
594.824263
595.664989
596.570204
597.440000
598.259955
599.217415
600.183583
602.164853
603.450748
604.353424
605.278367
606.172653
607.052109
607.923175
608.777143
609.667891
610.462177
611.364853
612.127528
612.953107
613.747075
614.540000
615.263719
616.285714
617.139683
617.899138
618.730522
619.581270
620.481361
621.358549
622.145760
623.037143
623.890590
624.728617
625.602268
626.370431
627.256825
628.085805
628.916553
629.784762
630.693832
631.544762
632.457143
633.440635
634.657143
635.713651
636.745488
