0.940000
5.227664
10.205760
14.660000
19.245079
23.240000
25.136508
26.080000
26.888254
27.784444
28.728571
29.685079
30.573016
31.473968
32.341905
33.268571
34.153333
35.089524
36.099683
36.982222
37.847302
38.737778
39.605397
40.447619
41.390159
42.220000
43.196190
44.061270
44.896825
45.784762
46.636825
47.534921
48.337007
49.261497
50.109796
51.001633
51.891293
52.770476
53.629252
54.505533
55.364082
56.240000
57.136735
58.000000
59.020000
59.972653
60.823900
61.666531
62.569116
63.483311
64.343175
65.199229
66.089478
66.924490
67.798367
68.723447
69.526667
70.366349
71.227800
72.082086
72.927256
73.716145
74.561224
75.399977
76.278912
77.214875
78.091587
78.905215
79.804898
80.579093
81.537007
82.465805
83.300091
84.199864
84.986803
85.896916
86.764490
87.640544
88.525714
89.417959
90.246757
91.052018
91.775420
92.640000
93.476553
94.352608
95.174059
96.075420
96.920590
97.740272
98.560136
99.323447
100.270385
101.333515
102.136825
102.992880
103.814422
104.690476
105.546531
106.400816
107.256871
108.089297
108.923492
109.794059
110.582766
111.500000
112.432517
113.429524
114.383946
115.413605
116.391020
117.398912
118.330340
119.194603
120.205306
121.120000
122.053061
122.954286
123.973061
124.887347
125.894739
126.708163
127.699048
128.666395
129.677279
130.605578
131.563401
132.566531
133.716417
134.627483
135.398095
136.306259
137.303265
138.258912
139.199070
140.181270
141.088095
141.994014
143.010068
143.954830
145.041361
146.032245
146.839977
147.851429
148.842313
149.795782
150.823129
151.844807
152.753061
153.586531
154.623265
155.622041
156.556735
157.611746
158.440408
159.429841
160.369841
161.327937
162.361905
163.314286
164.260000
165.293968
166.308889
167.261270
168.119184
169.144762
169.993878
171.032245
172.015918
172.895918
173.984490
174.886122
175.868571
176.769388
177.727347
178.697551
179.625714
180.513061
181.520408
182.551837
183.490612
184.383673
185.468571
186.286122
187.353061
188.227755
189.140000
189.969388
190.836327
191.837551
192.662086
193.532404
194.512857
195.367755
196.275918
197.150612
198.071429
198.922041
199.855510
200.768571
201.714603
202.460000
203.418413
204.314286
205.277143
206.121587
206.979683
207.885397
208.779048
209.691429
210.610794
211.609524
212.507302
213.382132
214.207302
215.147619
216.010159
216.880000
217.782472
218.733333
219.580635
220.406032
221.299048
222.188889
223.091429
223.941905
224.900000
225.812063
226.777778
227.685714
228.508254
229.420000
230.273651
231.120952
232.124762
233.107302
234.054603
235.012381
236.020000
237.164127
238.295873
239.595556
240.701270
241.523175
243.313333
245.829206
247.921270
250.242540
252.278549
254.582449
256.783810
259.490839
261.553061
263.833061
265.940000
268.281270
271.183265
273.724762
277.042857
279.305397
281.542857
284.005397
286.417143
289.508571
291.830476
294.497143
297.808299
302.520000
307.176236
309.337279
311.621406
314.586667
317.918095
320.572562
323.101361
325.451837
327.620000
329.953333
333.556825
336.138639
338.648526
341.476825
344.319365
346.399048
349.009796
351.499320
353.302585
354.958231
356.661769
358.603673
360.600952
362.778639
364.891565
366.956735
369.210159
371.537914
373.616281
375.060045
376.660952
379.743537
382.113560
384.234014
386.514422
389.009932
392.634059
395.148617
397.992381
400.475873
402.715873
405.364762
407.577823
409.756599
412.233968
415.262540
419.510159
420.814603
421.703492
422.617256
423.554603
424.513333
425.453356
426.454603
427.471429
428.599683
429.633968
430.685079
431.706667
432.732698
433.799365
434.857460
435.772381
436.769206
437.653968
438.581270
439.526349
440.464127
441.532063
442.390476
443.355238
444.302857
445.322222
446.300000
447.278413
448.379683
449.481905
450.469524
451.524444
452.448889
453.416508
454.396825
455.436508
456.396508
457.280000
458.202540
459.174853
460.045397
460.965828
461.857143
462.864127
463.780000
464.714921
465.657143
466.553651
467.510476
468.414603
469.291746
470.213968
471.209751
472.226032
473.086984
474.012063
474.764444
475.742222
476.692063
477.609206
478.532063
479.479048
480.343492
481.301270
482.168254
483.095873
484.018095
484.930794
485.803175
486.723175
487.573016
488.609206
489.489524
490.644762
491.725488
493.830431
494.748163
495.588889
496.453968
497.303492
498.082222
498.906667
499.780000
500.595873
501.531111
502.350794
503.218458
504.064127
504.953333
505.586984
506.501270
507.486984
508.410703
509.251746
510.136825
511.020000
511.621905
512.697143
513.591746
514.481905
515.356508
516.256190
517.070635
517.999683
518.768889
519.668571
520.533016
521.433016
522.289524
523.110476
523.879637
524.668435
525.503039
526.328186
527.199819
527.905079
528.718231
529.500000
530.401950
531.273651
532.165034
532.937687
533.939048
534.819138
535.634875
536.579637
537.328435
538.403039
539.392789
540.330295
541.401315
542.270431
543.355646
544.377959
545.447710
546.520998
547.932971
548.942404
549.947619
551.060000
552.627166
553.880045
555.257143
556.533605
557.839410
559.097460
560.806440
562.832154
565.582132
567.016417
567.881361
568.942540
569.839955
571.105578
571.927211
572.820816
574.557188
575.760000
577.002948
578.221361
579.545533
580.805850
582.300998
584.334150
586.596825
588.136916
589.071519
589.966122
590.868798
591.846621
592.809932
593.891293
595.300000
596.776009
598.056327
599.240544
600.556372
601.940499
603.487256
605.289433
608.328526
609.233469
610.070340
610.938186
611.826349
612.697098
613.553333
614.458912
615.235147
616.100726
617.003401
617.854785
618.737778
619.512063
620.481497
621.317732
622.186848
623.078458
623.920771
624.816009
625.731882
626.562268
627.504263
628.264989
629.230204
630.254104
631.239955
632.457415
633.583583
635.144853
636.110748
636.913424
637.798367
638.852653
639.732109
640.663175
641.537143
642.427891
643.282177
644.144853
644.967528
645.793107
646.627075
647.500000
648.343719
649.385714
650.339683
651.239138
652.070522
652.920000
653.760000
654.638549
655.365760
656.197143
657.110590
657.988617
658.842268
659.590431
660.456825
661.205805
662.036553
662.764762
663.560000
664.284762
665.017143
665.960635
667.057143
668.113651
669.145488
