1.056508
6.407664
12.445760
17.760635
23.805079
28.640000
31.316508
32.398095
33.268254
34.144444
35.108571
36.105079
36.993016
37.893968
38.781905
39.688571
40.553333
41.589524
42.539683
43.402222
44.287302
45.140000
45.965397
46.827619
47.770159
48.530476
49.536190
50.341270
51.256825
52.164762
53.076825
54.014921
54.957007
56.101497
57.089796
58.361633
59.311293
60.150476
61.129252
62.085533
62.964082
64.238776
65.156735
66.088571
66.760000
67.732653
68.703900
69.686531
70.609116
71.503311
72.423175
73.359229
74.289478
75.200000
76.118367
76.983447
78.006667
78.886349
79.847800
80.742086
81.667256
82.596145
83.561224
84.499977
85.378912
86.354875
87.311587
88.185215
89.084898
90.119093
90.997007
91.845805
92.760091
93.659864
94.526803
95.396916
96.284490
97.200544
98.125714
99.117959
100.026757
100.852018
101.715420
102.580590
103.436553
104.332608
105.234059
106.155420
107.080590
108.000272
108.860136
109.863447
110.710385
111.733515
112.496825
113.432880
114.274422
115.130476
116.006531
116.780816
117.676871
118.549297
119.483492
120.374059
121.342766
122.631565
123.972517
125.129524
125.983946
126.893605
127.871020
128.878912
129.570340
130.634603
131.805306
132.723946
133.713061
134.634286
135.693061
136.567347
137.614739
138.548163
139.599048
140.486395
141.477279
142.305578
143.263401
144.266531
145.356417
146.447483
147.218095
148.106259
149.123265
150.078912
151.139070
151.981270
152.868095
153.914014
154.950068
155.894830
156.801361
157.812245
158.700000
159.662857
160.762313
161.755782
162.823129
163.804807
164.733061
165.706531
166.703265
167.722041
168.716735
169.751746
170.700408
171.669841
172.629841
173.607937
174.601905
175.454286
176.512381
177.533968
178.468889
179.401270
180.219184
181.224762
182.173878
183.172245
184.155918
185.035918
186.124490
187.086122
187.968571
188.909388
189.907347
190.977551
191.905714
192.873061
193.920408
194.931837
195.870612
196.843673
197.808571
198.826122
199.933061
200.807755
201.866939
202.760000
203.676327
204.677551
205.622086
206.592404
207.632857
208.327755
209.515918
210.410612
211.311429
212.262041
213.155510
214.208571
215.134603
215.992063
216.958413
217.914286
218.860000
219.721587
220.679683
221.565397
222.479048
223.471429
224.430794
225.389524
226.287302
227.202132
228.047302
228.927619
229.790159
230.700000
231.562472
232.573333
233.480635
234.326032
235.299048
236.288889
237.271429
238.281905
239.418730
240.432063
241.717778
242.705714
243.628254
244.495873
245.393651
246.280952
247.180000
248.187302
249.134603
250.100000
251.090159
252.064127
253.155873
254.295556
255.521270
256.423175
258.573333
261.049206
263.321270
265.942540
268.678549
271.722449
274.503810
277.330839
279.433061
282.313061
284.940000
287.521270
290.283265
293.004762
296.002857
298.805397
301.402857
303.805397
306.157143
309.368571
311.930476
314.597143
317.728299
321.900000
324.996236
327.397279
329.801406
332.966667
335.478095
337.892562
340.981361
343.011837
345.100000
346.933333
349.336825
351.538639
353.928526
356.776825
359.199365
361.059048
363.649796
365.639320
367.642585
369.418231
371.401769
373.683673
375.700952
377.838639
379.671565
381.536735
383.310159
385.177914
386.936281
388.400045
389.880952
392.449569
394.393560
396.494014
398.514422
400.489932
403.034059
405.888617
408.252381
410.275873
412.200000
414.364762
416.671565
419.056599
421.233968
423.322540
425.690159
426.894603
427.783492
428.717256
429.674603
430.673333
431.713356
432.654603
433.655238
434.599683
435.573968
436.460317
437.386667
438.472698
439.439365
440.377460
441.332381
442.269206
443.213968
444.181270
445.166349
446.084127
447.072063
447.990476
448.975238
449.900000
450.942222
451.877460
452.993651
454.039683
454.941905
455.909524
456.904444
457.748889
458.716508
459.696825
460.596508
461.556508
462.495556
463.342540
464.514853
465.365397
466.365828
467.277143
468.304127
469.244127
470.314921
471.357143
472.253651
473.310476
474.254603
475.191746
476.153968
477.069751
478.126032
479.106984
479.952063
480.944444
482.122222
483.012063
483.949206
484.932063
485.859048
486.763492
487.741270
488.668254
489.615873
490.498095
491.470794
492.463175
493.423175
494.413016
495.429206
496.460000
497.504762
498.665488
500.410431
501.608163
502.568889
503.533968
504.523492
505.502222
506.506667
507.446032
508.395873
509.511111
510.470794
511.538458
512.444127
513.373333
514.306984
515.180000
516.146984
517.070703
518.031746
518.976825
519.982222
520.921905
521.877143
522.811746
523.761905
524.696508
525.676190
526.530635
527.479683
528.248889
529.268571
530.253016
531.193016
532.149524
533.010476
533.919637
534.828435
535.703039
536.588186
537.479819
538.365079
539.258231
540.172517
541.121950
542.033651
542.905034
543.897687
544.939048
545.919138
546.834875
547.779637
548.588435
549.623039
550.712789
551.650295
552.601315
553.680000
554.555646
555.617959
556.607710
557.620998
558.732971
559.702404
560.667619
561.848934
563.227166
564.680045
566.117143
567.454422
568.899410
570.357460
572.186440
574.372154
576.702132
578.096417
578.961361
580.082540
580.899955
581.874558
582.767211
583.721633
585.477188
587.042948
588.742948
590.361361
592.165533
593.785850
595.760998
598.334150
601.496825
603.076916
604.051519
604.986122
605.908798
606.866621
607.809932
608.811293
610.240000
611.536009
614.236327
615.740544
617.456372
619.140499
620.994512
623.549433
626.608526
627.553469
628.490340
629.358186
630.286349
631.174195
632.133333
633.058912
633.915147
634.800726
635.703401
636.614785
637.517778
638.432063
639.461497
640.297732
641.246848
642.258458
643.260771
644.176009
645.131882
646.062268
647.064263
647.964989
648.970204
649.954104
650.919955
652.017415
653.023583
654.364853
655.270748
656.173424
657.258367
658.305306
659.272109
660.243175
661.177143
662.187891
663.102177
664.084853
665.087528
665.993107
666.947075
667.880000
668.723719
669.765714
670.819683
671.799138
672.810522
673.721270
674.661361
675.657098
676.545760
677.517143
678.490590
679.428617
680.382268
681.250431
682.116825
682.985805
683.836553
684.704762
685.553832
686.484762
687.397143
688.340635
689.340000
690.053651
691.085488
