0.806032
1.565850
2.770204
4.216054
7.313197
8.580045
9.897143
11.032653
12.380000
13.801905
15.251202
16.645714
18.850975
20.352562
21.631429
22.970612
24.439048
25.782041
27.001633
28.269388
29.656463
31.077460
32.400816
33.672381
35.031293
36.297143
37.517279
38.754694
40.383855
41.957460
43.358821
44.818776
46.117279
47.369773
48.548481
49.867347
51.247347
52.422857
53.620000
54.714966
56.048163
57.147347
58.549388
63.028980
64.278912
65.353878
66.480000
67.878413
69.074286
70.227755
71.519728
72.781587
74.087166
75.319728
76.554875
78.175918
80.539320
82.250884
83.553469
84.899592
86.286803
87.560000
88.780000
89.940000
91.337687
92.663810
93.786077
95.096054
96.361542
97.679274
98.798639
99.942177
102.246122
103.953107
105.858413
107.724490
109.923265
111.696735
113.068299
114.388934
115.547937
118.933469
120.996871
122.940998
124.593197
126.172789
127.864898
129.574150
131.382902
133.244036
135.481769
138.629796
141.061270
143.336327
145.930204
148.405170
150.872653
153.582449
156.135918
159.104762
161.344490
163.541633
165.836735
168.790204
171.373741
173.859184
176.128163
178.584082
180.804263
183.243628
185.723810
187.974694
190.376054
194.019320
196.509751
199.003084
201.346848
203.720000
206.060590
208.385034
210.627347
212.921270
214.805578
216.272381
217.740000
218.944580
220.193515
222.197143
224.973878
227.351474
229.951837
233.173878
235.938095
237.261633
238.604762
239.866349
241.158730
242.529977
244.177778
245.599592
246.767891
247.934014
249.119819
250.270476
251.290476
252.400000
253.488798
254.586531
255.551429
256.508435
257.715510
258.825170
260.040000
262.735692
265.738776
269.010612
271.681905
274.927664
277.433016
281.014694
283.760000
286.989388
290.374921
293.701043
297.416508
300.479184
301.835601
303.061769
304.167302
305.214785
306.208889
307.229841
308.213061
309.185397
310.186122
311.235556
312.231111
313.704490
316.558776
319.393968
322.672381
325.774150
328.886939
332.117143
336.051111
339.076463
342.771134
345.437959
