0.566032
1.285850
2.430204
3.856054
7.133197
8.480045
9.597143
10.712653
11.652698
12.941905
14.351202
16.025714
18.190975
19.552562
20.851429
22.090612
23.479048
24.702041
25.881633
27.240000
28.716463
30.057460
31.240816
32.512381
33.771293
34.997143
36.217279
37.474694
38.923855
40.257460
41.558821
42.858776
44.057279
45.229773
46.468481
47.707347
48.827347
49.882857
51.006122
52.274966
53.748163
55.027347
56.649388
61.628980
63.178912
64.460000
65.700000
67.158413
68.434286
69.587755
70.859728
72.041587
73.387166
74.599728
75.834875
77.275918
79.159320
80.470884
81.693469
82.879592
84.206803
85.470340
86.636463
87.900000
89.337687
90.623810
91.806077
93.036054
94.201542
95.499274
96.678639
97.862177
99.546122
100.953107
102.518413
103.724490
105.263265
106.836735
108.408299
109.688934
110.947937
113.476735
115.176871
116.720000
117.953197
119.032789
120.464898
121.914150
123.382902
125.904036
128.621769
131.849796
134.361270
136.796327
138.950204
141.311293
143.512653
145.682449
148.055918
150.564762
152.764490
155.101633
157.336735
160.590204
163.133741
165.479184
167.708163
169.984082
172.220000
174.460000
176.900000
179.034694
181.356054
184.219320
186.369751
188.563084
190.926848
193.100000
195.240590
197.445034
199.787347
202.061270
204.105578
205.852381
207.644354
209.364580
211.113515
213.377143
216.013878
218.431474
220.831837
224.113878
226.758095
228.061633
229.257460
230.406349
231.698730
233.109977
234.897778
236.159592
237.387891
238.654014
239.999819
241.210476
242.450476
243.641905
244.868798
246.086531
247.251429
248.440000
249.700000
251.105170
252.763492
255.295692
257.918776
260.450612
262.461905
265.187664
267.613016
270.334694
272.640000
275.149388
278.194921
281.002086
283.880000
286.279184
287.535601
288.661769
289.727302
290.694785
291.668889
292.649841
293.593061
294.525397
295.506122
296.455556
297.551111
299.264490
301.818776
304.533968
307.552381
310.754150
313.986939
317.657143
321.917778
325.056463
327.971134
330.637959
