0.506032
1.305850
2.710204
4.096054
6.653197
7.940045
9.417143
10.612653
12.072698
13.721905
15.271202
16.885714
18.730975
20.232562
21.591429
23.030612
24.399048
25.682041
27.061633
28.449388
29.816463
31.377460
32.680816
34.032381
35.371293
36.697143
37.997279
39.194694
40.603855
41.977460
43.318821
44.618776
45.937279
47.209773
48.528481
49.927347
51.227347
52.582857
53.586122
55.114966
56.508163
57.787347
59.249388
63.168980
64.718912
65.993878
67.279184
68.738413
70.074286
71.367755
72.779728
74.121587
75.487166
76.879728
78.594875
80.615918
82.539320
84.010884
85.393469
86.719592
88.066803
89.350340
90.716463
92.060000
93.537687
94.943810
96.246077
97.576054
98.841542
100.239274
101.498639
102.662177
104.186122
105.893107
107.738413
109.324490
110.903265
112.336735
114.088299
115.588934
117.027937
119.176735
120.796871
122.780998
124.433197
126.032789
128.084898
130.134150
132.262902
134.284036
136.621769
139.809796
142.141270
144.496327
146.690204
148.971293
151.272653
153.362449
155.835918
158.244762
160.484490
162.561633
164.856735
168.230204
170.353741
172.559184
174.648163
176.864082
178.860000
180.863628
183.123810
185.014694
187.056054
189.459320
191.569751
193.643084
195.806848
197.800000
200.000590
202.505034
204.487347
206.300000
207.865578
209.360000
210.780000
212.244580
213.673515
215.657143
217.653878
219.320000
220.991837
223.280000
226.918095
228.281633
229.959683
231.386349
232.778730
234.189977
235.617778
237.059592
238.327891
239.654014
240.999819
242.270476
243.550476
244.821905
246.188798
247.346531
248.691429
249.900000
251.175510
252.445170
253.863492
255.915692
258.440000
260.860000
263.421905
265.547664
267.773016
270.194694
272.500000
274.640000
277.034921
279.081043
281.300000
283.159184
284.775601
286.321769
287.887302
289.274785
290.528889
291.749841
292.793061
293.765397
294.806122
295.675556
296.651111
297.964490
299.998776
302.360000
304.832381
307.434150
309.966939
312.797143
316.051111
317.976463
320.671134
327.637959
