0.726032
1.445850
2.810204
4.836054
7.613197
9.140181
10.677143
12.072653
13.712698
15.601905
17.331202
19.005714
20.710975
22.432562
23.931429
25.510612
27.099048
28.802041
30.101633
31.809388
33.376463
35.037460
36.480816
38.072381
39.671293
41.077143
42.857279
44.294694
46.023855
47.457460
49.098821
50.698776
52.297279
54.009773
55.328481
56.947347
58.507347
59.982857
61.366122
63.159864
64.568163
65.887347
67.609388
71.928980
73.755646
75.473878
76.939184
78.638413
80.194286
81.607755
83.439728
85.081587
86.807166
88.419728
89.954875
91.655918
93.679320
95.290884
96.813469
98.299592
99.886803
101.510340
102.956463
104.380000
105.937687
107.403810
108.866077
110.356054
111.781542
113.339274
114.818639
116.062177
118.266122
119.933107
121.858413
123.464490
125.283265
126.896735
128.728299
130.608934
132.127937
135.036735
137.736871
139.820998
141.553197
143.152789
145.144898
146.934150
148.862902
150.664036
152.461769
154.569796
156.941270
159.216327
161.390204
163.771293
166.092653
168.444898
170.975918
173.604762
176.051429
178.421633
180.816735
184.010204
186.653741
189.239184
191.748163
194.104082
196.584263
199.143628
201.563810
203.960000
206.456054
209.019320
211.309751
213.763084
216.180000
218.460000
220.820590
223.265034
225.687347
228.041270
230.185578
232.232381
234.384354
236.284580
238.153515
240.377143
242.673878
245.091474
246.211837
249.433878
252.598095
254.101633
255.537460
257.406349
258.918730
260.649977
262.257778
263.779592
265.267891
266.674014
268.019819
269.570476
270.970476
272.461905
274.008798
275.446531
276.791429
278.268435
279.735510
281.125170
282.140000
284.535692
286.638776
288.750612
290.781905
293.007664
294.993016
297.274694
299.520000
301.609388
303.854921
306.341043
308.280000
311.059184
312.775601
314.441769
316.007302
317.614785
319.182222
320.449841
321.393061
322.425397
323.506122
324.395556
325.371111
326.644490
328.858776
331.380000
334.012381
336.634150
339.406939
342.337143
345.691111
347.736463
350.391134
353.057959
