0.526032
1.245850
2.370204
3.836054
6.853197
8.200045
9.457143
10.592653
11.932698
13.401905
14.911202
16.445714
18.790975
20.332562
21.751429
23.150612
24.579048
26.042041
27.301633
28.529388
29.996463
31.577460
32.780000
34.032381
35.371293
36.637143
37.897279
39.174694
40.883855
42.357460
43.858821
45.298776
46.697279
47.969773
49.088481
50.427347
51.707347
52.882857
54.106122
55.280000
56.448163
57.747347
59.349388
63.888980
65.438912
66.853878
68.119184
69.558413
70.874286
72.087755
73.339728
74.641587
75.987166
77.379728
78.634875
80.575918
83.457279
85.210884
86.573469
87.859592
89.166803
90.490340
91.716463
92.900000
94.257687
95.563810
96.786077
98.156054
99.381542
100.639274
101.918639
103.142177
106.586122
108.473107
110.918413
113.404490
116.603265
118.536735
120.268299
121.608934
122.947937
126.516735
128.536871
130.680998
132.553197
134.252789
136.184898
137.874150
139.702902
141.604036
143.941769
147.329796
149.821270
152.076327
154.770204
157.411293
160.292653
162.822449
165.595918
168.614286
171.264490
173.541633
176.036735
179.170204
181.893741
184.699184
187.048163
189.484082
192.084263
194.643628
197.443810
199.994694
202.676054
207.019320
209.829751
212.503084
215.146848
217.600000
220.140590
222.565034
224.887347
227.081270
228.945578
230.432381
231.744354
232.964580
234.113515
236.097143
239.013878
241.511474
243.911837
247.393878
249.958095
251.281633
252.717460
254.039048
255.538730
256.969977
258.797778
260.259592
261.547891
262.754014
263.919819
265.010476
266.170476
267.260000
268.308798
269.346531
270.331429
271.340000
272.435510
273.725170
275.483492
278.895692
282.018776
285.970612
288.861905
292.367664
295.213016
299.114694
302.000000
305.411429
309.454921
313.609388
316.522540
320.959184
322.200000
323.221769
324.287302
325.314785
326.308889
327.329841
328.333061
329.365397
330.446122
331.415556
332.551111
334.724490
337.918776
341.113968
345.032381
348.714150
352.393878
356.697143
361.471111
364.556463
367.531134
370.000000
