0.606032
1.465850
2.790204
4.556054
8.993197
10.540045
12.117143
13.412653
14.852698
16.421905
18.031202
19.625714
21.670975
23.132562
24.551429
26.010612
27.499048
28.982041
30.401633
31.909388
33.356463
34.737460
35.980816
37.452381
38.831293
40.257143
41.637279
42.934694
44.403855
45.777460
47.098821
48.638776
50.097279
51.389773
52.768481
54.127347
55.687347
57.062857
58.386122
59.694966
61.028163
62.327347
63.909388
68.328980
69.678912
71.413878
72.679184
74.438413
75.874286
77.267755
78.879728
80.541587
82.487166
83.799728
85.274875
86.935918
88.959320
90.590884
91.953469
93.379592
94.806803
96.190340
97.596463
99.060000
100.537687
101.803810
103.126077
104.496054
105.821542
107.339274
108.578639
109.802177
112.026122
113.613107
115.378413
117.080000
118.823265
120.716735
122.368299
124.068934
125.487937
128.356735
130.976871
133.440998
135.213197
136.832789
138.704898
140.494150
142.782902
145.224036
148.007075
152.389796
155.181270
157.676327
159.970204
162.331293
164.852653
167.362449
169.855918
172.664762
175.144490
177.701633
180.376735
184.170204
190.093741
193.639184
196.348163
198.824082
201.464263
203.960000
206.763810
209.434694
212.196054
215.299320
218.089751
220.563084
223.126848
225.480000
227.680590
229.985034
232.507347
234.881270
237.125578
239.152381
241.344354
243.384580
245.613515
248.577143
251.373878
253.611474
255.931837
258.480000
261.698095
263.021633
264.317460
265.826349
267.158730
268.649977
270.157778
271.639592
273.067891
274.454014
275.879819
277.270476
278.550476
279.861905
281.328798
282.766531
284.311429
285.648435
287.355510
288.925170
290.643492
293.615692
296.638776
299.370612
301.820000
304.447664
306.913016
309.654694
312.260000
315.009388
318.534921
321.963129
325.479683
328.219184
329.915601
331.141769
332.607302
333.794785
334.968889
336.069841
337.053061
338.085397
339.146122
340.155556
341.371111
342.684490
345.598776
348.673968
352.112381
355.434150
358.946939
362.911429
367.111111
370.036463
374.331134
376.997959
