0.299184
0.948254
1.603129
2.299864
2.918594
3.530068
4.159592
4.716553
5.369615
5.913651
6.560000
7.061270
7.652562
8.135102
8.537823
8.955329
9.758866
11.142404
12.168027
12.895692
13.753787
14.475873
15.648299
16.773197
17.940000
18.661587
19.405533
20.047800
20.626531
21.241723
21.918503
22.482721
23.132154
23.659909
24.387029
24.910385
25.438639
25.910295
26.311247
26.786893
27.411973
28.897596
29.808707
30.487166
31.283492
32.565624
34.111973
36.170612
38.235873
40.184535
42.407347
44.855918
46.971020
48.856508
50.773243
52.972245
55.125397
57.232653
59.463175
61.668163
64.068571
66.587075
67.909705
68.774558
69.416780
70.240000
71.434014
72.967800
73.998730
74.839683
75.796825
76.637778
77.565397
78.476735
79.379773
80.346667
81.212608
82.122086
82.988027
83.819138
84.725714
85.663900
86.456077
87.304036
88.176531
88.988435
89.869388
90.615510
91.414694
92.284762
92.977007
93.703537
94.441633
95.094014
95.801406
96.471429
97.102721
97.804717
98.472290
99.216417
99.841905
100.460635
101.220000
101.817551
102.432653
103.117687
103.840272
104.554286
105.266667
105.973878
106.825034
108.329388
109.731837
115.000000
119.133878
119.780408
120.411429
120.943673
121.625714
122.218367
122.894694
123.420839
124.279592
126.217551
128.299184
129.345714
130.011111
130.681587
131.459456
133.486531
135.398050
137.297052
139.153061
140.965805
142.849524
144.644354
146.571156
148.526984
150.315238
152.272653
154.129388
155.959138
157.785034
160.393968
161.435556
162.101905
162.886667
164.694603
165.816190
166.689796
167.533878
168.402041
169.273469
170.071429
170.955510
171.717143
172.693878
173.477959
174.287755
175.122948
175.967755
176.803265
177.625533
178.444898
179.251429
180.093333
180.876054
181.610068
182.411020
183.185442
184.273878
184.879048
185.513061
186.272245
187.045215
187.805442
188.513016
189.291383
190.017098
190.748209
191.497551
192.215918
192.989660
193.662449
194.342585
194.952245
195.642313
196.423810
197.041224
197.792245
198.420317
199.116327
199.853878
200.412517
201.120000
201.754649
202.507732
203.238435
203.899841
204.593288
205.339660
205.946349
206.746395
207.412018
208.040000
208.807347
209.545306
210.073016
210.819410
211.525034
212.115510
212.879501
213.485760
214.125896
214.794739
215.481043
216.125986
216.896417
218.700000
219.937324
221.880000
223.746984
225.814286
227.643719
229.553878
230.408345
231.104943
231.733560
232.793061
234.811429
236.530794
238.045442
239.655510
241.376190
243.197143
245.704127
250.676735
