0.020000
0.468254
1.263129
2.079864
2.778594
3.490068
4.198367
4.796553
5.529615
6.153651
7.008209
7.421270
8.032562
8.495102
8.917823
9.541315
9.918866
11.682404
12.568027
13.295692
14.287574
15.115873
16.428299
17.933197
18.864898
19.521587
20.398730
21.120000
21.786531
22.381723
23.138503
23.762721
24.452154
25.019909
25.807029
26.410385
26.898639
27.370295
27.851247
28.466893
28.811973
30.517596
31.568707
32.227166
32.963492
33.881406
35.331973
36.890612
38.815873
40.924535
42.867347
45.555918
47.571020
49.616508
51.693243
53.932245
55.965397
57.892653
59.803175
61.988163
64.208571
66.907075
68.229705
68.894558
69.636780
70.498458
72.094014
73.387800
74.518730
75.609841
76.716825
77.677778
78.805397
79.896735
80.939773
82.126667
83.232608
84.262086
85.348027
86.533107
87.505714
88.603900
89.636077
90.604218
91.596531
92.688435
93.849388
94.715510
95.714694
96.744762
97.597007
98.423537
99.361633
100.134014
101.070703
101.811429
102.642721
103.444717
104.512290
105.416417
106.041905
106.940635
107.820000
108.477551
109.332653
110.097687
111.060272
111.834286
112.706667
113.873878
114.805034
116.329388
117.731837
122.046122
126.780000
127.500408
128.271429
129.083673
129.631429
130.358367
131.158776
131.900839
132.879592
134.957551
137.045714
138.185714
138.791111
139.441587
140.338367
142.426531
144.098050
145.757052
147.453061
149.165805
150.809524
152.444354
154.051156
155.726984
157.395238
159.052653
160.729388
162.439138
164.165034
166.132381
167.055556
167.741905
168.726667
169.714603
171.256190
172.329796
173.393878
174.482041
175.513469
176.537143
177.695510
178.637143
179.773878
181.017959
182.047755
183.142948
184.267755
185.363265
186.365533
187.544898
188.531429
189.513333
190.456054
191.310068
192.351020
193.325442
194.313878
195.439048
196.293061
197.392245
198.305215
199.105442
199.973016
201.054150
201.797098
202.888209
203.697551
204.535918
205.429660
206.202449
207.002585
207.752245
208.522313
209.463810
210.241224
210.972245
211.760317
212.556327
213.373878
214.052517
214.994014
215.694649
216.635465
217.516871
218.339841
219.233288
220.139660
220.906349
221.766395
222.592018
223.380000
224.207347
225.105306
225.868254
226.659410
227.485034
228.211020
229.059501
229.825760
230.625896
231.354739
232.221043
232.925986
233.856417
235.800000
237.397324
240.184354
241.986984
243.634286
245.180000
246.840000
247.688345
248.524943
249.513560
250.953061
253.131429
254.910794
256.625442
258.375510
260.336190
262.277143
265.284127
270.236735
