0.119592
0.788254
1.483129
2.179864
2.798594
3.470068
4.079592
4.616553
5.336916
6.093651
6.948209
7.581270
8.212562
8.695102
9.097823
9.415329
9.858866
11.342404
12.008027
12.655692
13.453787
14.255873
15.568299
16.693197
18.484898
19.181587
19.985533
20.647800
21.326531
21.941723
22.577007
23.142721
23.792154
24.599909
25.447029
25.950385
26.518639
26.990295
27.371247
27.706893
28.091973
29.657596
30.388707
31.174331
32.003492
32.821406
34.211973
35.930612
37.435873
39.240000
40.707347
42.595918
44.191020
45.736508
47.333243
48.992245
50.560000
52.252653
53.663175
55.208163
56.888571
59.967075
61.309705
62.194558
62.996780
63.858458
65.774014
67.227800
68.338730
69.109841
69.916825
70.737778
71.565397
72.416735
73.219773
74.186667
74.932608
75.742086
76.568027
77.359138
78.185714
79.083900
79.836077
80.544036
81.396531
82.088435
82.869388
83.595510
84.354694
85.104762
85.797007
86.523537
87.221633
87.894014
88.610703
89.291429
89.922721
90.644717
91.372290
92.076417
92.701905
93.300635
94.020000
94.637551
95.292653
95.957687
96.800272
97.574286
98.286667
99.173878
99.985034
101.549388
103.031837
108.586122
114.153878
114.860408
115.511429
116.063673
116.722857
117.298367
117.874694
118.503356
119.239592
120.857551
122.403265
123.205714
123.831111
124.421587
125.318367
127.246531
129.078050
130.957052
132.793061
134.745805
136.629524
138.364354
140.331156
142.326984
144.195238
146.072653
147.809388
149.619138
151.425034
153.990794
154.913333
155.761905
156.546667
157.814603
159.356190
160.429796
161.213878
162.022041
162.833469
163.571429
164.375510
165.197143
166.053878
166.837959
167.627755
168.502948
169.267755
170.123265
170.905533
171.804898
172.631429
173.393333
174.176054
174.930068
175.651020
176.465442
177.193878
177.959048
178.753061
179.432245
180.225215
180.945442
181.673016
182.391383
183.097098
183.888209
184.597551
185.315918
186.069660
186.742449
187.482585
188.172245
188.842313
189.623810
190.261224
191.012245
191.680317
192.376327
193.153878
193.772517
194.560000
195.214649
195.987732
196.778435
197.479841
198.266576
199.039660
199.726349
200.586395
201.332018
202.040000
202.887347
203.685306
204.388254
205.159410
205.885034
206.575510
207.459501
208.245760
209.045896
209.774739
210.541043
211.245986
212.196417
214.220000
215.820000
217.964354
220.266984
221.794286
223.683719
226.053878
226.888345
227.564943
228.413560
229.873061
231.991429
233.810794
235.565442
237.695510
239.704762
241.857143
244.264127
249.296735
