0.379592
0.988254
1.603129
2.199864
2.738594
3.330068
3.939592
4.476553
5.089615
5.713651
6.408209
6.901270
7.512562
7.955102
8.377823
8.735329
9.478866
11.582404
12.588027
13.335692
14.353787
15.435873
17.088299
18.733197
20.524898
21.521587
22.185533
22.767800
23.306531
23.841723
24.438503
24.982721
25.532154
26.159909
26.847029
27.350385
27.858639
28.290295
28.711247
29.146893
29.931973
32.097596
32.928707
33.747166
34.863492
35.921406
37.071973
38.890612
41.095873
43.164535
45.127347
48.475918
50.831020
52.716508
54.713243
57.312245
59.305397
61.252653
63.223175
65.368163
67.648571
70.427075
71.749705
72.714558
73.616780
74.718458
76.414014
77.780000
78.758730
79.549841
80.416825
81.577778
82.485397
83.296735
84.039773
85.126667
86.032608
86.922086
87.788027
88.639138
89.545714
90.523900
91.396077
92.168073
93.156531
94.108435
94.809388
95.755510
96.634694
97.444762
98.297007
99.003537
99.741633
100.454014
101.190703
101.851429
102.522721
103.324717
104.012290
104.636417
105.241905
105.940635
106.700000
107.297551
107.932653
108.746122
109.460272
110.594286
111.220000
112.213878
113.065034
115.049388
116.691837
124.586122
131.613878
132.180408
132.731429
133.183673
133.702857
134.238367
134.774694
135.280839
136.179592
137.897551
140.063265
140.765714
141.431111
142.141587
142.919456
144.926531
146.718050
148.617052
150.393061
152.345805
154.249524
155.904354
157.871156
159.626984
161.435238
163.312653
165.209388
166.939138
168.705034
171.610794
172.795556
173.521905
174.506667
175.734603
177.716190
178.589796
179.413878
180.222041
181.073469
181.911429
182.775510
183.657143
184.673878
185.437959
186.247755
187.142948
187.887755
188.903265
189.665533
190.504898
191.331429
192.353333
193.264218
193.970068
194.751020
195.565442
196.433878
197.239048
197.973061
198.792245
199.525215
200.265442
200.993016
201.771383
202.497098
203.248209
203.937551
204.675918
205.449660
206.222449
206.982585
207.692245
208.462313
209.263810
209.921224
210.692245
211.420317
212.156327
212.913878
213.552517
214.414014
215.054649
215.847732
216.618435
217.359841
218.153288
218.979660
219.666349
220.506395
221.252018
221.960000
222.807347
223.605306
224.348254
225.139410
225.865034
226.555510
227.419501
228.185760
228.825896
229.574739
230.261043
231.065986
231.916417
234.295828
236.037324
238.984354
241.506984
243.574286
245.483719
249.313878
250.148345
251.024943
252.373560
254.213061
256.371429
258.130794
259.885442
261.675510
263.536190
265.657143
269.424127
276.316735
