0.199592
0.688254
1.403129
2.119864
2.738594
3.410068
4.039592
4.616553
5.268073
5.913651
6.708209
7.241270
7.792562
8.215102
8.637823
9.035329
9.398866
11.262404
11.988027
12.675692
13.553787
14.415873
15.828299
17.313197
19.404898
20.141587
20.885533
21.547800
22.166531
22.861723
23.498503
24.102721
24.752154
25.339909
26.247029
26.990385
27.458639
27.910295
28.291247
28.686893
29.011973
30.837596
31.568707
32.267166
33.003492
33.481406
34.431973
35.970612
38.071746
40.364535
42.347347
44.575918
46.251020
47.976508
49.713243
51.432245
52.945397
54.692653
56.243175
57.868163
59.768571
62.407075
63.729705
64.394558
65.236780
66.118458
68.034014
69.327800
70.158730
70.889841
71.676825
72.417778
73.265397
74.056735
74.799773
75.626667
76.372608
77.102086
77.848027
78.579138
79.365714
80.143900
80.816077
81.704036
82.476531
83.205306
83.989388
84.695510
85.514694
86.204762
86.937007
87.663537
88.341633
88.974014
89.730703
90.391429
91.062721
91.824717
92.752290
93.596417
94.341905
95.060635
95.840000
96.537551
97.092653
97.817687
98.800272
99.634286
100.466667
101.933878
103.065034
106.389388
108.351837
113.826122
119.293878
119.880408
120.551429
121.123673
121.822857
122.438367
123.074694
123.680839
124.559592
126.577551
128.343265
129.045714
129.711111
130.381587
131.279456
133.286531
134.998050
136.640000
138.393061
140.005805
141.789524
143.184354
144.891156
146.486984
148.015238
149.512653
151.189388
152.699138
154.225034
156.510794
157.315556
158.021905
159.006667
160.014603
161.816190
162.769796
163.553878
164.302041
165.053469
165.871429
166.655510
167.397143
168.273878
168.997959
169.767755
170.562948
171.307755
172.100000
172.845533
173.664898
174.391429
175.253333
175.996054
176.750068
177.511020
178.285442
179.077143
179.799048
180.513061
181.232245
182.025215
182.705442
183.413016
184.171383
184.877098
185.588209
186.297551
187.015918
187.789660
188.482449
189.202585
189.892245
190.502313
191.280000
191.861224
192.612245
193.280317
193.996327
194.753878
195.332517
196.134014
196.814649
197.567732
198.338435
199.039841
199.813288
200.579660
201.246349
202.006395
202.752018
203.380000
204.147347
204.965306
205.668254
206.419410
207.125034
207.775510
208.619501
209.385760
210.065896
210.834739
211.901043
212.505986
213.136417
215.535828
216.997324
219.424354
222.106984
224.114286
226.663719
229.413878
230.248345
230.944943
232.033560
233.513061
235.871429
237.630794
239.445442
241.915510
243.736190
245.677143
248.444127
253.076735
