0.519184
1.348254
2.143129
2.899864
3.538594
4.290068
4.919592
5.536553
6.249615
7.033651
7.868209
8.401270
9.032562
9.515102
9.957823
10.355329
10.620000
11.922404
12.728027
13.355692
14.133787
14.939365
16.196599
17.553197
18.804898
19.541587
20.405533
21.107800
21.786531
22.461723
23.138503
23.782721
24.512154
25.259909
26.127029
26.710385
27.198639
27.670295
28.131247
28.566893
28.911973
30.237596
30.968707
31.647166
32.503492
33.641406
34.851973
36.430612
38.515873
40.464535
42.307347
44.475918
46.451020
48.376508
50.373243
52.232245
54.305397
56.272653
58.243175
60.408163
62.468571
65.147075
66.469705
67.174558
67.856780
68.658458
69.654014
70.867800
71.658730
72.369841
73.116825
73.817778
74.605397
75.376735
76.099773
76.926667
77.652608
78.522086
79.548027
79.999138
80.785714
81.623900
82.256077
83.024036
83.796531
84.528435
85.289388
85.955510
86.714694
87.424762
88.137007
88.843537
89.541633
90.214014
90.910703
91.551429
92.182721
92.884717
93.592290
94.316417
94.941905
95.640635
96.400000
97.017551
97.572653
98.377687
99.000272
99.754286
100.466667
101.413878
102.225034
103.849388
105.351837
113.106122
120.240000
120.940408
121.671429
122.263673
122.962857
123.618367
124.274694
124.980839
125.899592
127.797551
129.869796
130.665714
131.311111
131.941587
132.779456
134.786531
136.778050
138.677052
140.613061
142.505805
144.489524
146.304354
148.311156
150.306984
152.275238
154.212653
156.149388
158.039138
159.965034
162.090794
162.971111
163.681905
164.486667
165.514603
166.456190
167.189796
167.953878
168.722041
169.473469
170.191429
170.935510
171.657143
172.433878
173.117959
173.867755
174.622948
175.287755
176.003265
176.725533
177.424898
178.191429
178.933333
179.676054
180.430068
181.151020
181.905442
182.593878
183.339048
184.073061
184.792245
185.545215
186.265442
186.973016
187.711383
188.397098
189.128209
189.797551
190.515918
191.309660
191.862449
192.562585
193.212245
193.902313
194.683810
195.301224
196.032245
196.700317
197.396327
198.153878
198.732517
199.534014
200.214649
200.927732
201.658435
202.359841
203.073288
203.799660
204.486349
205.226395
205.932018
206.580000
207.347347
208.085306
208.708254
209.439410
210.145034
210.795510
211.599501
212.245760
212.925896
213.614739
214.361043
215.005986
215.816417
217.555828
219.397324
221.860000
224.086984
226.214286
228.183719
230.293878
231.128345
231.844943
232.713560
234.173061
236.391429
238.250794
240.125442
242.135510
244.016190
245.977143
249.264127
254.276735
