2.139592
2.828254
3.443129
4.159864
4.718594
5.390068
6.019184
6.596553
7.249615
7.833651
8.448209
8.901270
9.352562
9.815102
10.257823
10.641315
11.358866
13.082404
13.808027
14.475692
15.313787
15.955873
17.348299
18.373197
19.240000
19.861587
20.525533
21.147800
21.786531
22.401723
23.078503
23.622721
24.272154
24.839909
25.507029
25.990385
26.438639
26.810295
27.231247
27.646893
27.971973
30.117596
30.928707
31.627166
32.483492
33.381406
34.591973
35.950612
38.055873
40.424535
42.727347
45.511837
47.891020
50.136508
52.573243
54.792245
57.065397
59.392653
61.423175
63.648163
65.888571
68.507075
69.829705
70.574558
71.356780
72.138458
73.134014
74.340000
75.158730
75.969841
76.836825
77.597778
78.465397
79.296735
80.039773
80.926667
81.792608
82.662086
83.488027
84.319138
85.125714
86.043900
86.776077
87.604036
88.456531
89.348435
90.049388
90.855510
91.694694
92.424762
93.257007
94.043537
94.821633
95.528027
96.350703
97.091429
97.842721
98.604717
99.512290
100.216417
101.081905
101.840635
102.620000
103.357551
104.157959
104.999184
105.840272
106.974286
107.686667
108.713878
109.625034
111.489388
112.971837
121.526122
129.360000
130.040408
130.791429
131.323673
131.842857
132.418367
133.114694
133.720839
134.599592
136.257551
138.423265
139.245714
139.831111
140.401587
141.339456
143.526531
145.698050
147.757052
149.793061
152.065805
154.189524
156.124354
158.451156
160.566984
162.875238
165.092653
167.129388
169.679138
171.625034
173.970794
174.735556
175.481905
176.406667
177.414603
178.356190
179.209796
180.033878
180.862041
181.713469
182.471429
183.315510
184.137143
185.013878
185.777959
186.547755
187.382948
188.147755
188.963265
189.805533
190.744898
191.520000
192.293333
193.056054
193.790068
194.591020
195.365442
196.113878
196.839048
197.613061
198.412245
199.165215
199.885442
200.633016
201.391383
202.097098
202.808209
203.537551
204.255918
205.049660
205.802449
206.502585
207.172245
207.902313
208.723810
209.401224
210.152245
210.880317
211.596327
212.393878
213.032517
213.834014
214.494649
215.267732
216.038435
216.859841
217.593288
218.379660
219.086349
219.886395
220.632018
221.340000
222.107347
222.925306
223.588254
224.359410
225.085034
225.755510
226.579501
227.325760
228.045896
228.794739
229.621043
230.285986
231.096417
234.595828
236.657324
239.184354
241.766984
243.834286
245.683719
247.593878
248.308345
249.264943
250.093560
251.633061
253.791429
255.670794
257.445442
259.115510
260.936190
262.857143
265.324127
269.036735
