0.439184
1.228254
1.883129
2.679864
3.358594
4.130068
4.759592
5.396553
6.129615
6.813651
7.628209
8.101270
8.732562
9.155102
9.597823
9.955329
10.378866
11.682404
12.388027
13.115692
13.973787
15.035873
16.260000
17.273197
18.744898
19.501587
20.285533
21.047800
21.746531
22.421723
23.097007
23.742721
24.432154
25.079909
25.767029
26.410385
26.918639
27.470295
27.871247
28.226893
28.500000
29.817596
30.468707
31.147166
31.963492
32.981406
33.951973
35.650612
37.735873
39.744535
41.647347
43.815918
45.671020
47.536508
49.433243
51.172245
53.145397
54.872653
56.783175
58.528163
60.308571
62.447075
63.729705
64.574558
65.336780
66.198458
67.894014
69.827800
70.918730
71.889841
72.896825
73.797778
74.845397
75.876735
76.719773
77.826667
78.792608
79.762086
80.688027
81.459138
82.425714
83.323900
84.136077
84.904036
85.776531
86.568435
87.409388
88.215510
89.034694
89.824762
90.557007
91.343537
92.121633
92.894014
93.670703
94.371429
95.102721
95.904717
96.752290
97.576417
98.201905
98.980635
99.740000
100.437551
101.232653
102.057687
102.860272
104.174286
104.886667
105.613878
106.785034
108.409388
110.071837
116.186122
122.593878
123.480408
124.271429
124.943673
125.685714
126.278367
127.134694
127.820839
129.019592
131.357551
133.923265
134.565714
135.151111
135.761587
136.559456
138.726531
140.718050
142.657052
144.713061
146.545805
148.569524
150.364354
152.371156
154.166984
156.075238
157.932653
159.649388
161.459138
163.205034
166.030794
166.975556
167.741905
168.586667
170.154603
172.616190
173.729796
174.813878
175.842041
176.873469
177.851429
178.935510
179.857143
180.933878
181.977959
182.867755
184.142948
185.047755
186.123265
187.145533
188.204898
189.171429
190.333333
191.212109
192.070068
192.971020
193.825442
194.633878
195.599048
196.353061
197.112245
197.945215
198.736327
199.585079
200.371383
201.117098
201.888209
202.677551
203.435918
204.189660
204.942449
205.782585
206.552245
207.262313
208.143810
208.921224
209.692245
210.480317
211.236327
212.033878
212.692517
213.594014
214.414649
215.187732
216.038435
216.859841
217.693288
218.499660
219.266349
220.126395
220.932018
221.680000
222.527347
223.365306
224.088254
224.859410
225.725034
226.415510
227.239501
228.205760
228.945896
229.714739
230.481043
231.345986
232.236417
234.100000
235.497324
237.484354
239.906984
241.954286
243.903719
246.373878
247.408345
248.224943
249.433560
251.093061
253.471429
255.570794
257.565442
259.906122
261.836190
263.957143
266.964127
272.016735
