0.498776
1.180000
1.863129
2.539864
3.178594
3.810068
4.439592
5.036553
5.689615
6.273651
6.848209
7.341270
7.892562
8.295102
8.737823
9.175329
9.698866
11.762404
12.508027
13.175692
13.853787
14.395873
15.828299
16.873197
17.840000
18.481587
19.205533
19.807800
20.406531
21.021723
21.658503
22.242721
22.892154
23.439909
24.087029
24.570385
24.998639
25.410295
25.851247
26.246893
26.671973
28.837596
29.608707
30.267166
31.023492
32.141406
33.040000
34.310612
36.475873
38.424535
40.207347
42.415918
44.411020
46.176508
48.033243
49.932245
51.865397
53.712653
55.503175
57.428163
59.288571
61.507075
63.229705
63.914558
64.556780
65.618458
66.634014
67.747800
68.618730
69.549841
70.536825
71.397778
72.365397
73.296735
74.239773
75.246667
76.152608
77.122086
78.008027
78.819138
79.825714
80.803900
81.696077
82.484218
83.476531
84.388435
85.269388
86.015510
86.894694
87.764762
88.577007
89.403537
90.261633
91.014014
91.810703
92.571429
93.322721
94.164717
94.992290
95.736417
96.361905
97.160635
97.900000
98.497551
99.272653
100.077687
100.980272
101.774286
102.606667
103.753878
104.825034
106.789388
108.711837
114.546122
120.100000
120.360408
120.951429
121.443673
122.122857
122.758367
123.374694
123.980839
124.979592
127.037551
129.103265
129.705714
130.211111
130.781587
131.559456
133.506531
135.318050
137.137052
139.113061
141.125805
142.989524
144.744354
146.731156
148.506984
150.255238
152.052653
153.849388
155.699138
157.385034
159.310794
159.975556
160.601905
161.386667
162.434603
163.356190
164.189796
165.173878
166.122041
167.093469
167.962857
168.955510
169.817143
170.913878
171.817959
172.687755
173.662948
174.587755
175.523265
176.985533
178.020000
178.431429
179.333333
180.244218
181.110068
182.111020
183.145442
184.193878
184.879048
185.693061
186.733469
187.485215
188.225442
189.073016
189.911383
190.597098
191.528209
192.317551
193.135918
193.969660
194.722449
195.462585
196.192245
196.922313
197.703810
198.421224
199.192245
199.940317
200.636327
201.433878
202.052517
202.874014
203.554649
204.367732
205.098435
205.799841
206.573288
207.339660
208.012698
208.806395
209.572018
210.240000
211.067347
211.845306
212.528254
213.299410
214.065034
214.735510
215.579501
216.305760
217.025896
217.734739
218.681043
219.265986
220.176417
222.675828
224.377324
226.924354
228.966984
230.934286
232.863719
235.293878
236.088345
236.724943
237.413560
238.393061
240.331429
241.770794
243.365442
244.815510
246.316190
247.977143
250.524127
254.036735
