1.099592
1.948254
2.743129
3.519864
4.158594
4.910068
5.639592
6.276553
7.009615
7.633651
8.368209
8.961270
9.652562
10.135102
10.677823
11.155329
11.518866
12.822404
13.620136
14.435692
15.453787
16.239365
17.608299
19.033197
20.344898
21.081587
21.925533
22.667800
23.306531
24.001723
24.778503
25.422721
26.072154
26.639909
27.467029
28.010385
28.598639
29.070295
29.571247
29.886893
30.211973
31.717596
32.468707
33.267166
34.283492
35.201406
37.291973
38.950612
41.235873
43.104535
44.787347
46.795918
48.751020
50.216508
51.773243
53.672245
55.545397
57.252653
59.023175
60.808163
62.688571
65.500000
66.409705
67.314558
68.036780
68.998458
70.154014
71.467800
72.258730
73.049841
73.856825
74.597778
75.405397
76.216735
76.939773
77.806667
78.552608
79.322086
80.128027
80.839138
81.625714
82.443900
83.116077
83.844036
84.636531
85.328435
86.068163
86.715510
87.454694
88.164762
88.877007
89.603537
90.241633
90.874014
91.610703
92.251429
92.882721
93.564717
94.232290
94.936417
95.521905
96.080635
96.800000
97.397551
97.952653
98.597687
99.220272
99.894286
100.606667
101.260000
101.945034
103.469388
104.951837
108.340000
112.760000
113.300408
114.031429
114.703673
115.365714
116.058367
116.754694
117.420839
118.239592
120.077551
121.686122
122.545714
123.291111
124.121587
125.059456
126.746531
128.278050
129.657052
131.373061
132.885805
134.409524
135.724354
137.191156
138.606984
139.995238
141.400000
142.929388
144.399138
145.845034
147.770794
148.615556
149.341905
150.226667
151.554603
152.416190
153.149796
153.913878
154.622041
155.353469
156.071429
156.815510
157.517143
158.333878
159.037959
159.760000
160.540000
161.107755
161.880000
162.620000
163.384898
163.971429
164.733333
165.456054
166.130068
166.791020
167.505442
168.213878
168.899048
169.633061
170.312245
171.005215
171.685442
172.313016
173.031383
173.697098
174.340000
174.997551
175.635918
176.329660
176.962449
177.622585
178.252245
178.922313
179.680000
180.301224
180.972245
181.720317
182.356327
183.053878
183.632517
184.354014
184.934649
185.647732
186.418435
186.939841
187.653288
188.439660
189.046349
189.826395
190.532018
191.200000
191.867347
192.520000
193.068254
193.819410
194.525034
195.115510
195.899501
196.525760
197.265896
197.934739
198.641043
199.245986
200.096417
201.580000
202.880000
204.884354
207.026984
209.094286
212.323719
214.473878
215.308345
216.024943
216.993560
218.353061
220.371429
222.450794
224.305442
227.004082
229.320952
231.945714
234.984127
240.556735
