1.439592
2.168254
2.863129
3.599864
4.198594
4.870068
5.499592
6.056553
6.709615
7.373651
8.308209
8.901270
9.472562
9.935102
10.337823
10.675329
11.358866
13.602404
14.348027
14.995692
15.813787
16.735873
18.136190
19.333197
21.084898
21.961587
22.745533
23.467800
24.066531
24.701723
25.358503
25.902721
26.572154
27.219909
28.087029
28.730385
29.258639
29.730295
30.111247
30.426893
30.891973
32.757596
33.508707
34.207166
35.023492
35.941406
37.291973
39.170612
41.655873
43.884535
46.127347
48.875918
51.151020
53.396508
55.593243
57.812245
60.225397
62.472653
64.723175
66.968163
69.300000
71.807075
73.129705
73.914558
74.576780
75.758458
77.094014
79.967800
80.958730
81.769841
82.676825
83.517778
84.385397
85.276735
86.199773
87.146667
87.912608
88.842086
89.728027
90.599138
91.545714
92.443900
93.156077
94.064036
94.896531
95.748435
96.589388
97.375510
98.194694
98.924762
99.737007
100.463537
101.181633
101.834014
102.541406
103.191429
103.842721
104.464717
105.132290
105.756417
106.381905
106.940635
107.560000
108.157551
108.712653
109.337687
109.820272
110.454286
110.966667
111.733878
112.245034
113.449388
114.931837
119.120000
124.213878
124.940408
125.791429
126.503673
127.002857
127.538367
128.274694
128.840839
129.599592
131.197551
132.813061
133.605714
134.291111
134.861587
135.639456
137.826531
139.838050
141.857052
143.933061
146.005805
148.009524
149.844354
151.831156
153.766984
155.655238
157.472653
159.409388
161.279138
163.125034
165.230794
166.015556
166.681905
167.806667
168.994603
171.416190
172.269796
173.133878
173.922041
174.813469
175.631429
176.535510
177.337143
178.293878
179.197959
179.927755
180.802948
181.567755
182.423265
183.291066
184.760000
185.111429
185.873333
186.632109
187.390068
188.291020
189.205442
189.933878
190.899048
191.873061
192.572245
193.085215
193.785442
194.513016
195.251383
195.937098
196.668209
197.357551
198.055918
198.949660
199.702449
200.220000
200.652245
201.322313
202.063810
202.641224
203.352245
203.940317
204.616327
205.313878
205.832517
206.580000
207.194649
207.867732
208.538435
209.219841
209.893288
210.599660
211.186349
211.926395
212.592018
213.160000
213.927347
214.585306
215.188254
215.879410
216.485034
217.115510
217.879501
218.465760
219.125896
219.734739
220.401043
221.025986
221.776417
223.655828
225.377324
227.184354
229.866984
231.914286
233.823719
236.433878
237.268345
237.964943
238.853560
240.093061
242.311429
244.310794
246.645442
248.615510
250.630476
253.137143
256.544127
263.256735
