0.299184
1.048254
1.763129
2.399864
3.018594
3.650068
4.259592
4.796553
5.389615
6.313651
7.088209
7.600000
8.152562
8.515102
8.917823
9.295329
9.658866
11.562404
12.348027
13.075692
13.973787
14.955873
16.268299
17.713197
19.124898
20.001587
20.745533
21.367800
22.026531
22.581723
23.198503
23.742721
24.352154
25.119909
25.967029
26.510385
26.958639
27.430295
27.891247
28.206893
28.531973
30.557596
31.348707
32.087166
33.563492
34.481406
35.911973
37.790612
39.695873
41.584535
43.027347
44.995918
46.751020
48.356508
50.073243
51.732245
53.425397
55.052653
56.903175
58.708163
60.740000
63.967075
65.769705
66.554558
67.416780
68.338458
69.334014
72.227800
73.178730
73.969841
74.756825
75.537778
76.365397
77.196735
77.959773
78.826667
79.672608
80.542086
81.228027
81.959138
82.845714
83.643900
84.336077
85.124036
85.896531
86.608435
87.349388
88.075510
88.774694
89.484762
90.177007
90.823537
91.501633
92.134014
92.790703
93.351429
93.942721
94.524717
95.172290
95.776417
96.401905
96.960635
97.620000
98.217551
98.772653
99.397687
100.020272
100.734286
101.346667
102.233878
103.045034
104.589388
106.071837
112.846122
121.113878
121.820408
122.431429
123.003673
123.602857
124.138367
124.694694
125.280839
126.059592
127.537551
129.103265
129.865714
130.491111
131.163175
132.299456
134.066531
135.678050
137.240000
138.913061
140.405805
141.989524
143.504354
145.151156
146.746984
148.295238
149.732653
151.369388
152.779138
154.300000
156.278730
157.135556
157.881905
158.986667
159.974603
163.116190
163.989796
164.813878
165.602041
166.413469
167.191429
167.995510
168.757143
169.633878
170.397959
171.167755
172.002948
172.747755
173.603265
174.425533
175.224898
175.951429
176.833333
177.576054
178.370204
179.191020
180.005442
181.093878
181.779048
182.393061
183.112245
183.905215
184.625442
185.293016
186.131383
186.817098
187.548209
188.237551
188.935918
189.749660
190.402449
191.102585
191.792245
192.502313
193.283810
193.981224
194.672245
195.420317
196.116327
196.873878
197.472517
198.314014
198.994649
199.727732
200.458435
201.199841
201.953288
202.739660
203.406349
204.186395
204.932018
205.600000
206.407347
207.200000
207.828254
208.599410
209.305034
210.015510
210.879501
211.625760
212.345896
213.074739
213.841043
214.525986
215.436417
217.160000
218.917324
221.424354
224.106984
226.314286
228.743719
231.533878
232.388345
233.044943
234.013560
235.193061
237.411429
239.312381
241.285442
242.995510
245.057143
247.177143
250.144127
253.816735
