0.719592
1.648254
2.346259
3.079864
3.718594
4.410068
5.039184
5.636553
6.349615
6.973651
7.548209
7.940000
8.312562
8.715102
9.117823
9.335329
9.698866
12.102404
12.828027
13.575692
14.653787
15.335873
16.488299
17.813197
19.244898
19.941587
20.705533
21.347800
22.026531
22.620000
23.238503
23.822721
24.432154
25.059909
25.660000
26.130385
26.438639
26.830295
27.191247
27.546893
27.891973
30.437596
31.208707
32.027166
33.103492
34.041406
35.231973
36.580000
38.075873
39.844535
41.660000
43.715918
45.340000
47.076508
49.053243
51.032245
52.985397
54.632653
56.320000
58.328163
60.248571
63.667075
64.989705
65.654558
66.536780
67.838458
69.214014
70.547800
71.398730
72.109841
72.976825
73.717778
74.565397
75.336735
76.079773
76.966667
77.772608
78.582086
79.728027
80.139138
80.925714
81.763900
82.416077
83.184036
83.936531
84.708435
85.449388
86.135510
86.854694
87.484762
88.157007
88.863537
89.561633
90.214014
90.870703
91.471429
92.082721
92.704717
93.332290
93.876417
94.421905
94.980000
95.540000
96.137551
96.560000
97.117687
97.720272
98.354286
98.986667
99.573878
100.100000
101.669388
103.151837
108.700000
114.053878
114.780408
115.451429
115.983673
116.662857
117.198367
117.814694
118.400839
118.979592
120.435102
121.932245
123.245714
123.991111
124.843175
125.859456
128.146531
130.018050
131.897052
133.933061
135.745805
137.649524
139.384354
141.111156
142.926984
144.675238
146.252653
148.009388
149.679138
151.345034
153.253968
154.277778
155.141905
156.846667
157.834603
159.496190
160.289796
161.133878
161.962041
162.793469
163.571429
164.795510
165.577143
166.220000
166.917959
167.687755
168.522948
169.267755
170.103265
170.945533
171.644898
172.471429
173.233333
173.976054
174.690068
175.571020
176.305442
177.053878
177.799048
178.533061
179.232245
179.925215
180.745442
181.433016
182.151383
182.837098
183.548209
184.237551
184.935918
185.689660
186.362449
187.102585
187.792245
188.482313
189.263810
189.941224
190.692245
191.400317
192.096327
192.873878
193.512517
194.274014
194.834649
195.567732
196.318435
197.019841
197.773288
198.419660
199.026349
199.806395
200.492018
201.140000
201.887347
202.605306
203.288254
204.059410
204.785034
205.455510
206.200000
206.885760
207.565896
208.314739
209.001043
209.745986
210.596417
212.620000
214.057324
216.344354
218.986984
221.074286
223.383719
226.313878
227.168345
228.184943
229.193560
230.933061
233.351429
235.512381
237.445442
239.324082
241.636190
243.937143
247.424127
252.676735
