0.939592
1.628254
2.303129
2.999864
3.558594
4.190068
4.779592
5.316553
5.929615
6.553651
7.328209
7.801270
8.332562
8.815102
9.217823
9.515329
10.138866
13.002404
13.828027
14.595692
15.253787
16.095238
17.048299
18.093197
19.100000
19.801587
20.545533
21.187800
21.806531
22.361723
22.978503
23.522721
24.132154
24.719909
25.527029
25.950385
26.498639
26.890295
27.291247
27.646893
28.371973
30.897596
31.728707
32.487166
33.323492
34.061406
35.131973
37.190612
39.055873
40.800000
42.407347
44.495918
46.371020
48.076508
49.913243
51.652245
53.365397
55.252653
57.063175
58.868163
60.688571
63.167075
66.729705
67.754558
68.456780
69.358458
70.674014
71.907800
72.878730
73.789841
74.736825
75.577778
76.525397
77.396735
78.339773
79.286667
80.152608
81.062086
81.868027
82.659138
83.545714
84.443900
85.216077
85.968254
86.876531
87.648435
88.349388
89.135510
89.914694
90.624762
91.377007
92.023537
92.721633
93.454014
94.130703
94.791429
95.422721
96.309433
97.132290
97.836417
98.521905
99.240635
99.940000
100.697551
101.272653
101.937687
102.700272
103.394286
104.066667
104.880000
105.645034
107.149388
109.631837
113.106122
116.913878
117.560408
118.320000
118.763673
119.362857
119.918367
120.534694
121.100839
121.979592
123.895102
125.743265
126.385714
126.971111
127.461587
128.179456
129.846531
131.438050
133.040000
134.753061
136.385805
137.929524
139.424354
140.960000
142.646984
144.235238
145.812653
147.309388
148.819138
150.225034
152.070794
152.982222
153.781905
154.706667
155.694603
157.596190
158.569796
159.433878
160.282041
161.153469
161.931429
162.755510
163.637143
164.493878
165.297959
166.047755
166.882948
167.527755
168.383265
169.378730
170.404898
170.711429
171.473333
172.156054
172.890068
173.631020
174.365442
175.073878
175.799048
176.513061
177.192245
177.905215
178.605442
179.273016
179.991383
180.677098
181.388209
182.077551
182.795918
183.649660
184.222449
184.782585
185.472245
186.042313
186.823810
187.401224
188.092245
188.800317
189.356327
190.093878
190.672517
191.440000
192.094649
192.767732
193.418435
194.119841
194.733288
195.499660
196.146349
196.926395
197.532018
198.180000
198.947347
199.625306
200.228254
200.919410
201.605034
202.175510
202.979501
203.605760
204.285896
205.034739
205.761043
206.285986
207.076417
209.615828
212.017324
214.604354
217.186984
219.254286
221.283719
223.573878
224.528345
225.244943
226.093560
227.253061
228.971429
230.250794
231.445442
232.655510
234.116190
235.557143
237.584127
242.596735
