2.379592
3.248254
3.983129
4.659864
5.278594
5.990068
6.796735
7.396553
8.049615
8.673651
9.468209
9.961270
10.532562
11.015102
11.417823
11.775329
12.138866
13.421633
15.868027
16.575692
17.513787
18.426984
19.528299
20.973197
22.284898
23.021587
23.805533
24.447800
25.139592
25.821723
26.591020
27.162721
27.872154
28.499909
29.307029
29.890385
30.478639
30.770295
31.151247
31.466893
31.803946
34.777596
35.668707
36.367166
37.383492
38.616871
39.991973
41.690612
43.935873
46.084535
48.287347
50.775918
53.091020
55.096508
57.253243
59.492245
61.805397
63.792653
66.083175
68.288163
70.728571
73.647075
75.309705
76.034558
76.816780
77.678458
78.580000
79.707800
80.778730
81.769841
82.716825
83.777778
84.725397
85.716735
86.739773
87.626667
88.577823
89.662086
90.788027
91.499138
92.365714
93.203900
93.896077
94.772109
95.996531
96.788435
97.509388
98.495510
99.454694
100.144762
101.037007
101.923537
102.781633
103.454014
104.330703
105.151429
105.882721
106.624717
107.432290
108.216417
108.901905
109.740635
110.520000
111.297551
112.052653
112.877687
113.940272
115.074286
115.946667
116.893878
117.865034
119.469388
120.951837
124.786122
128.460000
129.000408
129.691429
130.223673
130.742857
131.518367
132.174694
132.800839
133.439592
135.197551
137.059592
137.905714
138.471111
138.981587
139.759456
141.566531
143.478050
145.477052
147.625306
149.685805
151.769524
153.584354
155.851156
157.786984
159.775238
161.952653
163.889388
165.879138
167.965034
170.714286
171.955556
172.761905
173.626667
174.654603
175.616190
176.609796
177.553878
178.462041
179.453469
180.291429
181.295510
182.077143
183.173878
184.137959
184.947755
185.862948
186.627755
187.603265
188.451066
189.404898
190.211429
191.073333
191.996054
192.690068
193.571020
194.445442
195.273878
196.119048
196.933061
197.792245
198.545215
199.361769
200.233016
201.065533
201.857098
202.708209
203.557551
204.335918
205.249660
206.022449
206.782585
207.492245
208.242313
209.103810
209.821224
210.592245
211.420317
212.116327
212.893878
213.552517
214.374014
215.074649
215.847732
216.618435
217.439841
218.193288
219.079660
219.846349
220.666395
221.448073
222.200000
223.047347
223.865306
224.608254
225.379410
226.125034
226.835510
227.659501
228.425760
229.185896
229.914739
230.721043
231.445986
232.316417
234.075828
235.117324
236.920000
238.406984
239.854286
241.580000
243.473878
244.288345
245.044943
245.880000
247.273061
248.951429
250.490794
251.880000
253.255510
254.936190
256.637143
260.064127
266.876735
