0.279592
1.068254
1.763129
2.499864
3.178594
3.930068
4.539592
5.216553
5.949615
6.633651
7.428209
8.021270
8.612562
9.275102
9.677823
10.070658
10.458866
11.782404
12.508027
13.135692
13.873787
14.535873
15.508299
16.693197
18.084898
18.941587
19.705533
20.367800
21.026531
21.741723
22.358503
23.082721
23.732154
24.319909
25.067029
25.730385
26.338639
26.910295
27.331247
27.826893
28.251973
29.517596
30.288707
30.947166
31.643492
32.941406
33.891973
35.610612
37.735873
39.624535
41.360000
43.615918
45.251020
46.956508
48.753243
50.492245
52.325397
53.972653
55.683175
57.468163
59.128571
60.900000
62.069705
62.734558
63.356780
64.058458
65.014014
66.080000
67.178730
67.989841
69.016825
70.177778
71.165397
72.016735
72.939773
74.013333
74.952608
75.822086
76.768027
77.619138
78.545714
79.543900
80.416077
81.284036
82.176531
83.008435
83.948163
84.806531
85.674694
86.644762
87.577007
88.463537
89.321633
90.174014
91.090703
91.851429
92.682721
93.504717
94.372290
95.296417
96.041905
96.980635
97.820000
98.597551
99.292653
100.057687
100.940272
102.014286
102.726667
103.613878
104.465034
106.429388
107.931837
112.120000
117.533878
118.240408
118.951429
119.603673
120.282857
120.898367
121.664082
122.320839
123.439592
126.017551
128.963265
129.605714
129.951111
130.421587
131.319456
133.106531
134.738050
136.340000
137.953061
139.465805
141.229524
142.544354
144.091156
145.666984
147.175238
148.652653
150.249388
151.719138
153.260000
154.770794
155.395556
156.021905
156.666667
157.654603
158.456190
159.469796
160.313878
161.286122
162.313469
163.291429
164.295510
165.237143
166.293878
167.177959
168.107755
169.134739
169.987755
171.003265
172.165533
173.560000
173.871429
174.833333
175.656054
176.510068
177.451020
178.305442
179.573878
180.259048
181.106122
181.972245
182.885215
183.785442
184.573016
185.451383
186.237098
187.168209
187.935102
188.775918
189.749660
190.522449
191.302585
192.072245
192.842313
193.723810
194.541224
195.352245
196.260317
196.956327
197.841633
198.572517
199.414014
200.154649
200.947732
201.778435
202.599841
203.353288
204.239660
204.966349
205.926395
206.612018
207.360000
208.247347
209.125306
209.848254
210.659410
211.405034
212.155510
213.039501
213.825760
214.585896
215.374739
216.201043
216.925986
217.776417
218.900000
219.780000
221.264354
222.766984
224.494286
225.863719
227.640000
228.348345
229.024943
229.753560
231.253061
232.711429
234.490794
236.105442
237.695510
239.676190
241.577143
244.484127
248.640000
