0.439592
1.048254
1.743129
2.399864
2.958594
3.590068
4.219592
4.796553
5.418458
5.973651
6.628209
7.101270
7.692562
8.155102
8.577823
8.955329
9.678866
11.022404
11.808027
12.475692
13.393787
14.435873
15.568299
17.473197
19.624898
20.261587
20.925533
21.567800
22.146531
22.741723
23.358503
23.942721
24.552154
25.099909
25.847029
26.330385
26.918639
27.370295
27.831247
28.206893
29.031973
30.397596
31.148707
31.827166
32.683492
33.721406
35.051973
37.510612
40.075873
42.444535
44.607347
47.415918
49.871020
52.116508
54.513243
57.232245
59.285397
61.652653
63.963175
66.548163
69.008571
72.627075
74.669705
75.434558
76.276780
77.298458
78.554014
80.387800
81.498730
82.249841
83.056825
83.777778
84.605397
85.376735
86.139773
86.986667
87.752608
88.602086
89.368027
90.159138
90.985714
91.843900
92.576077
93.352109
94.216531
94.928435
95.709388
96.435510
97.194694
97.904762
98.657007
99.327075
100.141633
100.734014
101.450703
102.131429
102.782721
103.484717
104.232290
104.976417
105.661905
106.280635
107.020000
107.657551
108.472653
109.157687
110.100272
111.154286
111.986667
113.033878
114.445034
116.309388
118.011837
124.266122
129.280000
129.920408
130.511429
131.063673
131.642857
132.178367
132.834694
133.480839
134.279592
136.292653
138.585714
139.665714
140.231111
140.861587
141.739456
143.986531
146.138050
148.197052
150.333061
152.425805
154.449524
156.464354
158.451156
160.526984
162.675238
164.692653
166.969388
168.819138
170.865034
173.570794
174.455556
175.301905
176.266667
178.034603
179.076190
179.869796
180.593878
181.342041
182.073469
182.791429
183.555510
184.277143
185.073878
185.737959
186.447755
187.282948
187.827755
188.603265
189.405533
190.144898
190.731429
191.533333
192.196054
192.910068
193.571020
194.285442
195.253878
195.780000
196.413061
197.112245
197.845215
198.525442
199.213016
199.971383
200.677098
201.408209
202.097551
202.815918
203.549660
204.322449
205.062585
205.712245
206.422313
207.203810
207.861224
208.592245
209.280317
209.976327
210.713878
211.312517
212.154014
212.814649
213.547732
214.318435
215.019841
215.773288
216.559660
217.206349
218.006395
218.712018
219.360000
220.187347
220.905306
221.608254
222.359410
223.065034
223.735510
224.479501
225.225760
225.965896
226.714739
227.481043
228.085986
228.976417
231.435828
233.297324
235.824354
237.706984
239.654286
241.812063
243.953878
244.688345
245.404943
246.433560
247.833061
249.871429
251.750794
253.785442
255.526531
257.456190
259.457143
262.404127
267.296735
