0.419592
1.048254
1.783129
2.419864
3.018594
3.710068
4.339592
4.966213
5.649615
6.576508
7.368209
7.861270
8.452562
8.895102
9.297823
9.715329
10.138866
12.602404
13.468027
14.235692
15.193787
16.349841
17.608299
19.113197
21.404898
22.081587
22.845533
23.467800
24.106531
24.741723
25.378503
25.982721
26.732154
27.659909
28.467029
29.010385
29.518639
29.890295
30.271247
30.700000
31.011973
33.457596
34.328707
35.087166
36.103492
37.021406
38.531973
39.990612
41.775873
43.604535
45.420000
47.455918
49.271020
50.996508
52.833243
54.632245
56.365397
58.112653
59.943175
61.768163
63.860000
66.447075
68.509705
69.374558
70.216780
71.158458
72.140000
73.307800
74.118730
74.829841
75.596825
76.377778
77.185397
77.956735
78.699773
79.526667
80.252608
81.082086
81.828027
82.519138
83.345714
84.123900
84.816077
85.528073
86.296531
87.048435
87.769388
88.515510
89.294694
89.984762
90.697007
91.403537
92.041633
92.714014
93.370703
94.011429
94.642721
95.324717
96.052290
96.736417
97.381905
97.940635
98.820000
99.457551
100.012653
100.697687
101.360272
102.074286
102.786667
103.573878
104.385034
106.029388
107.511837
111.980000
115.533878
116.200408
116.791429
117.383673
117.942857
118.538367
119.114694
119.680839
120.279592
121.817551
123.603265
124.485714
125.151111
125.881587
126.819456
128.526531
130.198050
131.937052
133.713061
135.485805
137.369524
139.004354
140.771156
142.526984
144.155238
145.732653
147.549388
149.199138
150.805034
152.910794
153.595556
154.281905
155.066667
156.014603
156.856190
157.569796
158.333878
159.082041
159.873469
160.631429
161.395510
162.117143
162.973878
163.637959
164.367755
165.162948
165.907755
166.603265
167.305533
168.144898
168.811429
169.573333
170.296054
171.010068
171.771020
172.565442
173.253878
174.059048
174.753061
175.512245
176.205215
176.925442
177.593016
178.311383
178.997098
179.708209
180.437551
181.135918
182.009660
182.660000
183.262585
183.892245
184.582313
185.340000
185.941224
186.672245
187.320317
188.016327
188.773878
189.372517
190.154014
190.774649
191.507732
192.260000
192.919841
193.653288
194.399660
195.066349
195.846395
196.512018
197.180000
197.947347
198.700000
199.268254
200.019410
200.725034
201.355510
202.159501
202.865760
203.545896
204.274739
205.021043
205.665986
206.496417
208.155828
209.197324
211.044354
213.386984
215.214286
217.803719
220.673878
221.508345
222.264943
223.093560
224.540000
226.031429
227.750794
229.585442
231.315510
233.436190
236.197143
239.204127
244.216735
