0.299592
0.968254
1.643129
2.319864
2.878594
3.530068
4.139592
4.716553
5.349615
5.973651
6.608209
7.101270
7.672562
8.095102
8.497823
8.835329
9.098866
10.322404
11.028027
11.715692
12.633787
13.375873
14.648299
16.273197
18.104898
18.841587
19.545533
20.167800
20.726531
21.321723
21.978503
22.542721
23.192154
23.719909
24.467029
24.990385
25.458639
25.910295
26.291247
26.726893
26.900000
27.937596
28.688707
29.447166
30.383492
31.401406
32.691973
34.250612
36.155873
37.820000
39.447347
41.475918
43.180000
44.740000
46.553243
48.132245
49.905397
51.532653
53.083175
54.768163
56.568571
59.407075
61.049705
61.974558
62.796780
63.918458
65.154014
66.507800
67.578730
68.569841
69.636825
70.537778
71.545397
72.596735
73.399773
74.526667
75.412608
76.382086
77.328027
78.179138
79.145714
80.143900
81.016077
81.924036
82.836531
83.708435
84.649388
85.475510
86.437551
87.264762
88.037007
88.943537
89.801633
90.614014
91.490703
92.311429
93.122721
94.136599
95.132290
96.036417
96.963810
97.840635
98.800000
99.955510
100.532653
101.723810
102.540272
104.014286
104.726667
105.933878
107.165034
109.169388
110.651837
116.306122
121.540000
122.060408
122.694286
123.260000
123.882857
124.438367
125.114694
125.780839
126.839592
129.593469
132.159184
132.985714
133.531111
134.121587
134.799456
136.406531
138.018050
139.600000
141.273061
142.885805
144.589524
146.224354
147.911156
149.506984
151.180000
152.892653
154.609388
156.259138
157.905034
160.521587
161.395556
162.261905
163.346667
164.514603
165.856190
166.849796
167.873878
168.862041
169.813469
170.691429
171.775510
172.657143
173.733878
174.657959
175.487755
176.502948
177.267755
178.183265
179.105533
180.540000
181.051429
181.993333
182.816054
183.650068
184.491020
185.325442
186.153878
187.099048
187.893061
188.692245
189.545215
190.345442
191.133016
192.011383
192.797098
193.648209
194.417551
195.235918
196.109660
196.882449
197.682585
198.492245
199.342313
200.263810
200.981224
201.892245
202.760317
203.536327
204.373878
205.112517
206.074014
206.854649
207.707732
208.558435
209.339841
210.153288
211.139660
211.886349
212.886395
213.632018
214.440000
215.447347
216.305306
217.028254
217.879410
218.745034
219.555510
220.519501
221.405760
222.245896
223.074739
223.961043
224.765986
225.756417
227.400000
228.500000
229.900000
231.126984
232.494286
234.403719
236.413878
237.288345
238.104943
239.113560
240.653061
242.431429
243.910794
245.305442
246.735510
248.276190
250.077143
253.144127
258.156735
