2.879592
3.728254
4.423129
5.159864
5.818594
6.490068
7.159592
7.756553
8.449615
8.993651
9.748209
10.121270
10.712562
11.175102
11.617823
11.955329
12.318866
13.160000
13.828027
14.535692
15.353787
16.095873
17.028299
18.073197
19.704898
20.501587
21.296599
22.207800
22.766531
23.401723
24.118503
24.722721
25.492154
26.199909
26.840000
27.230385
27.778639
28.230295
28.631247
29.006893
29.260000
30.180000
30.888707
31.627166
32.643492
33.441406
34.391973
35.750612
37.655873
39.484535
41.127347
42.955918
44.651020
46.276508
47.893243
49.432245
51.125397
52.760000
54.423175
56.168163
57.848571
60.067075
61.389705
61.994558
62.676780
63.618458
64.734014
66.167800
67.318730
68.329841
69.416825
70.397778
71.445397
72.496735
73.439773
74.566667
75.552608
76.602086
77.668027
78.639138
79.685714
81.083900
81.776077
82.664036
83.816531
84.908435
85.775102
86.868571
87.974694
88.904762
89.797007
90.963537
91.961633
92.794014
93.950703
94.871429
95.862721
96.864717
97.912290
98.976417
99.761905
101.020635
102.100000
102.797551
103.892653
104.980680
105.861905
107.234286
107.946667
109.133878
110.205034
112.089388
113.291837
118.746122
124.073878
124.720408
125.531429
126.083673
126.622857
127.218367
127.874694
128.800839
129.399592
132.458776
135.023265
135.725714
136.251111
136.860000
137.499456
139.266531
140.878050
142.617052
144.293061
145.845805
147.729524
149.164354
150.771156
152.326984
153.695238
155.340000
156.809388
158.359138
159.785034
161.670794
162.335556
162.981905
163.646667
164.634603
166.056190
167.149796
168.153878
169.162041
170.173469
171.171429
172.155510
173.137143
174.253878
175.177959
176.167755
177.302948
178.207755
179.183265
180.205533
181.960000
182.491429
183.373333
184.236054
185.350612
186.211020
187.185442
188.393878
189.119048
190.113061
191.112245
192.111293
193.125442
194.033016
195.011383
195.997098
196.988209
197.937551
198.975918
200.009660
201.082449
201.862585
202.732245
203.702313
204.643810
205.541224
206.412245
207.420317
208.276327
209.153878
210.012517
210.914014
211.914649
212.807732
213.618435
214.659841
215.446576
216.419660
217.326349
218.366395
219.092018
219.940000
220.887347
221.925306
222.648254
223.499410
224.385034
225.235510
226.219501
227.045760
227.905896
228.714739
229.621043
230.485986
231.396417
232.740000
233.520000
235.284354
236.626984
237.914286
239.563719
242.113878
242.848345
243.604943
244.220000
244.833061
246.651429
248.050794
249.705442
251.395510
253.244762
255.157143
258.184127
260.476735
