0.538776
1.148254
1.783129
2.339864
2.858594
3.430068
3.959592
4.456553
5.089615
5.633651
6.348209
6.841270
7.372562
7.855102
8.297823
8.875329
9.238866
10.502404
11.128027
11.715692
12.553787
13.355873
14.448299
15.773197
17.284898
17.961587
18.685533
19.227800
19.746531
20.281723
20.878503
21.342721
21.972154
22.359909
22.967029
23.390385
23.858639
24.270295
24.731247
25.186893
25.551973
27.057596
27.768707
28.407166
29.383492
30.301406
31.811973
33.490612
35.895873
38.604535
41.047347
43.895918
46.691020
49.036508
51.733243
54.272245
56.805397
59.312653
61.863175
64.368163
66.968571
69.927075
72.149705
72.954558
73.816780
74.818458
76.114014
77.607800
78.578730
79.429841
80.316825
81.357778
82.365397
83.356735
84.319773
85.346667
86.265215
87.162086
88.048027
88.899138
89.785714
90.743900
91.576077
92.436145
93.376531
94.188435
95.089388
95.955510
96.814694
97.614286
98.437007
99.203537
99.941633
100.714014
101.510703
102.231429
102.962721
103.844717
104.572290
105.276417
106.001905
106.740635
107.440000
108.277551
108.892653
109.657687
110.560272
111.614286
112.266667
113.133878
114.025034
115.649388
118.871837
124.040000
129.880000
130.560408
131.151429
131.723673
132.242857
132.818367
133.314694
133.960839
134.598776
136.397551
137.999592
138.665714
139.180000
139.721587
140.339456
142.506531
144.658050
147.317052
149.851429
152.525805
155.109524
157.524354
160.171156
162.506984
164.835238
167.265306
169.589388
171.939138
174.265034
177.030794
177.795556
178.481905
179.486667
180.494603
181.676190
182.669796
183.673878
184.464082
185.553469
186.391429
187.475510
188.377143
189.413878
190.277959
191.107755
192.162948
192.987755
193.883265
194.805533
195.924898
196.651429
197.473333
198.276054
199.010068
199.951020
200.765442
201.533878
202.379048
203.173061
203.992245
204.745215
205.565442
206.313016
207.071383
207.917098
208.628209
209.397551
210.155918
210.969660
211.682449
212.442585
213.232245
213.922313
214.723810
215.421224
216.172245
216.920317
217.656327
218.393878
219.032517
219.874014
220.574649
221.347732
222.158435
222.859841
223.673288
224.459660
225.146349
225.966395
226.692018
227.440000
228.207347
229.005306
229.728254
230.499410
231.325034
232.071020
232.899501
233.665760
234.405896
235.154739
235.981043
236.725986
237.616417
239.875828
241.617324
243.840000
245.646984
247.334286
249.203719
251.333878
252.168345
252.904943
253.973560
255.813061
258.191429
259.890794
262.025442
264.055510
266.076190
267.977143
270.704127
274.396735
