0.819592
1.448254
2.223129
2.919864
3.538594
4.190068
4.799592
5.376553
6.029615
6.713651
7.576417
8.241270
8.832562
9.315102
9.817823
10.155329
10.518866
11.902404
12.768027
13.535692
14.393787
15.143492
16.548299
17.613197
19.464898
20.181587
20.885533
21.567800
22.233061
22.821723
23.458503
24.022721
24.652154
25.239909
26.107029
26.810385
27.318639
27.770295
28.151247
28.526893
28.851973
30.217596
30.928707
31.647166
32.473968
33.441406
34.391973
35.770612
37.455873
39.184535
40.807347
42.735918
44.291020
46.036508
47.853243
49.352245
51.045397
52.732653
54.423175
56.008163
57.840000
59.960000
61.269705
61.994558
62.676780
63.598458
64.754014
66.447800
67.338730
68.049841
68.816825
69.517778
70.325397
71.076735
71.779773
72.586667
73.312608
74.062086
74.808027
75.519138
76.285714
77.103900
77.776077
78.504036
79.236531
79.928435
80.709388
81.355510
82.074694
82.804762
83.537007
84.183537
84.901633
85.554014
86.210703
86.851429
87.482721
88.244717
88.932290
89.596417
90.221905
90.900635
91.620000
92.257551
92.832653
93.597687
94.300272
95.014286
95.726667
96.853878
97.705034
99.989388
101.591837
107.920000
113.533878
114.180408
114.811429
115.343673
115.862857
116.398367
116.914694
117.540839
118.139592
119.577551
120.943265
121.525714
122.191111
122.801587
123.639456
125.566531
127.458050
129.317052
131.113061
132.905805
134.729524
136.424354
138.211156
139.966984
141.735238
143.412653
145.249388
147.039138
148.685034
150.870794
151.635556
152.321905
153.106667
154.494603
156.036190
156.969796
157.733878
158.462041
159.213469
159.931429
160.675510
161.417143
162.213878
162.917959
163.627755
164.422948
165.107755
165.843265
166.545533
167.284898
167.911429
168.613333
169.316054
170.030068
170.671020
171.365442
172.053878
172.759048
173.453061
174.132245
174.825215
175.485442
176.133016
176.811383
177.477098
178.148209
178.817551
179.515918
180.249660
180.962449
181.642585
182.292245
182.962313
183.720000
184.281224
185.012245
185.640317
186.336327
187.033878
187.572517
188.354014
188.954649
189.687732
190.438435
191.159841
191.893288
192.659660
193.286349
194.066395
194.772018
195.380000
196.147347
196.885306
197.488254
198.239410
198.965034
199.535510
200.359501
201.025760
201.645896
202.354739
203.101043
203.705986
204.556417
206.255828
207.957324
210.344354
212.626984
214.474286
216.343719
219.013878
219.988345
220.680000
221.633560
223.033061
225.511429
227.586349
229.385442
231.235510
233.156190
235.137143
238.064127
242.956735
