0.838776
1.508254
2.163129
2.799864
3.438594
4.030068
4.639592
5.236553
5.889615
6.473651
7.248209
7.861270
8.452562
8.935102
9.397823
10.015329
10.458866
11.722404
12.468027
13.175692
14.013787
14.695873
15.848299
17.333197
18.664898
19.401587
20.165533
20.767800
21.466531
22.041723
22.718503
23.362721
23.992154
24.559909
25.407029
26.130385
26.678639
27.230295
27.791247
28.426893
28.931973
30.197596
30.988707
31.667166
32.583492
33.501406
34.471973
35.690612
36.895873
38.320000
39.727347
41.115918
42.531020
43.836508
45.233243
46.592245
47.945397
49.312653
50.683175
52.188163
53.448571
55.407075
56.729705
57.494558
58.256780
59.358458
60.790340
62.167800
63.198730
64.149524
65.156825
66.197778
67.205397
68.256735
69.199773
70.266667
71.332608
72.402086
73.408027
74.373968
75.445714
76.543900
77.556077
78.464218
79.553061
80.548435
81.549388
82.575510
83.614694
84.524762
85.617007
86.763537
87.548163
88.494014
89.610703
90.551429
91.562721
92.504717
93.692290
94.736417
95.841905
96.720635
97.760000
98.557551
99.452653
100.746803
101.560272
103.114286
103.826667
104.753878
105.745034
107.829388
109.771837
115.206122
119.780000
120.340408
121.011429
121.703673
122.342857
122.938367
123.694694
124.343356
125.039592
128.737551
131.305714
132.505714
133.211111
133.841587
134.679456
136.486531
138.138050
139.720000
141.433061
143.140000
144.769524
146.224354
147.911156
149.546984
151.155238
152.812653
154.449388
156.019138
157.585034
159.330794
160.115556
160.901905
161.866667
162.854603
164.376190
165.469796
166.441633
167.482041
168.553469
169.577143
170.575510
171.597143
172.693878
173.637959
174.607755
175.702948
176.607755
177.563265
179.025533
180.320000
180.631429
181.713333
182.696054
183.770068
184.771020
185.770884
186.835510
187.799048
188.893061
190.119184
190.905215
191.805442
192.813016
193.831383
194.837098
195.888209
196.957551
197.975918
199.109660
199.882449
200.682585
201.532245
202.344626
203.243810
204.061224
204.872245
205.700317
206.516327
207.393878
208.052517
208.954014
209.674649
210.567732
211.358435
212.219841
213.073288
213.959660
214.746349
215.566395
216.392018
217.200000
218.047347
218.925306
219.668254
220.499410
221.290068
222.055510
222.919501
223.685760
224.505896
225.274739
226.121043
226.845986
227.776417
229.575828
231.217324
233.264354
235.686984
237.754286
239.843719
241.773878
242.608345
243.484943
244.513560
246.573061
249.491429
251.330794
253.165442
255.255510
257.316190
259.237143
262.244127
267.416735
