0.399592
1.028254
1.683129
2.319864
2.860000
3.490068
4.099592
4.656553
5.269615
5.800000
6.408209
6.840000
7.312562
7.675102
8.097823
8.415329
8.758866
9.600000
10.208027
10.780000
11.553787
12.315873
13.508299
14.673197
16.264898
16.881587
17.545533
18.147800
18.806531
19.321723
19.918503
20.482721
21.092154
21.619909
22.367029
22.780000
23.238639
23.510295
23.911247
24.286893
24.480000
25.537596
26.208707
26.847166
27.663492
28.641406
29.671973
32.291429
35.595873
40.484535
42.947347
47.895918
51.831020
56.116508
59.673243
63.270204
67.710794
71.852653
75.623175
79.350612
83.788571
87.867075
89.189705
89.914558
90.556780
91.418458
92.708027
94.027800
94.938730
95.909841
96.816825
97.797778
98.805397
99.753469
100.659773
101.766667
102.652608
103.662086
104.508027
105.419138
106.345714
107.423900
108.196077
109.080181
110.016531
110.908435
111.689388
112.715510
113.514694
114.484762
115.397007
116.143537
117.081633
117.874014
118.770703
119.571429
120.462721
121.284717
122.272290
123.196417
124.021905
124.880635
125.820000
126.737551
127.512653
128.537687
129.480272
130.754286
131.466667
132.373878
133.225034
134.909388
136.231837
140.126122
144.113878
144.440408
145.171429
145.703673
146.222857
146.838367
147.474694
148.181678
149.179592
151.517551
154.003265
155.025714
155.611111
156.281587
157.039456
159.766531
162.478050
165.097052
167.746122
170.191610
172.769524
175.084354
177.771156
180.326984
182.795238
185.332653
187.749388
190.179138
192.545034
195.315556
196.115556
196.761905
197.500000
198.434603
199.796190
200.809796
201.813878
202.742041
203.713469
204.531429
205.555510
206.437143
207.493878
208.397959
209.187755
210.142948
211.007755
211.943265
212.825533
213.704898
214.511429
215.653333
216.476054
217.190068
217.971020
219.025442
219.953878
221.059048
221.613061
222.572245
223.405215
224.305442
225.125079
226.051383
226.957098
227.808209
228.677551
229.455918
230.429660
231.202449
231.922585
232.732245
233.442313
234.383810
235.141224
235.892245
236.700317
237.536327
238.353878
239.012517
239.876054
240.614649
241.487732
242.338435
243.159841
243.993288
244.919660
245.706349
246.579184
247.392018
248.160000
249.027347
249.965306
250.628254
251.459410
252.205170
253.015510
253.899501
254.685760
255.445896
256.194739
257.021043
257.905986
258.776417
259.760000
260.660000
261.884354
264.406984
266.034286
266.803719
268.693878
269.488345
270.184943
270.960000
271.933061
273.351429
274.630794
276.100000
277.355510
278.916190
280.817143
283.424127
288.356735
