0.340000
1.360000
2.385397
3.519955
4.447982
5.340000
6.190068
7.284898
8.359728
10.308254
12.259592
14.547619
16.276372
18.033333
21.685714
22.880000
23.914921
25.018231
25.756281
26.965578
29.138776
31.200000
33.930612
35.900363
37.420000
40.162449
41.421905
42.682222
43.745079
44.817778
45.980000
47.053968
48.271542
49.448571
50.531293
51.585850
52.611701
53.692789
54.709116
55.767211
56.881497
57.970884
58.918503
60.032653
61.222177
62.813741
65.525714
67.506009
69.916281
71.857551
73.446281
76.288299
77.046349
77.904762
78.710794
79.539365
80.309841
81.130794
81.911746
82.672698
83.478730
84.200000
84.960317
85.840000
86.583311
87.390930
88.198050
88.976236
89.817868
90.666848
91.497596
92.355646
93.200998
93.869977
94.695283
95.456916
96.262313
97.234966
97.863900
98.709252
99.483673
100.310884
101.187075
101.952472
102.774240
103.534286
104.226122
104.987120
105.838707
106.637823
107.257914
108.046667
108.625714
109.197143
109.697460
110.631746
111.173968
111.824444
112.428254
113.096916
113.562041
114.177551
114.724082
115.279184
116.013061
116.579592
117.213878
117.804082
118.393469
118.968345
119.417551
120.621542
121.862857
122.763265
124.063673
125.360000
127.015510
128.348980
130.065306
132.540816
133.320816
134.167937
135.250930
135.994853
136.903923
137.881791
139.412653
140.256599
140.692834
141.607120
142.678095
143.626984
144.552880
145.349841
146.234580
147.399592
148.162948
149.071497
150.346712
151.426712
152.292449
153.147347
154.317007
155.151655
156.025850
157.255782
158.533878
159.331020
160.173333
161.003537
161.827755
162.654875
163.413243
164.365669
165.231111
166.163129
167.000952
168.060000
170.155646
171.939909
173.550703
176.155873
177.577279
179.073878
181.396145
183.854467
186.081224
187.739546
190.919683
191.776871
192.455057
193.118730
193.911111
194.731882
195.495238
196.228707
197.050113
197.799592
198.533741
199.286531
200.098503
201.016689
201.827710
202.689252
203.818095
204.697914
205.806395
206.817551
209.087755
210.425306
211.507755
212.761633
214.009388
215.343265
216.382041
217.777143
219.373878
220.517234
221.673878
222.701088
224.019184
225.283673
226.423673
227.629841
229.335782
230.472744
231.752517
232.968254
233.969796
234.787347
235.603492
236.606576
237.775556
238.713696
239.415737
240.148707
241.037868
241.756281
242.385760
243.046168
243.724717
244.190658
244.732971
245.386304
246.108617
246.760136
247.486304
248.137868
248.805850
249.266621
249.852834
250.356327
251.056236
251.805034
252.292426
252.853243
253.721361
254.219320
254.789206
255.391429
255.945034
256.544082
257.318912
258.664444
260.483401
261.303673
262.123265
262.975964
263.801088
264.661224
265.402540
266.323810
267.198231
268.020816
268.881224
269.684082
270.591293
271.424082
272.350340
273.205714
274.132653
274.982721
275.949796
279.070816
281.171293
283.220340
285.493923
288.171361
289.826576
292.038390
294.273016
297.580249
299.762971
301.823175
304.075714
307.737891
309.834422
312.319660
314.863492
318.149683
319.032698
319.591156
320.756599
321.498685
322.765306
323.534014
324.680136
325.660000
326.802585
328.196735
329.172381
329.914694
330.930612
331.688889
333.108844
334.228163
334.904444
335.994921
337.224127
338.360408
339.683492
340.778730
342.212381
343.808571
345.009206
346.033651
347.422540
348.788571
349.606349
351.090794
352.972698
354.014739
355.831701
358.419592
362.062948
