0.690159
2.376190
3.865397
5.459955
6.867982
8.379592
9.830068
11.344898
12.719728
15.048254
17.579592
21.227619
23.576372
25.653333
30.525714
32.269388
33.774921
35.338231
36.756281
38.365578
41.538776
44.473810
48.190612
51.940363
54.171247
61.582449
63.201905
64.642222
65.945079
67.217778
68.818413
70.293651
71.631542
72.948571
74.351293
75.645850
77.031701
78.352789
79.629116
80.987211
82.261497
83.590884
84.858503
86.432653
87.682177
90.393741
92.725714
95.886009
100.656281
103.997551
107.866281
113.068299
113.986349
114.824762
115.610794
116.419365
117.249841
118.110794
118.891746
119.712698
120.498730
121.172381
122.000317
122.816825
123.623311
124.450930
125.258050
125.996236
126.817868
127.586848
128.437596
129.195646
130.040998
130.749977
131.555283
132.376916
133.102313
133.934966
134.623900
135.449252
136.143673
136.930884
137.667075
138.492472
139.274240
139.954286
140.606122
141.327120
142.178707
142.817823
143.417914
144.146667
144.725714
145.297143
145.777460
146.326349
146.813968
147.364444
147.928254
148.416916
148.882041
149.457551
149.944082
150.352245
150.993061
151.459592
151.733878
152.284082
152.754694
153.148345
153.757551
154.981542
155.942857
157.623265
158.783673
160.693469
162.731020
164.588980
167.245306
170.400816
171.400816
172.327937
173.390930
174.254853
175.223923
176.101791
176.912653
178.296599
179.232834
180.067120
181.158095
182.026984
182.952880
183.529841
184.134580
184.939592
185.502948
186.211497
186.946712
187.846712
188.472449
189.063673
189.820000
190.451655
191.060000
191.995782
193.000000
193.571020
194.193333
194.883537
195.447755
196.174875
196.833243
197.685669
198.471111
199.403129
200.380952
201.962041
204.735646
206.979909
208.990703
212.075873
213.877279
216.013878
218.856145
221.554467
223.901224
226.419546
229.080000
229.856871
230.575057
231.258730
231.891111
232.631882
233.335238
234.168707
234.810113
235.479592
236.213741
236.826531
237.458503
238.256689
238.983855
239.809252
240.518095
241.297914
242.366395
243.357551
245.594286
247.226531
248.307755
249.631429
250.969388
252.509796
253.682041
255.297143
256.673878
258.184671
259.393878
260.821088
261.960000
263.503673
265.263673
266.449841
268.307891
269.672744
270.572517
271.688254
272.749796
273.587347
274.403492
275.226576
276.095556
276.913696
277.635737
278.328707
278.960000
279.596281
280.105760
280.646168
281.284717
281.870658
282.260000
282.766304
283.260000
283.760136
284.246304
284.697868
285.185850
285.666621
286.072834
286.508163
286.956236
287.457007
287.872426
288.313243
288.721361
289.159320
289.589206
290.051429
290.440000
290.924082
291.598912
292.604444
294.303401
295.103673
295.883265
296.495964
297.181088
297.901224
298.482540
299.183810
299.738231
300.560816
301.301224
301.904082
302.931293
303.764082
304.500000
305.005714
305.764218
306.342721
307.109796
309.690816
311.630431
314.485782
316.973923
319.991361
321.979456
324.478390
327.353016
330.260249
332.682971
335.023175
337.547143
340.777891
343.074422
345.459660
348.103492
351.989683
353.472698
354.451156
356.096599
357.037370
358.318367
359.734014
361.000136
362.740000
364.442585
365.593061
367.200000
368.274694
369.450612
370.248889
372.348844
374.068163
374.764444
375.974921
377.336190
378.582041
380.103492
381.258730
382.572381
383.948571
384.789206
386.773651
388.462540
389.468571
391.086349
392.650794
394.692698
397.374739
399.291701
402.319592
405.962948
