0.930159
2.836190
4.345397
5.939955
7.547982
9.279592
10.770068
12.364898
14.938912
18.368254
20.259592
24.227619
27.916372
30.413333
34.865714
36.549388
38.114921
39.838231
41.236281
43.465578
46.966531
49.193810
53.650612
57.240363
59.291247
65.844898
67.541905
68.902222
70.045079
71.764444
73.538413
74.853968
76.551542
77.788571
79.291293
80.705850
82.191701
83.572789
84.889116
86.147211
87.901497
89.450884
91.218503
92.592653
94.102177
96.753741
99.005714
101.286009
105.296281
108.277551
111.726281
115.968299
116.686349
117.464762
118.270794
119.139365
119.749841
120.560000
121.171746
121.952698
122.678730
123.460000
124.220317
124.976825
125.723311
126.510930
127.280000
128.036236
128.817868
129.606848
130.397596
131.120000
131.880998
132.680000
133.355283
134.116916
134.942313
135.840000
136.403900
137.249252
137.923673
138.770884
139.587075
140.312472
141.134240
141.834286
142.546122
143.287120
144.158707
144.797823
145.597914
146.386667
147.005714
147.697143
148.217460
148.839048
149.453968
150.144444
150.808254
151.476916
151.962041
152.537551
153.184082
153.592245
154.033061
154.559592
155.093878
155.604082
156.134694
156.708345
157.177551
158.541542
159.882857
161.603265
163.003673
165.873469
167.935510
169.948980
174.105306
178.260816
179.220816
180.027937
180.990930
181.714853
182.543923
183.501791
184.412653
185.176599
185.952834
186.867120
187.858095
188.646984
189.452880
190.189841
190.794580
191.879592
192.462948
193.151497
194.206712
195.026712
195.692449
196.403673
197.357007
197.971655
198.725850
199.675782
200.620000
201.291020
202.013333
202.643537
203.247755
204.274875
204.753243
205.785669
206.560000
207.383129
208.400952
209.782041
212.775646
214.639909
216.830703
219.815873
221.857279
223.833878
226.756145
230.114467
233.021224
236.059546
239.759683
240.456871
241.055057
241.640000
242.240000
242.831882
243.495238
244.208707
244.790113
245.360000
246.013741
246.646531
247.178503
247.916689
248.563855
249.269252
249.838095
250.517914
251.386395
252.377551
254.287755
255.346531
256.067755
257.101633
258.069388
259.103265
259.842041
260.937143
261.773878
262.877234
263.793878
264.740000
265.620000
266.663673
267.760000
268.449841
269.927891
270.832744
271.632517
272.548254
273.209796
273.647347
274.463492
275.266576
275.995556
276.433696
277.135737
277.688707
278.217868
278.856281
279.265760
279.626168
280.044717
280.470658
280.980000
281.346304
281.728617
282.120136
282.546304
282.997868
283.485850
283.946621
284.312834
284.648163
285.036236
285.477007
285.912426
286.353243
286.741361
287.059320
287.489206
287.951429
288.220000
288.660000
289.158912
289.864444
291.483401
292.200000
292.863265
293.515964
294.201088
294.781224
295.442540
296.163810
296.858231
297.420816
298.101224
298.760000
299.151293
299.964082
300.730340
301.260000
301.964218
302.642721
303.529796
305.930816
307.730431
309.700340
313.013923
315.291361
317.473152
320.538390
323.593016
326.460249
329.142971
331.843175
334.947143
337.577891
339.974422
342.959660
346.203492
349.289683
350.603492
351.491156
352.756599
353.558685
354.758367
355.494014
356.740680
357.740000
358.942585
360.373061
361.752381
362.694694
363.530612
364.268889
365.588844
366.968163
367.664444
368.714921
369.692063
370.980408
372.043492
373.318730
374.412381
375.688571
376.829206
377.733651
379.302540
380.488571
381.386349
383.590794
386.132698
388.389478
390.211701
393.699592
398.522948
