1.070159
2.736190
4.005397
5.499955
6.947982
8.599592
9.890068
11.404898
13.099728
15.088254
17.059592
19.487619
21.276372
23.393333
27.125714
28.829388
30.134921
31.578231
33.076281
34.545578
36.478776
38.193810
40.830612
42.360363
44.171247
47.922449
49.501905
50.842222
52.085079
53.317778
54.778413
56.173968
57.751542
58.908571
60.131293
61.365850
62.651701
63.912789
65.069116
66.507211
67.841497
69.050884
70.278503
71.732653
73.042177
74.593741
76.725714
78.306009
81.016281
82.937551
85.046281
89.528299
90.586349
91.444762
92.310794
93.219365
93.969841
94.770794
95.631746
96.492698
97.318730
98.132381
98.920317
99.816825
100.603311
101.430930
102.218050
103.016236
103.700000
104.446848
105.297596
105.875646
106.620998
107.289977
107.935283
108.556916
109.362313
110.120000
110.643900
111.289252
111.963673
112.590884
113.287075
113.812472
114.654240
115.254286
115.886122
116.447120
117.118707
117.817823
118.137914
118.906667
119.405714
119.977143
120.477460
120.946349
121.393968
121.904444
122.428254
122.936916
123.402041
123.897551
124.284082
124.692245
125.133061
125.579592
126.013878
126.484082
126.934694
127.328345
127.817551
129.121542
130.462857
132.123265
133.443673
135.273469
136.855510
138.208980
139.825306
142.120816
142.660816
143.647937
144.590930
145.414853
146.363923
147.361791
148.432653
149.316599
150.112834
151.147120
152.198095
153.086984
153.932880
154.789841
155.454580
156.479592
157.162948
157.931497
158.986712
160.066712
160.852449
161.503673
162.557007
163.280000
164.065850
165.155782
166.133878
166.911020
167.693333
168.503537
169.207755
170.074875
170.613243
171.505669
172.611111
173.383129
174.280952
175.122041
176.775646
178.539909
180.130703
182.735873
184.357279
186.133878
188.456145
191.054467
193.381224
195.939546
199.099683
199.836871
200.535057
201.258730
201.980000
202.751882
203.555238
204.448707
205.230113
206.019592
206.693741
207.446531
208.258503
209.116689
209.943855
210.769252
211.818095
212.697914
213.726395
214.837551
217.067755
218.326531
219.387755
220.621633
221.689388
222.783265
223.702041
224.777143
226.193878
227.277234
228.433878
229.340000
230.459184
231.543673
233.103673
234.140000
235.407891
236.432744
237.252517
238.168254
239.069796
239.727347
240.483492
241.286576
242.035556
242.793696
243.495737
244.168707
244.897868
245.596281
246.225760
246.826168
247.404717
247.990658
248.512971
248.826304
249.388617
249.860136
250.306304
250.777868
251.225850
251.620000
252.032834
252.488163
252.916236
253.357007
253.772426
254.133243
254.561361
254.959320
255.369206
255.771429
256.180000
256.624082
257.178912
258.324444
260.063401
260.743673
261.503265
262.175964
262.841088
263.541224
264.242540
264.943810
265.738231
266.520816
267.201224
267.864082
268.600000
269.364082
270.130340
270.805714
271.544218
272.502721
273.349796
275.930816
278.130431
279.760340
281.733923
283.891361
285.746576
287.440000
289.433016
291.840249
293.722971
295.603175
297.652857
300.197891
302.054422
304.539660
306.903492
310.789683
312.312698
313.571156
315.016599
315.798685
317.118367
318.474014
319.460136
320.400000
321.622585
323.006122
324.241905
325.034694
326.270612
327.028889
328.588844
329.628163
330.324444
331.474921
332.612063
333.700408
334.783492
335.998730
337.292381
338.568571
339.469206
340.433651
341.722540
342.608571
343.626349
345.090794
347.512698
349.714739
351.511701
354.299592
358.002948
