0.640000
1.760000
2.725397
3.799955
4.907982
6.039592
6.800000
7.820000
8.819728
9.988254
10.900000
13.020000
13.896372
14.540000
16.640000
17.860000
18.934921
20.018231
20.820000
21.725578
22.978776
23.860000
25.540000
26.420363
27.591247
29.642449
30.621905
31.840000
32.705079
33.697778
34.798413
35.673968
36.711542
37.548571
38.511293
39.405850
40.351701
41.272789
42.049116
43.087211
44.101497
45.070884
46.078503
46.872653
47.902177
49.053741
49.905714
51.240000
52.756281
53.717551
54.586281
57.388299
58.326349
59.324762
60.310794
61.279365
62.189841
63.190794
64.191746
65.192698
66.218730
67.112381
67.960317
69.036825
70.003311
70.890930
71.938050
72.856236
73.777868
74.806848
75.877596
76.795646
77.680998
78.649977
79.615283
80.576916
81.562313
82.574966
83.443900
84.409252
85.343673
86.210884
87.147075
88.092472
88.974240
89.794286
90.566122
91.447120
92.298707
93.117823
93.877914
94.806667
95.385714
96.317143
96.897460
97.506349
98.273968
98.884444
99.708254
100.396916
100.882041
101.777551
102.304082
102.792245
103.753061
104.239592
104.813878
105.904082
106.513469
107.068345
107.597551
108.880000
109.442857
110.443265
111.323673
112.733469
113.795510
114.640000
116.045306
117.840816
118.860816
119.807937
120.730930
121.654853
122.523923
123.621791
124.652653
125.440000
126.272834
127.187120
128.218095
129.026984
129.932880
130.669841
131.334580
132.380000
133.082948
133.851497
134.180000
134.260000
134.912449
135.343673
135.860000
135.920000
135.940000
135.980000
136.120000
136.631020
137.333333
138.043537
138.667755
139.474875
140.113243
140.900000
141.591111
142.303129
143.060952
144.102041
146.175646
147.639909
149.330703
151.515873
152.737279
154.193878
155.936145
158.154467
160.001224
161.400000
163.359683
164.276871
165.315057
166.558730
167.893333
169.111882
170.355238
171.728707
172.860680
173.979592
175.193741
176.346531
177.498503
178.716689
179.923855
181.109252
182.378095
183.257914
184.646395
185.697551
187.927755
189.905714
191.427755
193.881633
195.089388
196.503265
197.982041
199.377143
201.353878
202.557234
204.733878
206.181088
207.419184
209.063673
210.883673
212.009841
213.867891
215.352744
216.652517
218.348254
219.369796
220.067347
220.883492
223.386576
224.755556
226.033696
227.135737
228.168707
229.397868
230.916281
231.683039
232.746168
233.764717
234.950658
235.832971
236.446304
237.388617
238.202177
238.986304
239.677868
240.745850
241.646621
242.212834
243.048163
243.838594
244.737007
245.592426
246.393243
247.121361
247.919320
248.789206
249.671429
250.565034
251.296327
252.158912
253.464444
254.983401
255.743673
256.603265
257.335964
258.201088
259.082449
259.902540
260.703810
261.658231
262.460816
263.301224
264.024082
265.031293
265.804082
266.650340
267.545714
268.460000
269.282721
270.189796
272.320000
273.630431
276.180340
278.213923
280.611361
282.486576
284.658390
286.653016
289.420249
291.402971
293.323175
295.127143
298.077891
299.894422
302.099660
304.263492
307.069683
308.632698
309.471156
311.616599
312.438685
314.018367
315.574014
317.221088
318.940000
320.622585
322.357551
323.792381
325.608571
327.590612
328.428889
331.048844
333.048163
333.724444
335.334921
337.228254
339.180408
340.783492
342.618730
344.352381
346.108571
347.749206
349.533651
351.602540
352.568571
355.046349
357.370794
360.392698
362.734739
364.311701
366.519592
370.162948
