1.110159
2.696190
3.665397
4.959955
6.307982
7.579592
8.690068
10.004898
11.379728
13.568254
15.459592
18.167619
19.876372
21.733333
25.725714
27.369388
28.494921
29.818231
31.056281
32.345578
34.598776
36.860000
39.550612
41.220363
44.071247
48.582449
50.061905
51.340000
52.465079
53.697778
55.038413
56.273968
57.471542
58.568571
59.611293
60.625850
61.711701
62.752789
63.829116
64.907211
66.081497
67.150884
68.158503
69.252653
70.242177
71.653741
73.645714
76.226009
79.176281
81.597551
83.826281
88.608299
89.366349
90.044762
90.780000
91.479365
92.029841
92.780000
93.491746
94.132698
94.858730
95.480000
96.200317
96.896825
97.583311
98.240000
99.018050
99.656236
100.377868
101.066848
101.897596
102.555646
103.300998
103.940000
104.680000
105.476916
106.180000
106.874966
107.523900
108.249252
108.923673
109.670884
110.267075
111.092472
111.814240
112.394286
113.026122
113.767120
114.418707
115.157823
115.777914
116.566667
117.065714
117.597143
118.057460
118.626349
118.980000
119.444444
119.988254
120.516916
120.822041
121.357551
121.804082
122.112245
122.533061
122.939592
123.373878
123.784082
124.214694
124.548345
124.977551
126.260000
127.262857
128.883265
129.883673
131.673469
132.775510
134.248980
136.205306
139.160000
139.880816
140.647937
141.510930
142.214853
143.063923
143.741791
144.652653
145.696599
146.052834
146.767120
147.658095
148.460000
149.332880
150.089841
150.814580
151.659592
152.422948
153.071497
154.166712
155.106712
155.852449
156.543673
157.537007
158.171655
158.945850
159.895782
160.873878
161.611020
162.213333
162.803537
163.487755
164.254875
164.953243
165.825669
166.631111
167.463129
168.260952
169.242041
170.795646
172.599909
174.590703
177.595873
179.517279
181.473878
184.376145
187.734467
190.581224
193.619546
197.299683
197.916871
198.475057
199.140000
199.831111
200.471882
201.235238
201.928707
202.610113
203.180000
203.753741
204.526531
205.178503
205.976689
206.623855
207.449252
208.078095
208.737914
209.726395
210.737551
212.887755
214.166531
215.227755
216.341633
217.349388
218.423265
219.342041
220.357143
221.493878
222.577234
223.653878
224.541088
225.539184
226.623673
227.743673
228.769841
230.087891
231.132744
231.992517
232.848254
233.689796
234.427347
235.220000
236.006576
236.775556
237.553696
238.235737
238.828707
239.477868
240.096281
240.725760
241.326168
241.764717
242.310658
242.892971
243.306304
243.628617
244.100136
244.466304
244.977868
245.285850
245.700000
246.000000
246.368163
246.736236
247.117007
247.532426
247.853243
248.281361
248.539320
248.869206
249.151429
249.520000
249.984082
250.460000
251.244444
252.783401
253.503673
254.283265
254.895964
255.541088
256.261224
256.962540
257.683810
258.458231
259.240816
260.021224
260.684082
261.271293
261.904082
262.730340
263.445714
264.184218
264.962721
265.769796
269.010816
271.090431
272.480340
274.353923
276.511361
278.386576
279.998390
281.993016
284.180249
286.182971
288.103175
289.707143
292.217891
294.034422
296.139660
298.083492
301.209683
302.092698
302.811156
303.596599
304.278685
305.278367
306.114014
306.920136
307.840000
308.962585
309.973061
310.892381
311.634694
312.450612
313.208889
314.408844
315.208163
315.944444
316.774921
317.792063
318.760408
319.723492
320.698730
321.752381
322.788571
323.669206
324.493651
325.542540
326.408571
327.366349
328.890794
331.292698
334.494739
336.831701
339.899592
343.542948
