3.530159
5.096190
6.465397
7.979955
9.447982
10.799592
12.130068
13.604898
15.579728
18.248254
20.139592
23.147619
25.356372
27.173333
31.945714
33.960000
35.334921
36.778231
38.176281
39.705578
42.238776
44.453810
47.770612
49.680363
52.171247
56.602449
58.261905
59.584444
60.885079
62.137778
63.438413
64.747937
65.951542
67.248571
68.471293
69.591701
70.883401
72.132789
73.349116
74.567211
75.881497
77.150884
78.398503
79.612653
80.882177
82.293741
85.325714
87.186009
90.436281
92.617551
94.846281
99.228299
100.066349
100.824762
101.600000
102.339365
103.169841
103.910794
104.591746
105.320000
106.120000
106.792381
107.460317
108.296825
109.023311
109.830930
110.678050
111.436236
112.280000
113.086848
113.937596
114.755646
115.600998
116.389977
117.115283
117.956916
118.762313
119.574966
120.083900
120.889252
121.643673
122.330884
123.067075
123.832472
124.594240
125.314286
126.006122
126.767120
127.558707
128.357823
128.857914
129.646667
130.225714
131.017143
131.737460
132.506349
132.993968
133.644444
134.348254
135.016916
135.622041
136.337551
136.844082
137.745714
138.233061
138.859592
139.313878
139.844082
140.294694
140.828345
141.277551
142.541542
143.862857
144.603265
145.683673
146.920000
147.695510
148.628980
150.365306
152.460816
153.420816
154.447619
155.450930
156.294853
157.143923
158.161791
158.932653
160.196599
161.252834
162.127120
163.158095
164.146984
165.252880
165.989841
166.574580
167.659592
168.302948
168.991497
170.006712
171.086712
171.792449
172.483673
173.357007
174.111655
174.905850
175.815782
176.853878
177.551020
178.293333
179.043537
179.807755
180.554875
181.233243
182.025669
182.771111
183.520000
184.460952
185.402041
187.975646
189.699909
191.290703
194.015873
195.657279
197.633878
199.836145
202.214467
204.321224
206.659546
209.319683
209.976871
210.655057
211.418730
212.160000
212.851882
213.495238
214.168707
214.950113
215.699592
216.553741
217.206531
217.878503
218.616689
219.283855
220.109252
220.680000
221.217914
222.146395
222.877551
224.787755
226.186531
227.247755
228.441633
229.629388
230.883265
231.902041
233.257143
234.553878
235.768934
236.933878
237.921088
239.159184
240.323673
241.463673
242.589841
243.907891
244.972744
246.032517
247.068254
248.069796
248.987347
250.023492
250.826576
251.735556
252.513696
253.215737
253.848707
254.577868
255.276281
255.665760
256.146168
256.724717
257.230658
257.792971
258.226304
258.648617
259.140136
259.586304
260.097868
260.585850
260.986621
261.452834
261.828163
262.256236
262.717007
263.132426
263.593243
264.101361
264.539320
264.909206
265.371429
265.685034
266.164082
266.798912
267.864444
269.643401
270.240000
270.663265
270.955964
271.561088
272.001224
272.402540
272.683810
273.438231
274.040816
274.501224
274.904082
275.251293
275.604082
276.230340
276.905714
277.400000
277.962721
278.569796
280.560000
281.390431
283.180340
285.153923
287.111361
288.686576
290.478390
291.633016
294.080249
295.782971
297.300000
298.887143
301.357891
303.094422
305.079660
307.323492
309.969683
310.812698
311.531156
312.776599
313.538685
315.038367
315.774014
316.920136
318.160000
319.262585
320.753061
322.312381
323.114694
324.150612
324.968889
326.428844
327.588163
328.404444
329.334921
330.332063
331.760408
333.083492
334.118730
335.712381
337.428571
338.849206
339.873651
341.622540
343.028571
343.946349
346.030794
348.072698
349.974739
351.851701
354.998776
358.922948
