0.850159
2.280000
2.820000
3.740000
4.487982
5.079592
5.990068
6.820000
7.539728
9.348254
11.239592
14.027619
15.736372
16.893333
19.945714
21.069388
21.934921
22.678231
23.600000
24.185578
25.578776
27.493810
30.850612
32.800363
34.651247
38.640000
39.101905
40.322222
41.045079
41.757778
42.838413
43.473968
44.431542
45.088571
45.991293
46.745850
47.520000
48.452789
49.200000
50.027211
51.101497
51.670884
52.440000
53.272653
54.042177
55.253741
56.285714
58.566009
61.496281
63.317551
65.186281
68.968299
69.606349
70.424762
71.090794
71.799365
72.429841
73.190794
73.911746
74.520000
75.278730
75.972381
76.560317
77.200000
77.860000
78.510930
79.178050
79.816236
80.377868
81.160000
81.797596
82.375646
83.060000
83.689977
84.275283
85.116916
85.862313
86.240000
86.883900
87.540000
88.143673
88.730884
89.387075
90.212472
90.714240
91.334286
92.046122
92.627120
93.180000
93.957823
94.557914
95.140000
95.625714
96.317143
96.837460
97.426349
97.853968
98.184444
98.708254
99.456916
99.922041
100.537551
101.024082
101.432245
101.873061
102.439592
102.873878
103.444082
103.914694
104.308345
104.757551
105.921542
106.602857
107.943265
109.083673
110.253469
111.155510
112.608980
114.265306
116.600816
117.580816
118.547937
119.570930
120.374853
121.283923
122.321791
123.312653
124.156599
124.952834
125.927120
126.938095
127.846984
128.712880
129.529841
130.354580
131.359592
132.062948
132.811497
133.926712
135.006712
135.752449
136.503673
137.537007
138.251655
139.000000
140.115782
141.113878
141.831020
142.533333
143.243537
143.927755
144.694875
145.353243
146.105669
146.911111
147.763129
148.700000
149.262041
150.355646
151.799909
153.430703
155.975873
157.537279
159.293878
161.776145
164.254467
166.801224
169.679546
173.359683
174.296871
174.995057
175.778730
176.551111
177.331882
178.095238
178.988707
179.790113
180.479592
181.293741
182.046531
182.818503
183.616689
184.443855
185.329252
186.238095
187.097914
188.166395
189.177551
191.087755
192.346531
193.407755
194.681633
195.769388
196.903265
197.922041
199.057143
200.173878
201.257234
202.353878
203.381088
204.579184
205.623673
207.183673
208.309841
209.971565
211.052744
211.912517
212.828254
213.669796
214.507347
215.283492
216.106576
216.955556
217.673696
218.415737
219.108707
219.877868
220.516281
221.005760
221.766168
222.464717
223.050658
223.552971
224.046304
224.697234
225.420136
226.026304
226.909342
227.405850
227.926621
228.392834
228.964490
229.436236
230.117007
230.768526
231.353243
231.821361
232.319320
232.809206
233.271429
233.565034
234.144082
234.838912
236.164444
237.960000
238.243673
239.063265
239.715964
240.361088
241.021224
241.722540
242.463810
243.258231
244.020816
244.721224
245.300000
246.000000
246.644082
247.410340
248.105714
248.804218
249.460000
250.069796
252.430816
254.450431
256.240340
258.413923
260.651361
262.726576
264.558390
266.533016
268.840249
270.442971
272.203175
273.967143
276.397891
278.074422
280.059660
282.323492
285.309683
286.292698
287.031156
287.956599
288.798685
289.758367
290.494014
291.640136
292.540000
293.502585
294.593061
295.732381
296.474694
297.270612
298.028889
298.988844
299.908163
300.644444
301.614921
302.512063
303.460408
304.343492
305.218730
306.132381
307.228571
308.249206
309.013651
310.182540
311.108571
311.986349
313.510794
315.532698
317.494739
319.271701
322.199592
325.882948
