0.410159
2.096190
3.585397
5.299955
6.907982
8.479592
9.810068
11.664898
13.919728
16.808254
18.819592
21.780000
23.356372
25.373333
29.905714
31.609388
33.154921
34.938231
36.593968
38.395782
41.378776
43.253810
46.540000
48.360363
50.291247
54.682449
56.341905
57.642222
58.845079
59.997778
61.340000
62.573968
63.791542
65.088571
66.271293
67.485850
68.811701
69.952789
71.149116
72.427211
73.801497
74.970884
76.238503
77.572653
78.982177
80.653741
83.945714
86.226009
89.176281
91.077551
93.166281
96.888299
97.666349
98.444762
99.310794
100.100000
100.829841
101.730794
102.451746
103.252698
103.940000
104.792381
105.480317
106.296825
107.023311
107.750930
108.558050
109.336236
110.080000
110.926848
111.757596
112.500000
113.400998
114.129977
114.835283
115.656916
116.422313
117.254966
117.983900
118.829252
119.583673
120.370884
121.147075
121.972472
122.794240
123.514286
124.246122
125.007120
125.878707
126.617823
127.277914
128.126667
128.725714
129.517143
130.037460
130.692698
131.193968
131.984444
132.588254
133.296916
133.782041
134.377551
135.024082
135.432245
135.953061
136.439592
136.901633
137.544082
138.014694
138.468345
139.117551
140.401542
141.582857
143.443265
145.023673
147.013469
148.895510
150.608980
152.645306
155.800816
156.760816
157.807937
158.870930
159.714853
160.643923
161.581791
162.652653
163.436599
164.312834
165.340000
166.278095
166.946984
168.032880
168.869841
169.654580
170.779592
171.582948
172.371497
173.506712
174.626712
175.452449
176.263673
177.337007
178.131655
178.885850
180.035782
181.213878
182.051020
182.793333
183.683537
184.487755
185.274875
185.993243
186.905669
187.671111
188.563129
189.520952
190.482041
192.835646
194.959909
196.930703
200.395873
202.397279
204.453878
207.136145
210.194467
212.721224
215.739546
219.159683
220.036871
220.595057
221.378730
222.140000
222.760000
223.455238
224.148707
224.910113
225.559592
226.193741
226.906531
227.618503
228.416689
229.043855
229.869252
230.438095
231.217914
232.040000
233.037551
234.747755
235.906531
236.967755
238.081633
239.149388
240.203265
241.122041
242.140000
243.213878
244.297234
245.273878
246.061088
246.999184
248.063673
249.183673
249.780000
250.867891
251.752744
252.552517
253.448254
254.129796
254.887347
255.680000
256.446576
257.175556
257.893696
258.595737
259.288707
259.977868
260.616281
261.165760
261.686168
262.304717
262.910658
263.360000
263.806304
264.388617
264.900136
265.386304
265.857868
266.345850
266.786621
267.252834
267.728163
268.176236
268.731020
269.152426
269.593243
270.061361
270.479320
270.949206
271.411429
271.825034
272.264082
272.900000
274.044444
276.323401
277.163673
277.983265
278.655964
279.421088
280.121224
280.842540
281.623810
282.458231
283.160816
283.941224
284.624082
285.340000
286.024082
286.770340
287.500000
288.124218
288.902721
289.769796
292.230816
294.270431
296.140340
298.173923
300.411361
302.286576
304.118390
306.173016
308.380249
310.122971
312.043175
313.947143
316.217891
318.054422
320.319660
322.603492
325.649683
327.232698
328.471156
329.576599
330.857370
331.878367
333.334014
334.480136
335.600000
336.822585
338.311429
339.792381
340.534694
341.650612
342.408889
343.928844
344.888163
345.988889
347.294603
348.352063
349.620408
350.763492
351.918730
353.072381
354.348571
355.429206
356.653651
358.022540
359.048571
360.306349
362.130794
364.952698
367.314739
369.471701
372.879184
377.482948
