4.410159
6.100000
7.225397
8.499955
9.327982
10.479592
11.510068
12.780000
13.799728
15.108254
16.760000
18.667619
19.716372
21.373333
24.085714
25.229388
26.214921
27.398231
28.236281
29.285578
31.038776
32.353810
34.020000
35.420363
36.811247
39.460000
40.601905
41.902222
42.805079
43.877778
45.018413
46.093968
47.151542
48.288571
49.371293
50.425850
51.471701
52.572789
53.649116
54.767211
55.881497
56.950884
57.978503
59.032653
60.182177
61.393741
62.745714
64.220000
65.816281
67.817551
69.460000
72.708299
73.566349
74.504762
75.470794
76.439365
77.269841
78.170794
79.071746
79.972698
80.898730
81.812381
82.620317
83.536825
84.363311
85.310930
86.178050
87.016236
87.857868
88.726848
89.597596
90.495646
91.300998
92.149977
92.915283
93.716916
94.522313
95.434966
96.203900
96.949252
97.683673
98.490884
99.200000
99.972472
100.674240
101.314286
101.946122
102.587120
103.258707
103.980000
104.417914
105.086667
105.665714
106.277143
106.777460
107.466349
107.953968
108.464444
109.028254
109.656916
110.142041
110.717551
111.204082
111.712245
112.213061
112.699592
113.133878
113.784082
114.294694
114.768345
115.217551
116.421542
117.782857
119.543265
120.583673
121.900000
123.055510
124.120000
125.745306
127.880816
128.904082
129.927937
131.114649
132.094853
133.043923
134.241791
135.112653
136.016599
137.477868
138.647120
139.658095
140.706984
141.632880
142.469841
143.274580
144.379592
145.142948
145.911497
146.400000
146.440000
147.152449
147.683673
148.280000
148.411655
148.605850
149.080000
149.280000
149.300000
149.773333
150.621224
151.267755
152.194875
152.973243
153.845669
154.671111
155.623129
156.580952
157.702041
159.935646
161.699909
163.420000
166.195873
167.557279
169.193878
171.696145
174.314467
176.641224
178.680000
180.079683
180.736871
181.555057
182.358730
183.131111
183.831882
184.595238
185.428707
186.230113
186.999592
187.833741
188.546531
189.298503
190.096689
190.803855
191.629252
192.418095
193.160000
193.906395
194.877551
196.347755
197.946531
199.047755
201.061633
202.129388
203.483265
204.482041
205.597143
207.153878
208.237234
209.653878
210.781088
212.119184
213.263673
214.843673
216.009841
217.467891
218.532744
219.532517
220.528254
221.400000
222.227347
223.043492
223.846576
224.655556
225.413696
226.055737
226.700000
227.357868
228.056281
228.685760
229.286168
229.904717
230.430658
231.012971
231.546304
232.188617
232.880136
233.606304
234.417868
235.165850
235.906621
236.572834
237.164490
237.952472
238.757007
239.414558
240.253243
241.001361
241.719320
242.486032
243.131429
243.905034
244.604082
245.160000
246.284444
247.483401
248.283673
249.123265
249.855964
250.661088
251.321224
252.022540
252.923810
253.798231
254.540816
255.361224
256.044082
256.931293
257.624082
258.410340
259.140000
259.864218
260.602721
261.420000
263.760000
265.350431
267.500340
269.473923
271.711361
273.406576
275.198390
277.413016
279.760249
281.402971
283.263175
285.067143
287.557891
289.314422
291.519660
293.903492
296.909683
298.032698
299.051156
300.076599
301.158685
302.175102
303.434014
304.460136
305.440000
306.683265
308.053061
309.017143
309.994694
311.110612
311.868889
313.088844
314.428163
315.104444
316.154603
317.132063
318.200408
319.103492
320.178730
321.252381
322.368571
323.549206
324.313651
325.542540
326.568571
327.606349
329.010794
330.792698
332.994739
333.811701
336.480000
340.082948
