1.630159
3.296190
4.645397
6.039955
7.347982
8.599592
9.910068
11.304898
12.899728
15.068254
17.259592
20.887619
23.016372
24.733333
30.025714
31.969388
33.334921
34.598231
35.920000
37.365578
40.038776
42.213810
45.930612
48.080363
50.591247
55.842449
57.401905
58.702222
59.825079
60.957778
62.158413
63.433968
64.651542
65.740000
66.791293
67.825850
68.891701
69.980000
71.029116
72.047211
73.221497
74.270884
75.278503
76.332653
77.662177
79.773741
82.885714
85.166009
88.976281
91.357551
94.406281
99.367891
100.526349
101.504762
102.450794
103.319365
104.309524
105.190794
106.131746
107.072698
107.958730
108.852381
109.700317
110.656825
111.603311
112.450930
113.318050
114.176236
115.057868
115.866848
116.697596
117.555646
118.380998
119.189977
119.955283
120.696916
121.462313
122.294966
123.043900
123.869252
124.603673
125.310884
126.107075
126.852472
127.674240
128.314286
128.886122
129.667120
130.498707
131.117823
131.777914
132.666667
133.245714
133.857143
134.437460
135.046349
135.593968
136.164444
136.728254
137.396916
137.862041
138.417551
138.924082
139.352245
139.813061
140.339592
140.853878
141.324082
141.814694
142.308345
142.837551
144.401542
146.222857
148.303265
149.663673
151.613469
153.275510
154.848980
157.465306
160.820816
162.140816
163.127937
164.090930
164.954853
165.803923
166.781791
167.932653
168.656599
169.492834
170.407120
171.218095
171.966984
173.032880
173.889841
174.714580
175.859592
176.622948
177.451497
178.586712
179.646712
180.472449
181.303673
182.377007
183.091655
183.845850
184.995782
186.073878
186.851020
187.593333
188.363537
189.087755
189.894875
190.613243
191.485669
192.271111
193.163129
193.940952
195.042041
197.155646
198.739909
200.410703
203.115873
204.657279
206.413878
208.936145
211.974467
214.201224
216.579546
219.899683
220.796871
221.735057
222.538730
223.371111
224.191882
224.955238
225.868707
226.690113
227.619592
228.413741
229.246531
230.218503
231.016689
231.863855
232.749252
233.638095
234.497914
235.506395
236.517551
238.467755
239.886531
240.967755
242.401633
243.489388
244.723265
245.822041
246.937143
248.373878
249.757234
250.893878
251.961088
253.279184
254.483673
255.783673
257.109841
258.687891
259.792744
260.732517
261.688254
262.689796
263.547347
264.363492
265.246576
266.115556
266.973696
267.675737
268.388707
269.157868
269.856281
270.465760
271.086168
271.724717
272.250658
272.720000
273.140000
273.668617
274.200136
274.626304
274.980000
275.465850
275.786621
276.212834
276.488163
276.856236
277.257007
277.620000
278.053243
278.361361
278.739320
279.189206
279.711429
280.165034
280.844082
281.618912
282.764444
284.043401
284.923673
285.763265
286.495964
287.321088
288.141224
288.945079
289.703810
290.658231
291.440816
292.241224
292.984082
293.951293
294.708163
295.570340
296.365714
297.184218
298.002721
298.989796
302.130816
304.490431
306.280340
308.253923
310.451361
312.066576
313.840000
315.893016
318.180249
319.922971
321.843175
323.647143
326.097891
327.794422
329.839660
332.083492
335.389683
336.292698
336.971156
337.736599
338.438685
339.278367
339.974014
340.960136
341.800000
342.740000
343.733061
344.632381
345.374694
346.230612
346.988889
347.968844
348.748163
349.424444
350.434921
351.372063
352.220408
353.103492
354.078730
355.132381
356.028571
356.809206
357.713651
358.762540
359.528571
360.346349
361.790794
363.452698
365.280000
366.991701
369.559592
372.962948
