0.930159
2.240000
3.525397
4.819955
6.287982
7.380000
8.590068
9.984898
11.839728
16.828254
19.079592
23.387619
26.136372
29.233333
33.605714
35.140000
36.334921
37.438231
38.336281
39.625578
43.717959
47.973810
52.450612
56.300363
58.591247
65.202449
66.621905
67.822222
68.865079
69.937778
71.098413
72.293968
73.491542
74.600000
75.631293
76.665850
77.671701
78.712789
79.729116
80.767211
81.921497
82.950884
83.938503
84.972653
85.982177
88.933741
93.185714
97.166009
101.216281
104.837551
107.066281
113.528299
114.386349
115.244762
116.050794
116.919365
117.689841
118.490794
119.311746
120.160000
120.938730
121.792381
122.520000
123.356825
124.143311
124.890930
125.758050
126.516236
127.377868
128.206848
129.037596
129.855646
130.700998
131.449977
132.295283
133.116916
133.882313
134.774966
135.643900
136.369252
137.203673
137.990884
138.807075
139.592472
140.474240
141.274286
142.006122
142.847120
143.718707
144.597823
145.377914
146.166667
146.745714
147.497143
148.017460
148.546349
149.093968
149.744444
150.308254
150.856916
151.322041
151.897551
152.344082
152.752245
153.213061
153.600000
154.033878
154.544082
154.994694
155.388345
155.977551
157.341542
158.762857
160.463265
162.203673
164.113469
166.255510
167.828980
169.545306
171.840816
172.740816
173.627937
174.550930
175.234853
175.943923
176.801791
177.532653
178.356599
179.192834
180.147120
181.138095
181.906984
182.812880
183.469841
184.114580
185.119592
185.782948
186.451497
187.566712
188.546712
189.212449
189.903673
190.797007
191.551655
192.205850
193.315782
194.333878
195.071020
195.793333
196.463537
197.127755
197.934875
198.733243
199.645669
200.571111
201.503129
202.360952
203.202041
204.835646
206.799909
208.770703
211.515873
213.277279
215.213878
217.856145
220.614467
223.101224
225.759546
228.939683
229.476871
230.095057
230.778730
231.511111
232.171882
232.835238
233.588707
234.310113
234.979592
235.673741
236.326531
236.978503
237.716689
238.423855
239.149252
239.918095
240.677914
241.546395
242.397551
244.407755
245.526531
246.587755
247.821633
248.929388
250.043265
251.062041
252.177143
253.313878
254.397234
255.493878
256.481088
257.579184
258.683673
259.783673
260.909841
262.407891
263.472744
264.372517
265.288254
266.029796
266.747347
267.543492
268.326576
269.015556
269.713696
270.415737
271.068707
271.777868
272.376281
272.965760
273.586168
274.224717
274.810658
275.380000
275.866304
276.308617
276.880136
277.366304
277.877868
278.385850
278.846621
279.372834
279.968163
280.516236
281.057007
281.532426
281.993243
282.501361
283.039320
283.629206
284.091429
284.505034
285.084082
285.660000
286.864444
288.503401
289.103673
289.703265
290.355964
291.061088
291.801224
292.502540
293.243810
294.078231
294.860816
295.601224
296.284082
297.071293
297.744082
298.530340
299.165714
299.800000
300.582721
301.300000
304.550816
306.910431
309.480340
311.693923
314.291361
316.326576
318.718390
321.133016
323.740249
325.862971
327.992698
330.367143
333.037891
335.174422
337.659660
340.123492
343.509683
344.392698
345.271156
346.076599
346.818685
347.678367
348.634014
349.620136
350.480000
351.440000
352.613061
353.432381
354.194694
355.170612
355.988889
356.908844
358.008163
358.784444
359.834921
360.812063
361.780408
362.503492
363.460000
364.332381
365.248571
366.089206
366.853651
367.902540
368.768571
369.586349
370.850794
372.952698
375.014739
376.711701
379.179592
383.042948
