0.990159
2.536190
3.925397
5.499955
6.967982
8.439592
9.930068
11.504898
13.497279
15.888254
18.099592
20.847619
22.976372
25.013333
29.585714
31.169388
32.594921
33.978231
35.596281
37.105578
39.898776
41.873810
45.030612
47.540363
49.051247
54.162449
55.721905
57.042222
58.485079
59.957778
61.638413
63.273968
64.811542
66.168571
67.771293
69.245850
70.771701
72.232789
73.549116
75.027211
76.721497
78.270884
79.998503
81.192653
83.122177
84.833741
87.165714
89.186009
92.156281
94.157551
96.398844
100.768299
101.466349
102.284762
103.070794
103.879365
104.709841
105.520000
106.171746
106.912698
107.740000
108.492381
109.240317
110.116825
110.843311
111.670930
112.478050
113.196236
113.997868
114.786848
115.617596
116.375646
117.200998
117.909977
118.615283
119.380000
120.122313
120.940000
121.783900
122.489252
123.203673
124.030884
124.787075
125.592472
126.374240
127.114286
127.766122
128.367120
129.198707
129.997823
130.697914
131.526667
132.105714
132.697143
133.257460
133.826349
134.333968
134.800000
135.348254
135.973832
136.522041
137.057551
137.604082
138.092245
138.573061
139.079592
139.775510
140.424082
141.069388
141.508345
141.957551
143.000000
143.940000
145.243265
146.063673
147.733469
149.055510
150.508980
152.405306
155.460816
156.440816
157.207937
158.510930
159.374853
160.303923
161.301791
162.092653
162.976599
164.112834
165.047120
166.018095
166.806984
167.992880
168.889841
169.714580
170.879592
171.622948
172.471497
173.706712
174.806712
175.652449
176.383673
177.557007
178.311655
179.165850
180.335782
181.473878
182.251020
183.033333
183.823537
184.547755
185.414875
186.173243
187.045669
187.851111
188.723129
189.680952
190.682041
192.835646
194.759728
196.830703
200.355873
202.417279
204.693878
207.596145
210.594467
213.301224
216.239546
220.739683
221.616871
222.435057
223.338730
224.191111
225.111882
225.995238
227.148707
227.990113
228.759592
229.653741
230.566531
231.438503
232.416689
233.323855
234.169252
235.078095
235.917914
236.986395
237.957551
239.927755
241.186531
242.307755
243.761633
244.869388
246.123265
247.062041
248.271429
249.673878
250.917234
252.273878
253.581088
254.759184
255.963673
257.183673
258.280000
259.647891
261.172744
262.152517
263.628254
264.629796
265.547347
266.763492
268.326576
269.215556
270.013696
271.630159
272.548707
273.547211
274.376281
275.105760
275.726168
276.584717
277.350658
277.952971
278.566304
279.328617
280.160544
280.786304
281.534422
282.045850
282.946621
283.432834
284.288163
284.736236
285.357007
285.953968
286.599728
287.261361
287.779320
288.549206
289.191429
289.865034
290.504082
291.458912
293.044444
295.723401
296.523673
297.343265
298.135964
298.941088
299.701224
300.442540
301.203810
302.078231
303.040816
303.841224
304.524082
305.411293
306.224082
307.030340
307.865714
308.768435
309.702721
311.139592
313.730816
315.810431
318.240340
320.213923
322.151361
323.926576
325.738390
327.793016
329.860249
331.782971
333.703175
335.507143
337.957891
339.774422
341.979660
344.423492
347.649683
348.692698
349.731156
351.056599
352.018685
353.238367
354.794014
356.080136
357.360000
359.022585
360.473061
362.012381
363.174694
364.430612
365.288889
367.168844
368.508163
369.544444
370.854921
372.572063
373.900816
375.523492
376.958730
378.392381
380.808571
382.089206
382.853651
383.922540
386.788571
388.026349
390.370794
392.380000
393.774739
395.791701
399.019592
403.162948
