0.390159
2.076190
3.485397
4.779955
6.247982
7.559592
8.890068
10.244898
11.579728
13.968254
15.879592
18.807619
20.596372
22.453333
27.505714
29.269388
30.714921
31.998231
33.376281
34.905578
37.298776
39.553810
42.930612
44.920363
47.111247
52.462449
54.181905
55.502222
56.685079
57.837778
59.178413
60.433968
61.671542
62.868571
64.011293
65.145850
66.271701
67.412789
68.569116
69.747211
71.001497
72.190884
73.338503
74.492653
75.762177
77.253741
79.565714
81.886009
84.936281
86.992653
89.246281
93.868299
94.726349
95.604762
96.490794
97.379365
98.229841
99.110794
99.991746
100.872698
101.758730
102.632381
103.480317
104.396825
105.223311
106.070930
106.938050
107.756236
108.657868
109.526848
110.417596
111.295646
112.160998
113.009977
113.915283
114.816916
115.642313
116.494966
117.383900
118.249252
119.103673
119.950884
120.847075
121.692472
122.534240
123.334286
124.046122
124.907120
125.818707
126.637823
127.397914
128.206667
128.805714
129.397143
129.897460
130.486349
130.973968
131.504444
132.088254
132.756916
133.222041
133.777551
134.264082
134.692245
135.133061
135.639592
136.073878
136.564082
137.014694
137.428345
137.857551
139.161542
140.542857
142.463265
143.923673
145.893469
147.755510
149.368980
151.185306
154.520816
155.480816
156.367937
157.310930
158.154853
159.023923
159.961791
160.892653
161.796599
162.672834
163.587120
164.618095
165.446984
166.392880
167.269841
168.114580
169.259592
170.042948
170.811497
171.973424
173.086712
173.932449
174.723673
175.817007
176.571655
177.345850
178.475782
179.653878
180.451020
181.213333
182.023537
182.567755
183.454875
184.193243
185.145669
185.951111
186.923129
187.900952
189.042041
190.935646
192.779909
194.790703
197.695873
199.517279
201.533878
204.096145
206.974467
209.661224
212.539546
215.879683
216.836871
217.635057
218.458730
219.251111
220.051882
220.835238
221.808707
222.630113
223.439592
224.273741
225.066531
225.898503
226.696689
227.563855
228.409252
229.338095
230.237914
231.326395
232.337551
235.047755
236.326531
237.407755
238.521633
239.609388
240.723265
241.762041
242.897143
244.113878
245.217234
246.393878
247.421088
248.579184
249.683673
250.823673
251.969841
253.327891
254.412744
255.332517
256.268254
257.289796
258.147347
258.983492
259.806576
260.655556
261.493696
262.215737
262.928707
263.697868
264.416281
265.065760
265.706168
266.344717
266.950658
267.532971
268.086304
268.668617
269.220136
269.712608
270.237868
270.745850
271.206621
271.672834
272.148163
272.596236
273.077007
273.492426
273.953243
274.381361
274.799320
275.269206
275.731429
276.165034
276.744082
277.438912
278.884444
280.803401
281.663673
282.503265
283.175964
283.961088
284.721224
285.442540
286.163810
287.038231
287.840816
288.641224
289.324082
290.331293
291.104082
291.890340
292.665714
293.504218
294.342721
295.249796
297.890816
300.010431
301.820340
303.833923
306.151361
308.026576
309.878390
311.973016
314.400249
316.182971
318.143175
319.987143
322.577891
324.294422
326.539660
328.843492
332.049683
332.952698
333.651156
334.456599
335.158685
336.018367
336.774014
337.760136
338.640000
339.622585
340.613061
341.412381
342.174694
343.030612
343.808889
344.628844
345.428163
346.124444
346.974921
347.772063
348.740408
349.663492
350.658730
351.692381
352.588571
353.449206
354.233651
355.302540
356.188571
357.026349
358.290794
360.372698
362.554739
364.391701
367.379592
371.082948
