0.770159
2.456190
3.645397
4.879955
6.027982
7.399592
8.530068
9.824898
10.979456
12.408254
14.219592
16.327619
17.896372
19.413333
23.485714
25.109388
26.494921
27.818231
29.036281
30.285578
32.078776
33.833810
36.270612
37.680363
39.011247
43.122449
44.621905
45.922222
47.065079
48.197778
49.598413
50.833968
52.171542
53.388571
54.571293
55.725850
56.911701
58.072789
59.149116
60.327211
61.481497
62.610884
63.678503
64.792653
65.982177
67.453741
68.965714
70.706009
72.816281
74.377551
76.326281
80.668299
81.606349
82.544762
83.510794
84.459365
85.289841
86.290794
87.191746
88.052698
88.978730
89.852381
90.760317
91.676825
92.523311
93.370930
94.238050
95.036236
95.837868
96.626848
97.437596
98.215646
98.980998
99.680000
100.435283
101.316916
102.060000
102.834966
103.563900
104.309252
105.003673
105.790884
106.587075
107.232472
107.914240
108.554286
109.186122
109.807120
110.618707
111.220000
111.800000
112.366667
113.045714
113.617143
114.117460
114.646349
115.133968
115.624444
116.148254
116.716916
117.082041
117.617551
118.084082
118.412245
118.833061
119.319592
119.753878
120.224082
120.694694
121.088345
121.537551
122.841542
124.222857
126.023265
127.343673
129.213469
130.935510
132.528980
134.345306
136.820816
137.840816
138.727937
139.650930
140.474853
141.403923
142.261791
142.892653
143.876599
144.892834
145.807120
146.820000
147.606984
148.492880
149.269841
150.034580
151.159592
151.922948
152.651497
153.786712
154.866712
155.632449
156.363673
157.397007
158.151655
158.865850
159.935782
160.973878
161.691020
162.433333
163.143537
163.787755
164.634875
165.353243
166.225669
167.031111
167.783129
168.620952
169.522041
171.355646
173.079909
174.730703
177.435873
179.140000
180.993878
183.416145
186.154467
188.761224
191.839546
194.939683
195.656871
196.395057
197.178730
197.891111
198.591882
199.315238
200.108707
200.790113
201.499592
202.273741
203.026531
203.718503
204.496689
205.203855
205.909252
206.698095
207.357914
208.286395
209.160000
211.247755
212.706531
213.867755
215.141633
216.189388
217.263265
218.282041
219.417143
220.733878
221.817234
222.853878
223.901088
225.059184
226.163673
227.263673
228.409841
230.007891
230.932744
231.752517
232.648254
233.549796
234.207347
235.023492
235.786576
236.395556
237.173696
237.875737
238.468707
239.097868
239.676281
240.105760
240.626168
241.164717
241.580000
242.072971
242.440000
242.880000
243.320136
243.726304
244.117868
244.505850
244.880000
245.172834
245.588163
245.936236
246.357007
246.752426
247.193243
247.480000
247.759320
248.149206
248.571429
248.840000
249.184082
249.660000
250.524444
252.303401
253.103673
253.883265
254.535964
255.301088
255.941224
256.642540
257.363810
258.198231
258.920816
259.681224
260.324082
261.111293
261.764082
262.410340
263.085714
263.844218
264.422721
265.169796
267.750816
270.010431
271.860340
274.093923
276.671361
278.646576
280.798390
282.873016
285.480249
287.262971
289.183175
290.987143
293.697891
295.614422
297.819660
300.063492
303.209683
304.552698
305.351156
306.736599
307.658685
308.698367
310.034014
311.640136
312.580000
313.762585
315.193061
316.792381
317.569388
318.870612
319.668889
321.488844
322.488163
323.577778
324.594921
325.612063
326.580408
327.303492
329.558730
330.792381
332.068571
333.222857
334.173651
335.802540
336.928571
338.106349
340.070794
342.232698
344.814739
346.571701
348.659592
351.962948
