1.330159
2.776190
4.105397
5.519955
6.727982
7.939592
9.270068
10.684898
12.378095
14.828254
17.299592
20.207619
22.316372
24.473333
29.085714
30.509388
31.854921
33.138231
34.356281
35.785578
37.818776
40.113810
43.190612
45.140363
47.291247
51.942449
53.201905
54.502222
55.485079
56.617778
57.838413
58.953968
60.091542
61.180000
62.291293
63.405850
64.431701
65.712789
66.789116
67.907211
69.141497
70.250884
71.258503
72.432653
73.722177
75.433741
77.365714
79.646009
83.096281
85.077551
87.406281
91.528299
92.266349
93.084762
93.890794
94.620000
95.409841
96.190794
96.951746
97.772698
98.518730
99.280000
100.000317
100.816825
101.603311
102.300000
103.118050
103.856236
104.737868
105.406848
106.257596
106.935646
107.540998
108.389977
109.075283
109.796916
110.442313
111.054966
111.923900
112.640000
113.320000
114.050884
114.780000
115.492472
116.194240
116.794286
117.460000
118.067120
118.798707
119.377823
119.937914
120.666667
121.185714
121.757143
122.257460
122.806349
123.293968
123.804444
124.368254
124.916916
125.382041
125.900000
126.384082
126.792245
127.233061
127.719592
128.153878
128.644082
129.094694
129.508345
130.017551
131.141542
132.402857
133.923265
135.263673
136.873469
138.475510
139.948980
141.665306
143.860816
144.820816
145.787937
146.830930
147.634853
148.483923
149.481791
150.252653
151.116599
152.312834
153.327120
154.338095
155.226984
156.172880
156.929841
157.734580
158.799592
159.562948
160.291497
161.426712
162.466712
163.292449
164.063673
165.097007
165.871655
166.625850
167.775782
168.833878
169.611020
170.353333
171.143537
171.827755
172.674875
173.393243
174.305669
175.151111
176.123129
177.080952
178.062041
180.055646
181.779909
183.310703
185.875873
187.477279
189.233878
191.416145
194.114467
195.861224
198.040000
200.620000
201.356871
201.875057
202.540000
203.111111
203.651882
204.255238
205.088707
205.610113
206.220000
206.953741
207.466531
208.098503
208.676689
209.383855
209.989252
210.680000
211.400000
212.066395
212.997551
215.047755
216.180000
216.927755
218.021633
219.020000
220.043265
220.942041
221.917143
223.013878
224.097234
225.033878
225.881088
226.759184
227.763673
228.383673
229.509841
230.947891
231.812744
232.672517
233.548254
234.240000
234.987347
235.663492
236.446576
237.160000
237.833696
238.535737
239.188707
239.817868
240.436281
241.025760
241.566168
242.184717
242.650658
243.172971
243.706304
244.288617
244.820136
245.346304
245.917868
246.405850
246.866621
247.352834
247.808163
248.296236
248.877007
249.312426
249.893243
250.321361
250.739320
251.349206
251.811429
252.265034
252.844082
253.360000
254.384444
255.643401
256.263673
257.003265
257.575964
258.241088
258.841224
259.462540
260.103810
260.718231
261.440816
262.161224
262.740000
263.420000
264.084082
265.070340
265.885714
266.724218
267.502721
268.329796
270.450816
271.410431
273.780340
275.893923
278.211361
280.086576
282.218390
284.373016
286.860249
288.822971
290.743175
292.647143
295.177891
297.594422
299.799660
302.043492
305.009683
306.152698
307.291156
308.496599
309.522902
310.598367
311.834014
312.880136
313.980000
315.182585
316.713061
317.572381
318.774694
319.990612
320.748889
322.048844
323.428163
324.144444
325.154921
326.392063
327.360408
328.723492
329.718730
331.192381
332.568571
333.469206
334.553651
335.882540
336.868571
337.826349
339.450794
341.412698
343.354739
345.211701
347.980000
350.862948
