1.310159
3.156190
4.665397
6.139955
7.667982
9.379592
11.110068
12.664898
14.434558
16.828254
18.939592
21.807619
23.596372
25.573333
29.165714
30.909388
32.434921
33.938231
35.296281
36.805578
39.138776
41.500000
44.150612
46.240363
48.311247
52.762449
54.481905
56.082222
57.265079
58.497778
59.978413
61.473968
62.951542
64.208571
65.451293
66.677551
67.890204
69.152789
70.329116
71.587211
73.021497
74.270884
75.498503
76.632653
78.242177
79.933741
82.205714
84.386009
87.356281
89.317551
91.546281
95.788299
96.646349
97.504762
98.210794
98.939365
99.769841
100.560000
101.280000
101.992698
102.698730
103.460000
104.120317
104.996825
105.683311
106.350930
107.118050
107.796236
108.580000
109.266848
110.037596
110.795646
111.500000
112.189977
112.915283
113.556916
114.142313
114.814966
115.563900
116.240000
116.823673
117.530884
118.180000
118.832472
119.494240
120.014286
120.646122
121.207120
121.798707
122.400000
122.857914
123.526667
124.040000
124.417143
124.897460
125.326349
125.753968
126.124444
126.648254
127.116916
127.462041
127.997551
128.424082
128.812245
129.240000
129.679592
130.113878
130.604082
131.054694
131.468345
131.897551
133.041542
134.182857
135.903265
137.163673
138.873469
140.155510
141.648980
143.365306
146.080000
146.580816
147.367937
148.070930
148.994853
149.783923
150.621791
151.100000
151.976599
152.912834
153.587120
154.438095
155.206984
156.092880
156.889841
157.654580
158.599592
159.262948
159.931497
161.026712
162.046712
162.752449
163.443673
164.457007
165.091655
165.785850
166.815782
167.773878
168.551020
169.293333
169.963537
170.607755
171.454875
172.173243
173.045669
173.791111
174.523129
175.480952
176.202041
177.835646
179.259909
181.000000
183.615873
185.237279
187.213878
189.976145
192.914467
195.501224
198.219546
201.679683
202.376871
203.015057
203.738730
204.511111
205.231882
205.995238
206.888707
207.590113
208.299592
209.033741
209.806531
210.598503
211.356689
212.143855
212.909252
213.778095
214.557914
215.526395
216.537551
218.427755
219.526531
220.427755
221.541633
222.509388
223.463265
224.402041
225.497143
226.513878
227.497234
228.373878
229.321088
230.080000
231.043673
232.120000
233.160000
234.187891
235.072744
235.852517
236.708254
237.369796
238.087347
238.743492
239.546576
240.255556
240.953696
241.635737
242.168707
242.797868
243.356281
243.825760
244.446168
245.024717
245.390658
245.872971
246.226304
246.748617
247.160136
247.586304
248.037868
248.525850
248.866621
249.272834
249.548163
249.956236
250.377007
250.752426
251.153243
251.560000
251.839320
252.249206
252.691429
253.005034
253.464082
253.940000
254.784444
256.143401
256.803673
257.583265
258.195964
258.921088
259.521224
260.222540
260.943810
261.798231
262.560816
263.221224
263.820000
264.591293
265.164082
265.830340
266.405714
267.064218
267.902721
268.749796
270.190816
271.070431
272.860340
274.833923
277.051361
278.946576
280.758390
282.813016
285.281497
287.222971
289.003175
290.807143
293.377891
295.454422
297.519660
299.763492
303.109683
304.352698
305.531156
307.036599
307.718685
309.371837
310.734014
311.860136
313.280000
314.942585
317.173061
318.692381
320.154694
321.130612
322.088889
323.828844
325.028163
325.884444
326.934921
328.352063
329.640408
331.003492
332.618730
334.129524
335.688571
336.529206
338.213651
339.642540
340.508571
342.286349
344.390794
347.492698
350.054739
351.871701
354.599592
358.442948
