1.490159
2.840000
3.905397
5.059955
6.067982
7.159592
7.910068
9.104898
11.059728
13.448254
16.399592
19.827619
22.096372
24.473333
29.485714
30.789388
31.774921
32.818231
34.140000
34.945578
38.373061
41.053810
45.090612
47.980363
51.031247
57.122449
58.581905
59.702222
60.725079
61.717778
62.858413
63.873968
65.131542
65.908571
67.151293
68.205850
69.191701
70.272789
71.309116
72.447211
73.621497
74.510884
75.578503
76.712653
77.862177
79.633741
83.805714
86.366009
89.976281
92.397551
95.806281
101.088299
101.846349
102.664762
103.510794
104.299365
104.989841
105.660000
106.471746
107.152698
107.960000
108.692381
109.380317
110.176825
110.803311
111.590930
112.318050
113.076236
113.877868
114.566848
115.437596
116.155646
116.960000
117.620000
118.335283
119.156916
119.802313
120.614966
121.323900
122.080000
122.803673
123.510884
124.247075
124.992472
125.814240
126.414286
127.106122
127.847120
128.798707
129.577823
130.097914
130.826667
131.405714
131.977143
132.817460
133.466349
134.233968
134.764444
135.408254
135.956916
136.382041
137.277551
137.764082
138.172245
138.653061
139.239592
139.673878
140.244082
140.694694
141.116689
141.757551
143.241542
144.582857
145.963265
146.863673
148.393469
149.655510
151.088980
152.941224
157.060816
157.900816
158.847937
159.770930
160.514853
161.423923
162.241791
163.120000
163.956599
164.812834
165.627120
166.658095
167.486984
168.132880
168.769841
169.494580
170.459592
171.102948
171.871497
172.786712
173.786712
174.432449
175.160000
176.117007
176.751655
177.445850
178.435782
179.553878
180.151020
180.880000
181.583537
182.167755
182.974875
183.613243
184.325669
184.991111
185.863129
186.740952
187.682041
190.195646
192.519909
194.570703
197.455873
199.377279
201.353878
204.036145
206.814467
209.401224
212.219546
215.259683
215.896871
216.495057
217.258730
218.011111
218.671882
219.435238
220.168707
220.910113
221.559592
222.253741
223.020000
223.738503
224.536689
225.183855
226.009252
226.758095
227.537914
228.606395
229.697551
231.927755
233.606531
234.747755
235.981633
237.269388
238.483265
239.482041
240.797143
242.033878
243.117234
244.273878
245.481088
246.639184
247.823673
249.023673
250.129841
251.967891
253.192744
254.092517
255.028254
256.049796
256.567347
257.383492
258.186576
259.035556
259.673696
260.375737
260.900000
261.577868
262.256281
262.765760
263.266168
263.864717
264.410658
264.752971
265.226304
265.788617
266.280136
266.766304
267.237868
267.685850
268.086621
268.552834
268.968163
269.416236
269.914014
270.332426
270.773243
271.221361
271.639320
272.089206
272.531429
272.945034
273.264082
273.918912
275.080000
276.103401
276.703673
277.523265
278.135964
278.881088
279.481224
280.160000
280.843810
281.658231
282.380816
283.101224
283.744082
284.131293
284.844082
285.590340
286.345714
287.084218
287.902721
288.769796
291.890816
294.410431
296.420340
298.853923
301.691361
303.666576
305.998390
308.073016
310.920249
313.242971
315.363175
317.595714
320.177891
322.454422
324.959660
327.663492
332.029683
333.192698
334.031156
335.256599
336.058685
337.262041
338.034014
339.240136
340.160000
341.282585
342.253061
343.472381
344.314694
345.150612
345.908889
347.168844
348.188163
348.864444
349.954921
351.012063
352.020408
353.023492
354.018730
355.112381
356.528571
357.538413
358.408254
359.622540
360.588571
361.546349
363.210794
365.592698
367.434739
369.151701
372.079592
377.762948
