1.530159
2.956190
4.325397
5.799955
7.227982
8.559592
9.870068
11.424898
12.919728
14.428254
15.620000
17.900000
18.756372
20.193333
22.845714
24.420000
25.514921
26.738231
27.780000
29.145578
30.798776
31.720000
34.070612
35.440000
36.740000
40.242449
41.701905
42.922222
44.065079
45.177778
46.538413
47.793968
48.991542
50.148571
51.251293
52.345850
53.451701
54.532789
55.629116
56.767211
57.901497
59.030884
60.138503
61.172653
62.382177
63.733741
65.245714
66.740000
68.736281
70.197551
71.580000
75.868299
76.826349
77.764762
78.630794
79.579365
80.329841
81.230794
82.091746
82.952698
83.778730
84.652381
85.480317
86.376825
87.203311
88.150930
89.058050
89.896236
90.777868
91.566848
92.417596
93.175646
94.020998
94.829977
95.555283
96.360000
97.162313
97.974966
98.763900
99.609252
100.403673
101.170884
101.987075
102.812472
103.474240
104.254286
104.906122
105.667120
106.358707
107.217823
107.797914
108.580000
109.105714
109.657143
110.137460
110.686349
111.133968
111.584444
112.168254
112.740000
113.042041
113.617551
114.084082
114.472245
114.913061
115.359592
115.753878
116.224082
116.654694
117.048345
117.577551
118.861542
120.202857
121.283265
122.263673
123.653469
124.575510
125.508980
127.145306
129.300000
129.940816
130.823810
131.770930
132.674853
133.683923
134.661791
135.612653
136.496599
137.512834
138.567120
139.638095
140.486984
141.412880
142.109841
142.774580
143.719592
144.382948
145.111497
146.146712
147.106712
147.832449
148.483673
149.517007
150.171655
150.825850
151.935782
153.013878
153.691020
154.393333
155.103537
155.767755
156.774875
157.113243
157.925669
158.751111
159.520000
160.420952
161.242041
162.995646
164.899909
166.770703
169.675873
171.617279
173.593878
176.336145
179.034467
181.541224
184.239546
187.619683
188.356871
188.995057
189.758730
190.551111
191.291882
192.215238
193.068707
193.770113
194.440000
195.253741
196.026531
196.778503
197.656689
198.443855
199.240000
200.078095
200.800000
201.726395
202.617551
204.667755
205.866531
206.787755
207.881633
208.809388
209.863265
210.820000
211.777143
212.853878
213.857234
214.833878
215.701088
216.680000
217.743673
218.600000
219.509841
220.967891
221.932744
222.832517
223.708254
224.500000
225.287347
226.103492
226.906576
227.715556
228.353696
229.035737
229.728707
230.337868
230.956281
231.525760
232.066168
232.684717
233.130658
233.652971
234.126304
234.628617
235.140136
235.606304
236.117868
236.600000
237.026621
237.492834
237.948163
238.376236
238.837007
239.252426
239.693243
240.201361
240.619320
241.069206
241.411429
241.745034
242.244082
242.640000
243.520000
244.763401
245.503673
246.343265
247.055964
247.881088
248.541224
249.282540
249.863810
250.738231
251.500816
252.701224
253.504082
254.311293
255.004082
255.690340
256.445714
257.164218
257.922721
258.749796
260.610816
261.530431
263.160340
264.873923
266.351361
268.106576
269.898390
271.473016
273.200249
274.802971
276.400000
277.647143
279.917891
281.400000
283.259660
284.983492
288.389683
289.592698
290.371156
291.976599
292.678685
293.938367
294.734014
295.961361
297.560000
298.822585
300.333061
301.792381
302.854694
303.950612
304.708889
306.488844
307.888163
308.564444
309.614921
310.992063
312.160408
313.663492
315.038730
316.552381
318.234286
319.229206
320.713651
322.102540
323.148571
324.166349
325.750794
327.852698
330.474739
331.891701
334.279592
337.802948
