0.710159
2.416190
3.685397
5.079955
6.607982
8.099592
9.410068
10.904898
12.654558
14.968254
17.099592
20.367619
22.876372
24.713333
29.885714
31.669388
33.094921
34.598231
36.408844
38.133469
40.598776
42.213810
45.430612
47.380363
49.231247
54.342449
56.021905
57.662222
58.905079
60.257778
61.798413
63.487619
64.963084
66.308571
67.691293
69.065850
70.491701
71.852789
73.149116
74.567211
76.081497
77.432653
78.758503
80.192653
81.582177
83.133741
85.565714
87.846009
90.796281
92.737551
95.080000
100.288299
101.066349
101.884762
102.750794
103.439365
104.209841
105.070794
105.911746
106.672698
107.418730
108.252381
108.940317
109.836825
110.563311
111.370930
112.158050
112.956236
113.760000
114.526848
115.297596
116.115646
116.940998
117.789977
118.495283
119.376916
120.282313
121.054966
121.663900
122.429252
123.163673
123.930884
124.787075
125.572472
126.354240
127.134286
127.846122
128.567120
129.398707
130.197823
130.937914
131.906667
132.485714
133.097143
133.697460
134.306349
134.893968
135.424444
136.224762
136.776916
137.222041
138.097551
138.584082
138.992245
139.893061
140.459592
140.953878
141.584082
142.074694
142.468345
143.797551
145.181542
147.322857
149.103265
150.883673
153.433469
155.355510
157.168980
159.505306
162.940816
163.900816
164.747937
165.710930
166.554853
167.443923
168.301791
169.292653
170.140000
170.952834
171.767120
172.918095
173.746984
174.672880
175.349841
176.114580
177.019592
177.742948
178.440000
179.526712
180.546712
181.212449
181.963673
182.860000
183.591655
184.345850
185.415782
186.533878
187.251020
187.813333
188.503537
189.167755
189.954875
190.633243
191.565669
192.531111
193.300000
194.100952
194.882041
196.200000
197.859909
199.610703
202.515873
204.137279
206.073878
208.916145
211.734467
214.461224
217.479546
220.899683
221.636871
222.375057
223.138730
223.931111
224.731882
225.555238
226.588707
227.370113
228.159592
229.013741
229.786531
230.538503
231.516689
232.403855
233.229252
234.178095
235.057914
236.066395
237.077551
239.407755
240.706531
241.767755
242.959592
244.229388
245.483265
246.522041
247.637143
248.993878
250.437234
251.533878
252.541088
253.699184
254.763673
256.103673
257.189841
258.587891
259.832744
260.812517
261.868254
262.889796
263.727347
264.723492
265.626576
266.555556
267.373696
268.155737
268.848707
269.777868
270.516281
271.245760
271.986168
272.704717
273.330658
273.952971
274.486304
275.308617
275.960136
276.606304
277.117868
277.925850
278.706621
279.172834
279.808163
280.397415
281.217007
281.672426
282.333243
282.901361
283.319320
284.189206
284.871429
285.625034
286.244082
286.998912
288.104444
289.963401
290.763673
291.583265
292.295964
293.141088
293.881224
294.522540
295.283810
296.078231
296.840816
297.621224
298.284082
299.111293
299.784082
300.480000
301.085714
301.824218
302.702721
303.589796
306.890816
308.970431
310.780340
312.753923
315.111361
316.986576
318.938390
321.293016
324.060249
326.082971
328.003175
330.087143
332.937891
335.134422
337.339660
339.783492
343.069683
343.992698
344.751156
345.696599
346.698685
347.818367
348.574014
349.760136
350.920000
352.002585
353.333061
354.472381
355.594694
356.450612
357.348889
358.368844
359.368163
360.524444
361.334921
362.612063
363.780408
364.743492
365.918730
367.492381
368.828571
369.749206
371.013651
372.502540
373.748571
374.886349
376.550794
378.612698
380.734739
382.451701
385.179592
388.742948
