0.930159
2.556190
3.725397
5.039955
6.127982
7.299592
8.370068
9.640000
10.759728
13.588254
16.159592
19.307619
21.176372
23.280000
27.845714
29.349388
30.614921
31.998231
32.976281
34.145578
36.618776
38.833810
42.150612
44.280363
46.431247
51.022449
52.001905
53.322222
54.645079
55.917778
57.278413
58.553968
59.831542
61.128571
62.391293
63.565850
64.711701
65.912789
67.069116
68.287211
69.521497
70.690884
71.838503
72.992653
74.142177
75.613741
78.025714
80.706009
84.096281
86.217551
88.506281
93.102993
94.126349
94.984762
95.750794
96.619365
97.489841
98.270794
99.031746
99.832698
100.598730
101.452381
102.140317
103.016825
103.803311
104.500000
105.358050
106.136236
106.957868
107.726848
108.557596
109.355646
110.200998
110.889977
111.675283
112.576916
113.422313
114.074966
114.823900
115.669252
116.403673
117.230884
118.067075
118.792472
119.574240
120.314286
121.126122
121.907120
122.798707
123.580000
124.137914
124.886667
125.445714
126.177143
126.677460
127.166349
127.653968
128.184444
128.748254
129.260000
129.662041
130.137551
130.504082
130.912245
131.260000
131.679592
132.073878
132.444082
132.814694
133.188345
133.557551
134.681542
135.902857
137.523265
138.743673
140.153469
141.735510
143.408980
145.605306
148.880816
149.960816
151.107937
152.030930
153.234853
154.143923
155.201791
156.432653
157.456599
158.312834
159.327120
160.338095
161.046984
162.272880
163.009841
163.620000
164.599592
165.222948
165.931497
166.886712
167.706712
168.372449
169.040000
169.877007
170.471655
171.200000
172.095782
172.813878
173.591020
174.253333
174.883537
175.567755
176.894875
177.533243
178.585669
180.051111
180.983129
181.560952
182.382041
183.615646
185.559909
187.610703
190.495873
192.417279
194.433878
197.296145
200.154467
202.701224
205.539546
208.799683
209.576871
210.155057
210.838730
211.531111
212.080000
212.775238
213.608707
214.310113
215.179592
215.440000
216.126531
216.718503
217.496689
218.263855
218.969252
219.838095
220.717914
222.106395
223.117551
225.127755
226.526531
227.587755
228.721633
229.849388
231.023265
232.022041
233.137143
234.213878
235.377234
236.413878
237.401088
238.479184
239.583673
240.640000
241.600000
242.747891
243.812744
244.712517
245.608254
246.569796
247.387347
248.243492
249.206576
250.035556
250.833696
251.635737
252.348707
253.137868
253.981406
254.625760
255.246168
256.004717
256.621315
257.292971
257.866304
258.668617
259.360136
259.986304
260.577868
261.205850
261.846621
262.472834
263.288163
263.756236
264.437007
265.172426
265.813243
266.381361
266.939320
267.629206
268.491429
269.165034
269.964082
270.758912
272.164444
273.923401
274.643673
275.343265
275.995964
276.641088
277.281224
277.940000
278.620000
279.238231
279.960816
280.661224
281.244082
281.911293
282.624082
283.250340
283.925714
284.604218
285.722721
286.709796
289.590816
291.750431
293.840340
296.327846
298.911361
301.126576
303.518390
306.393016
308.820748
311.062971
313.343175
315.167143
318.137891
320.674422
323.199660
325.863492
329.389683
330.152698
330.911156
331.856599
332.918685
333.818367
334.894014
336.060136
337.000000
338.182585
339.373061
340.572381
341.494694
342.430612
343.188889
344.368844
345.688163
346.384444
347.634921
348.592063
349.780408
350.723492
351.918730
352.932381
354.288571
355.229206
356.233651
357.502540
358.468571
359.386349
360.830794
363.052698
365.914739
368.311701
371.239592
374.882948
