1.650159
3.036190
3.965397
5.099955
6.147982
7.080000
8.150068
9.300000
10.837279
13.428254
15.939592
19.167619
21.456372
23.926667
29.165714
31.229388
31.954921
33.058231
33.976281
35.505578
38.733878
41.460000
43.850612
45.860363
48.031247
52.962449
53.981905
55.282222
56.165079
57.257778
58.338413
59.293968
60.291542
61.328571
62.331293
63.365850
64.431701
65.492789
66.529116
67.487211
68.581497
69.650884
70.638503
71.732653
73.062177
74.793741
77.645714
79.866009
82.836281
85.057551
87.200000
93.168299
94.166349
95.004762
95.850794
96.879365
97.449841
98.310794
99.151746
99.912698
100.758730
101.612381
102.340000
103.216825
103.983311
104.810930
105.598050
106.316236
107.177868
107.946848
108.777596
109.655646
110.480998
111.229977
111.995283
112.836916
113.642313
114.454966
115.103900
115.869252
116.583673
117.370884
118.087075
118.852472
119.540000
120.194286
120.866122
121.407120
122.218707
122.857823
123.317914
124.100000
124.665714
125.237143
125.757460
126.426349
126.913968
127.424444
127.928254
128.576916
129.022041
129.932653
130.424082
131.172245
131.653061
132.139592
132.513878
133.004082
133.649388
134.068345
134.537551
136.621542
138.542857
140.223265
141.823673
143.893469
146.155510
147.588980
150.065306
153.800816
154.800816
155.667937
156.610930
157.414853
158.263923
159.201791
160.292653
161.156599
161.820000
162.647120
163.898095
164.726984
165.392880
166.069841
166.740000
167.799592
168.502948
169.131497
170.266712
171.246712
172.040000
172.723673
173.677007
174.351655
175.100000
176.175782
177.213878
177.931020
178.593333
179.263537
179.887755
180.714875
181.393243
182.185669
182.871111
183.660000
184.480000
185.222041
186.875646
188.559909
190.270703
192.935873
194.437279
196.313878
198.736145
201.114467
203.381224
205.659546
208.459683
209.136871
209.855057
210.658730
211.320000
212.060000
212.775238
213.528707
214.250113
214.919592
215.773741
216.460000
217.098503
217.896689
218.603855
219.269252
219.958095
220.717914
221.506395
222.457551
224.647755
225.906122
227.007755
228.101633
229.289388
230.343265
231.402041
232.557143
233.773878
234.857234
235.893878
236.761088
237.879184
239.083673
240.143673
241.269841
242.687891
243.752744
244.652517
245.648254
246.649796
247.447347
248.223492
249.026576
249.875556
250.653696
251.315737
251.928707
252.637868
253.316281
253.885760
254.486168
255.104717
255.670658
256.192971
256.706304
257.288617
257.880136
258.366304
258.877868
259.365850
259.866621
260.385669
260.968163
261.456236
262.157007
262.652426
263.093243
263.581361
264.019320
264.549206
265.051429
265.465034
265.944082
266.560000
267.804444
269.143401
269.743673
270.543265
271.115964
271.841088
272.381224
273.022540
273.683810
274.318231
275.000816
275.721224
276.364082
277.111293
277.624082
278.310340
278.880000
279.464218
280.282721
281.089796
284.110816
286.551293
289.180340
292.213923
294.736803
297.186576
300.298390
303.853016
306.400249
308.762971
312.223175
315.687143
318.257891
321.134422
324.659660
328.323492
331.729683
332.792698
333.591156
334.816599
335.498685
336.598367
337.454014
338.480136
339.540000
340.580000
341.753061
343.052381
343.794694
344.570612
345.328889
346.508844
347.588163
348.264444
349.274921
350.252063
351.280408
352.363492
353.298730
354.332381
355.488571
356.389206
357.353651
358.682540
359.588571
360.586349
361.990794
364.232698
366.314739
368.051701
370.979592
376.242948
