0.870159
1.520000
2.325397
3.539955
3.947982
4.859592
5.970068
7.004898
7.939728
10.168254
12.339592
15.547619
17.876372
19.713333
24.325714
25.380000
26.394921
27.618231
28.380000
29.405578
32.178776
34.080000
37.170612
39.120363
41.211247
46.282449
47.280000
48.362222
49.385079
50.397778
51.458413
52.533968
53.571542
54.528571
55.531293
56.525850
57.451701
58.552789
59.609116
60.627211
61.681497
62.710884
63.638503
64.692653
65.902177
67.473741
69.625714
71.586009
73.996281
75.997551
78.186281
82.048299
82.846349
83.704762
84.550794
85.359365
86.069841
86.920000
87.711746
88.552698
89.418730
90.212381
90.960317
91.856825
92.703311
93.510930
94.320000
95.056236
95.860000
96.666848
97.437596
98.295646
99.100998
99.909977
100.655283
101.436916
102.282313
103.114966
103.903900
104.729252
105.543673
106.310884
107.167075
107.912472
108.734240
109.434286
110.146122
110.907120
111.638707
112.317823
113.017914
113.766667
114.345714
114.937143
115.397460
116.006349
116.440000
116.844444
117.428254
118.016916
118.482041
118.997551
119.544082
119.952245
120.373061
120.859592
121.333878
121.824082
122.354694
122.788345
123.677551
125.081542
126.582857
128.643265
129.783673
131.513469
133.015510
134.988980
137.405306
140.980816
141.962449
143.047937
144.045578
145.034853
145.923923
147.001791
148.092653
149.000000
149.812834
150.727120
151.880000
152.506984
153.552880
154.389841
155.054580
155.919592
156.582948
157.211497
158.186712
159.126712
159.840000
160.463673
161.417007
162.071655
162.745850
163.695782
164.673878
165.291020
165.993333
166.583537
167.187755
167.934875
168.493243
169.265669
170.011111
170.863129
171.560000
172.162041
173.795646
175.679909
177.770703
180.815873
182.817279
184.833878
187.796145
191.134467
193.421224
196.419546
200.019683
200.836871
201.575057
202.378730
203.111111
203.811882
204.575238
205.468707
206.170113
206.859592
207.613741
208.346531
209.098503
209.976689
211.063855
211.889252
212.898095
213.877914
215.366395
216.377551
218.867755
220.546531
221.607755
223.521633
224.569388
225.903265
227.162041
228.877143
230.153878
231.677234
232.913878
234.561088
235.839184
237.103673
238.523673
239.989841
242.367891
243.632744
244.865034
245.988254
247.129796
248.247347
249.063492
249.966576
250.815556
251.833696
252.897370
253.628707
254.477868
255.056281
255.485760
255.986168
256.584717
257.040000
257.372971
257.726304
258.248617
258.740136
259.186304
259.677868
260.145850
260.586621
260.972834
261.328163
261.812472
262.277007
262.692426
263.133243
263.581361
263.999320
264.489206
264.951429
265.365034
265.984082
266.698912
267.904444
269.303401
270.023673
270.823265
271.495964
272.221088
272.961224
273.582540
274.263810
275.058231
275.780816
276.481224
277.144082
277.880000
278.604082
279.410340
280.805714
281.624218
282.442721
283.329796
286.754490
289.550431
291.460340
293.433923
295.111361
296.986576
299.078390
301.013016
303.000249
304.762971
306.743175
308.327143
310.357891
312.414422
315.179660
317.423492
320.069683
321.092698
321.751156
322.516599
323.278685
324.178367
324.914014
325.860136
326.700000
327.522585
328.453061
329.352381
330.174694
331.070612
331.828889
332.708844
333.488163
334.144444
335.114921
336.012063
337.060408
337.923492
338.818730
339.852381
340.868571
341.709206
342.473651
343.542540
344.448571
345.326349
346.520000
348.212698
350.094739
351.951701
354.779592
358.402948
