0.316190476
2.032108844
3.248253968
4.247800454
5.423492063
6.672108844
7.862131519
8.859863946
9.968253968
11.261678005
12.481088435
13.534693878
14.660136054
15.956825397
17.097142857
18.172517007
19.282721088
20.577777778
21.803174603
22.888163265
24.009795918
25.294693878
26.520816327
27.598367347
28.697142857
29.786122449
30.844081633
31.902040816
32.974693878
34.053877551
35.593287982
37.136326531
38.290612245
39.297959184
40.470204082
41.766893424
42.871836735
43.908571429
45.293061224
46.373877551
47.425306122
48.439727891
49.504943311
50.509931973
51.490249433
52.482902494
53.594557823
54.677188209
55.640816327
56.646530612
57.684172336
58.704399093
59.686893424
60.633106576
61.763628118
62.833197279
63.844716553
64.883809524
65.909841270
66.989569161
67.969160998
68.989387755
70.022675737
71.160453515
72.174875283
73.338775510
74.364444444
76.017777778
77.198730159
78.171428571
79.326984127
80.622222222
81.697959184
82.636190476
83.620136054
84.604081633
85.548843537
86.454421769
87.784489796
88.927346939
90.004897959
91.073741497
92.264489796
93.400816327
94.878911565
96.557278912
98.211700680
99.802993197
101.393968254
103.008276644
104.592108844
106.196462585
107.807346939
109.359455782
110.974693878
112.545578231
114.298775510
115.831292517
117.379047619
118.837551020
120.352653061
121.848163265
123.387210884
124.924081633
126.615510204
128.141496599
129.580090703
131.065034014
132.612789116
134.084353741
135.525442177
136.966530612
138.501224490
139.996734694
141.568435374
143.066213152
144.699931973
146.266371882
148.039387755
149.644625850
151.202222222
152.694421769
154.113741497
155.685442177
157.204897959
158.709115646
160.139319728
161.596099773
163.136870748
164.665034014
166.180136054
167.751836735
169.408435374
170.910476190
172.617142857
174.722902494
180.466213152
181.494784580
182.543310658
183.528344671
184.549659864
185.574603175
186.545124717
187.546485261
188.540589569
189.545578231
190.545124717
191.562811791
192.702040816
193.696145125
194.735600907
195.764172336
196.845351474
198.191383220
199.434013605
200.509750567
201.652607710
202.907936508
204.150566893
205.213605442
206.601360544
207.666213152
208.723809524
209.779591837
210.878911565
211.911111111
212.926984127
213.966439909
215.045804989
216.154557823
217.164625850
218.182312925
219.194557823
220.243083900
221.251700680
222.278458050
223.287074830
224.453514739
225.409523810
226.557097506
227.602721088
229.302857143
230.454421769
231.446712018
232.600453515
233.939591837
234.953287982
235.918367347
236.897959184
237.881179138
238.831746032
239.747845805
240.962176871
242.532426304
243.983673469
246.247619048
248.084897959
249.859047619
251.548299320
253.204897959
254.891972789
256.557278912
258.448979592
260.112108844
261.703401361
263.214149660
264.714013605
266.231292517
267.979319728
269.477006803
270.865850340
272.237278912
273.515102041
274.832108844
276.029387755
277.228843537
278.425532880
279.584217687
280.747913832
281.832925170
283.082448980
284.747755102
285.982040816
287.011337868
288.203174603
289.601814059
290.742857143
291.780498866
292.848979592
294.064399093
295.459410431
296.930612245
298.521541950
300.117913832
305.519455782
306.414149660
307.193469388
307.959727891
308.974149660
309.786122449
310.521904762
311.314285714
312.104489796
312.912108844
313.717551020
314.544761905
315.354557823
316.321088435
317.291972789
318.608979592
320.020317460