0.411428571
6.871655329
13.239002268
18.946031746
24.032653061
30.098866213
38.693877551
44.555102041
50.478367347
56.274285714
62.148571429
67.457959184
72.728163265
78.214965986
84.323265306
90.856780045
97.390294785
104.202448980
110.248344671
114.700770975
118.976145125
125.672199546
132.316009070
137.781405896
143.484807256
148.805079365
154.520090703
159.695238095
164.397278912
169.090612245
174.240000000
178.589387755
181.488979592
185.359092971
189.193287982
192.978140590
196.112834467
200.077641723
203.810249433
207.455782313
210.828480726
216.154557823
220.525714286
224.899773243
229.462494331
235.778321995
241.603628118
247.388299320
253.268752834
258.478730159
263.587120181
268.495238095
272.999909297
277.533605442
280.769886621
285.257142857
290.008526077
296.335963719
300.390748299
304.152380952
309.330430839
315.373424036
320.638548753
326.815056689
332.152743764
338.291519274
344.514467120
351.375963719
357.276734694
362.853877551
368.653061224
374.285714286
379.735510204
385.493333333
391.742040816
398.158367347
403.572244898
408.946938776
414.373877551
419.291428571
424.078367347
428.695510204
433.201632653
438.693877551
444.013061224
449.462857143
455.066122449
460.933877551
466.699319728
473.092063492
478.780952381
484.694784580
490.858956916
497.095691610
503.576961451
510.455873016
517.343492063
522.151882086