2.503810
7.396054
12.355510
17.821769
23.376281
28.668163
34.644082
38.118776
42.837687
47.689796
52.559819
58.218639
62.973243
67.975964
72.502766
74.431338
76.438322
78.435737
80.404127
82.345442
84.237732
86.395329
88.457279
90.370703
92.131043
93.904671
95.696961
97.500227
99.278231
101.006939
102.890204
104.976644
106.948571
108.788118
110.150068
111.128345
112.888073
114.751156
116.730703
118.753605
120.856871
122.799955
125.268345
127.743991
130.154263
132.191746
133.721905
135.542721
137.756599
139.926757
142.113197
144.218050
146.499002
149.511247
151.451837
153.323764
155.202766
157.190975
158.970522
160.697143
162.545351
164.391791
166.136644
167.997778
169.735374
171.649252
173.443129
176.394898
178.277982
180.120862
181.949252
183.868435
185.895238
188.668209
191.384172
194.618005
197.375374
200.650249
204.144082
206.669977
208.787211
211.108163
213.221859
215.108118
216.994558
218.866485
220.719864
222.643265
224.566667
226.521905
228.532063
230.390159
232.396190
234.451429
236.475556
238.408798
240.204444
242.107211
243.980181
245.932063
247.809116
249.750476
251.580317
253.501270
255.417143
257.444762
259.206032
261.148980
263.024762
264.867347
266.828571
268.774558
270.651973
272.567937
274.373016
276.180816
278.120317
280.008889
281.952925
283.944626
285.711973
287.566667
289.533651
291.672063
293.660000
296.422857
298.900000
301.266667
303.592245
306.184490
308.460816
310.781837
313.349796
316.350340
318.416735
320.279456
321.827029
322.811973
324.683810
326.535238
328.538050
330.308254
332.250023
334.249206
336.160408
338.247937
340.496825
343.036735
345.687347
348.263673
349.752653
351.700952
353.933968
356.572789
358.668163
360.713197
362.787483
366.109660
367.986621
369.825850
371.677596
373.578594
375.376236
377.063265
378.857687
380.650340
382.471973
384.276735
386.153968
388.064127
389.868571
392.715873
394.598730
396.418730
398.304762
400.221224
402.330476
405.226349
408.423492
411.304354
413.751202
416.791519
420.102766
423.280680
425.997143
429.545034
432.842222
435.748889
438.573651
442.064671
445.949206
449.608889
452.739048
456.559365
460.150612
464.279683
467.781088
472.086531
474.885578
476.675782
478.366667
480.115782
482.091474
484.715782
487.138549
