1.843810
8.216054
13.995510
20.881769
27.016281
33.388163
40.644082
46.558776
52.992109
59.057959
64.879819
71.598639
78.173243
84.455964
89.702766
91.631338
93.438322
95.315737
97.264127
99.185442
101.117732
103.015329
104.937279
106.850703
108.751043
110.664671
112.556961
114.460227
116.278231
118.146939
120.050204
122.016644
123.948571
125.828118
127.245034
128.208345
130.028073
131.911156
133.750703
135.753605
137.656871
139.499955
141.468345
143.383991
145.274263
147.171746
148.593968
150.362721
152.228299
154.146757
156.193197
158.118050
160.179002
162.991247
164.991837
166.843764
168.702766
170.625488
172.430522
174.317143
176.205351
178.091791
179.916644
181.837778
183.675374
185.549252
187.423129
189.294898
191.277982
193.200862
195.169252
197.208435
199.307619
201.668209
204.604172
207.338005
209.855374
212.290249
214.404082
216.449977
218.467211
220.288163
222.281859
224.248118
226.094558
227.986485
229.899864
231.863265
233.786667
235.701905
237.572063
239.430159
241.358095
243.271429
245.255556
247.228798
249.164444
251.207211
253.240181
255.232063
257.189116
259.150476
261.040317
263.081270
265.117143
267.264762
269.106032
271.108980
273.044762
274.947347
276.968571
278.994558
280.931973
282.847937
284.733016
286.620816
288.580317
290.488889
292.412925
294.312313
296.191973
298.126667
300.113651
302.132063
304.140000
306.702857
309.300000
311.706667
314.132245
316.724490
319.280816
321.819184
324.384898
327.490340
329.556735
331.599456
333.207029
334.111973
336.103810
338.015238
339.998050
341.888254
343.830023
345.789206
347.760408
349.687937
351.796825
353.816735
355.767347
357.623673
358.992653
360.820952
362.653968
364.672789
366.648163
368.619592
370.627483
373.549660
375.526621
377.385850
379.317596
381.218594
383.016236
384.863265
386.785896
388.670340
390.511973
392.336735
394.153968
396.044127
397.868571
399.675873
401.618730
403.538730
405.544762
407.621224
409.830476
412.306349
415.293968
417.961451
420.571202
423.591519
427.042766
430.112789
433.217143
436.825034
440.282222
443.768889
446.493651
450.224671
454.469206
458.208889
461.559048
465.019365
468.370612
471.819683
474.901088
478.433265
481.085578
483.135782
485.046667
486.835782
488.671474
490.595782
492.358549
