0.423810
5.596054
10.595510
15.881769
21.156281
25.924082
31.524082
35.818776
40.617687
45.697959
50.459819
55.898639
60.733243
65.715964
69.922766
71.942676
73.978322
75.935737
77.944127
79.925442
81.977732
84.235329
86.197279
88.490703
90.351043
92.204671
94.056961
95.900227
97.738231
99.526939
101.430204
103.576644
105.688571
107.588118
109.045034
110.048345
111.888073
113.851156
116.210703
118.773605
121.236871
123.279955
126.333379
129.139955
131.714263
133.911746
135.413968
137.262721
139.376599
141.546757
143.833197
146.054150
148.439002
151.671247
154.131837
156.263764
158.322766
160.410975
162.270522
164.137143
166.105351
168.151791
170.073288
172.037778
173.835374
175.809252
177.743129
180.694898
182.617982
184.500862
186.389252
188.348435
190.427619
193.677596
196.704172
199.418005
202.555374
206.050249
209.264082
211.889977
213.927211
215.988163
217.981859
219.948118
221.854558
223.746485
225.679864
227.623265
229.666667
231.661905
233.892063
235.850159
238.098095
240.311429
242.215556
244.208798
246.104444
248.047211
249.940181
251.812063
253.709116
255.630476
257.520317
259.441270
261.317143
263.324762
265.106032
267.068980
268.984762
270.867347
272.908571
274.854558
276.771973
278.707937
280.653016
282.560816
284.520317
286.428889
288.352925
290.304626
292.191973
294.166667
296.173651
298.292063
300.360000
303.282857
305.960000
308.746667
311.412245
314.404490
317.200816
319.918367
322.749796
326.490340
328.716735
330.759456
332.434059
333.451973
335.463810
337.455238
339.638050
341.728254
343.870023
346.089206
348.540408
350.667937
353.816825
356.853469
359.896735
362.383673
363.872653
365.740952
367.953968
370.132789
372.314082
374.553197
376.807483
379.969660
382.486621
384.625850
386.657596
388.658594
390.536236
392.403265
394.357687
396.410340
398.271973
400.256735
402.133968
404.164127
406.088571
408.875873
410.858730
412.738730
414.724762
416.781224
418.870476
421.886349
425.150476
427.801451
430.431202
433.291519
436.422766
439.512789
442.317143
445.425034
448.582222
452.248889
455.213651
458.244671
462.129206
465.748889
468.899048
472.919365
476.470612
480.439683
483.841088
487.606531
490.425578
492.195782
493.806667
495.495782
497.311474
499.895782
502.278549
