2.023810
6.236054
10.455510
15.041769
20.116281
25.328163
31.364082
36.138776
40.935374
45.877959
50.079819
55.258639
60.693243
65.895964
69.502766
71.471338
73.598322
75.615737
77.624127
79.465442
81.237732
83.315329
85.197279
86.930703
88.671043
90.404671
92.116961
93.840227
95.518231
97.206939
98.970204
100.876644
102.808571
104.568118
105.985034
106.948345
108.688073
110.451156
112.190703
114.273605
116.256871
118.139991
120.428345
122.323991
124.234263
126.291746
127.781905
129.562721
131.356599
133.406757
135.553197
137.578050
139.899002
142.731247
144.511837
146.263764
148.102766
149.970975
151.555261
153.197143
155.185351
157.031791
158.916644
160.737778
162.510748
164.349252
166.143129
168.234898
170.077982
171.890431
173.729252
175.588435
177.387619
179.348209
181.864172
184.318005
186.635374
189.030249
191.404082
193.449977
195.587211
197.848163
199.881859
201.828118
203.714558
205.606485
207.439864
209.263265
211.106667
212.941905
214.872063
216.730159
218.578095
220.405714
222.275556
224.168798
225.964444
227.807211
229.620181
231.372063
233.169116
235.010476
236.740317
238.581270
240.417143
242.304762
243.986032
245.828980
247.644762
249.387347
251.208571
253.054558
254.851973
256.607937
258.433016
260.180816
262.020317
263.788889
265.652925
267.444626
269.571973
271.186667
272.913651
274.732063
276.620000
279.082857
281.380000
283.526667
285.586122
287.764490
289.920816
291.998367
294.124898
296.630340
298.556735
300.479456
301.947029
302.895918
304.923810
306.835238
308.838050
310.788254
312.710023
314.629206
316.560408
318.447937
320.656825
322.736735
324.747347
326.721837
328.092653
329.920952
331.773968
333.832789
335.914082
337.953197
340.167483
342.909660
344.626621
346.405850
348.317596
350.238594
351.916236
353.603265
355.537687
357.370340
359.171973
360.976735
362.753968
364.644127
366.548571
368.835873
370.718730
372.578730
374.484762
376.381224
378.350476
380.546349
383.403492
385.781451
388.191202
391.191519
393.962766
396.352789
398.877143
401.545034
404.342222
407.008889
409.133651
412.015815
415.349206
418.268889
420.859048
423.459365
426.070612
428.759683
430.421088
434.006531
436.125578
437.795782
439.246667
440.755782
442.311474
444.395782
446.329841
