0.863810
5.296054
9.655510
14.360884
19.356281
24.248163
29.356020
33.438776
37.857687
42.717959
46.899819
51.898639
56.533243
61.055964
65.122766
67.311338
69.158322
71.235737
73.344127
75.485442
77.617732
79.615329
81.717279
83.530703
85.351043
87.144671
88.976961
90.780227
92.578231
94.366939
96.220408
98.276644
100.368571
102.288118
103.725034
104.788345
106.628073
108.591156
110.430703
112.473605
114.456871
116.779955
118.768345
120.803991
122.834263
124.831746
126.267937
128.142721
130.056599
132.046757
134.093197
136.018050
138.199002
141.231247
143.451837
145.623764
147.762766
149.870975
151.870522
153.797143
155.785351
157.791791
159.676644
161.577778
163.435374
165.329252
167.203129
169.194898
171.137982
173.080862
175.049252
176.988435
178.927619
180.968209
183.364172
185.998005
188.595374
191.270249
194.064082
196.409977
198.727211
200.748163
202.861859
204.868118
206.774558
208.706485
210.599864
212.503265
214.506667
216.481905
218.652063
220.570159
222.478095
224.431429
226.475556
228.488798
230.324444
232.247211
234.140181
236.012063
237.849116
239.750476
241.580317
243.521270
245.437143
247.444762
249.226032
251.148980
253.004762
254.803673
256.748571
258.634558
260.511973
262.407937
264.293016
266.160816
268.020317
269.808889
271.692925
273.644626
275.831973
277.726667
279.753651
281.732063
283.800000
286.262857
288.600000
290.926667
293.212245
295.904490
298.240816
300.558367
302.889796
305.850340
307.856735
309.739456
311.314059
312.271973
314.143810
316.015238
317.878050
319.688254
321.590023
323.409206
325.360408
327.287937
329.398413
331.376735
333.387347
335.343673
336.652653
338.520952
340.413968
342.332789
344.374082
346.353197
348.447483
351.389660
353.526621
355.685850
357.817596
359.938594
361.988707
363.943265
365.937687
367.950340
369.791973
371.576735
373.373968
375.244127
377.108571
379.075873
380.998730
382.878730
384.804762
386.701224
388.610476
390.626349
393.043492
395.461451
397.671202
400.351519
402.762766
405.472789
408.097143
411.102517
413.842222
416.768889
419.313651
422.386168
425.929206
429.388889
432.279048
435.479365
438.410612
441.579683
444.181088
448.106531
450.405578
452.295782
454.046667
455.775782
457.531474
459.675782
461.348345
