0.523810
5.556054
10.575510
16.381769
22.076281
27.588163
33.896009
38.158776
43.057687
47.497959
51.479819
57.178639
62.853243
68.715964
73.882766
75.711338
77.458322
79.195737
81.044127
82.825442
84.637732
86.515329
88.337279
89.990703
91.671043
93.244671
94.856961
96.480227
98.098231
99.666939
101.330204
103.116644
105.048571
106.768118
108.165034
109.108345
110.748073
112.471156
114.130703
115.973605
117.736871
119.519955
121.568345
123.243991
124.974263
126.691746
127.993968
129.522721
131.276599
133.286757
135.253197
137.218050
139.279002
141.691247
143.531837
145.243764
147.002766
148.690975
150.215261
151.884286
153.605351
155.351791
157.016644
158.697778
160.275374
161.909252
163.583129
165.494898
167.237982
168.960862
170.669252
172.428435
174.207619
176.108209
178.684172
181.378005
183.795374
186.090249
188.424082
190.429977
192.427211
194.508163
196.421859
198.248118
200.054558
201.886485
203.779864
205.763265
207.626667
209.501905
211.432063
213.250159
214.938095
216.651429
218.555556
220.328798
221.964444
223.667211
225.340181
227.012063
228.669116
230.370476
232.040317
233.701270
235.298571
237.064762
238.606032
240.328980
242.004762
243.627347
245.428571
247.094558
248.811973
250.487937
252.113016
253.680816
255.340317
256.968889
258.572925
260.166156
261.811973
263.446667
265.233651
267.052063
269.100000
271.922857
274.156923
276.206667
278.373178
280.944490
283.120816
285.038367
287.409796
290.010340
292.116735
293.999456
295.787029
296.671973
298.523810
300.255238
302.078050
303.828254
305.830023
307.677302
309.540408
311.687937
313.796825
315.916735
317.927347
319.803673
321.152653
322.840952
324.653968
326.512789
328.434082
330.353197
332.267483
335.129660
336.835540
338.485850
340.257596
341.958594
343.576236
345.223265
346.938844
348.810340
350.371973
352.016735
353.613968
355.244127
357.068571
358.895873
360.618730
362.278730
364.044762
365.861224
367.790476
370.106349
372.943492
375.661451
378.011202
380.951519
383.825533
386.692789
389.177143
392.442517
395.302222
398.508889
401.193651
404.284671
408.269206
411.988889
414.959048
418.439365
421.470612
424.659683
428.001088
430.757425
432.565578
434.095782
435.586667
437.155782
438.871474
441.115782
442.899819
