0.843810
6.356054
12.235510
18.761769
24.576281
30.288163
35.984082
41.418776
47.819184
53.933878
58.999819
64.778639
70.153243
76.135964
81.311066
83.511338
85.518322
87.495737
89.664127
91.745442
93.757732
95.815329
97.957279
99.890703
101.771043
103.664671
105.516961
107.380227
109.218231
111.046939
112.910204
114.976644
116.968571
118.828118
120.285034
121.268345
123.088073
124.931156
126.810703
128.973605
130.933741
133.019955
135.368345
137.483991
139.574263
141.571746
143.033968
144.862721
147.016599
149.286757
151.513197
153.592200
155.979002
159.051247
161.071837
163.023764
165.082766
167.130975
169.010522
170.977143
173.045351
175.031791
176.956644
178.897778
180.755374
182.664626
184.643129
187.394898
189.317982
191.180862
193.089252
195.028435
197.007619
199.888209
203.324172
206.838005
209.655374
212.830249
215.864082
218.209977
220.361633
222.548163
224.501859
226.508118
228.494558
230.446485
232.379864
234.403265
236.406667
238.321905
240.272063
242.210159
244.098095
246.111429
248.295556
250.268798
252.164444
254.107211
256.010091
257.892063
259.769116
261.730476
263.700317
265.741270
267.677143
269.724762
271.466032
273.428980
275.404762
277.314694
279.368571
281.374558
283.331973
285.347937
287.293016
289.200816
291.180317
293.128889
295.132925
297.144626
299.251973
301.186667
303.287302
305.532063
307.740000
310.902857
313.480000
315.646667
317.976122
320.524490
322.700816
325.018367
327.229796
329.650340
332.276735
334.419456
336.047029
337.131973
339.223810
341.255238
343.458050
345.468254
347.610023
349.729206
351.860408
353.947937
356.456825
359.096735
361.767347
363.903673
365.352653
367.360952
369.433968
371.852789
374.150408
376.453197
378.647483
381.789660
383.746621
385.705850
387.697596
389.758594
391.656236
393.643265
395.677687
397.690340
399.611973
401.556735
403.413968
405.364127
407.328571
410.137937
412.078730
413.958730
415.904762
417.861224
419.910476
422.586349
425.643492
429.062902
431.931202
435.611519
438.882766
442.132789
445.588571
449.465034
454.202222
458.248889
461.733651
467.284671
471.309206
475.128889
478.179048
481.511041
484.650612
487.379683
490.761088
494.946531
497.505578
499.415782
501.186667
503.035782
504.911474
507.115782
509.138549
