0.703810
5.316054
9.955510
14.981769
20.496281
25.388163
30.824082
34.878776
39.477687
44.311837
49.359819
55.438639
60.293243
65.535964
69.802766
71.951338
73.914966
75.935737
77.844127
79.705442
81.777732
83.715329
85.617279
87.430703
89.191043
90.944671
92.696961
94.460227
96.158231
97.866939
99.530204
101.376644
103.228571
105.068118
106.445034
107.388345
109.128073
110.911156
112.790703
114.713605
116.636871
118.499955
120.736689
122.723991
124.594263
126.431746
127.773968
129.502721
131.336599
133.146757
135.033197
137.038050
139.059002
141.991247
143.891837
145.583764
147.431383
149.250975
150.870522
152.537143
154.385351
156.171791
157.876644
159.637778
161.255374
162.929252
164.603129
166.294898
168.017982
169.740862
171.409252
173.208435
175.187619
177.388209
180.164172
183.058005
185.815374
188.870249
191.384082
193.349977
195.827211
197.905306
199.981859
201.808118
203.574558
205.346485
207.049932
208.783265
210.626667
212.521905
214.332063
216.210159
218.078095
219.951429
221.935556
223.788798
225.524444
227.347211
229.140181
230.992063
232.789116
234.610476
236.340317
238.141270
239.938571
241.924762
243.586032
245.388980
247.124762
248.807347
250.608571
252.374558
254.131973
255.867937
257.633016
259.340816
261.080317
262.828889
264.552925
266.304626
268.171973
269.966667
271.833651
273.632063
275.560000
278.145714
280.320000
282.446667
284.432245
286.644490
288.800816
290.638367
292.649796
294.612585
296.696735
298.619456
300.094059
301.011973
302.843810
304.735238
306.638050
308.528254
310.490023
312.289206
314.220408
316.247937
318.696825
321.176735
323.507347
325.443673
326.752653
328.500952
330.186984
332.072789
333.994082
335.953197
337.967483
341.104830
342.926621
344.705850
346.557596
348.389297
350.036236
351.723265
353.479229
355.330340
357.051973
358.716735
360.373968
362.104127
363.808571
365.495873
367.238730
368.898730
370.684762
372.601224
374.770476
377.446349
380.403492
383.021451
385.671202
388.391519
391.162766
393.952789
396.997143
400.005034
403.102222
406.188889
408.733651
411.655744
414.869206
417.928889
421.159048
424.839365
428.390612
431.959683
435.041088
439.066531
441.165578
442.875782
444.506667
446.295782
448.231474
450.915782
452.878549
