1.183810
6.836054
12.015510
17.801769
23.276281
28.708163
34.464082
39.398776
44.673061
50.097959
55.479819
61.418639
66.873243
72.015964
76.782766
78.891338
80.618322
82.535737
84.444127
86.305442
88.217732
90.175329
92.017279
93.770703
95.511043
97.244671
98.996961
100.760227
102.498231
104.226939
105.990204
107.856644
109.748571
111.508118
112.845034
113.788345
115.468073
117.251156
118.930703
120.913605
122.936871
124.899955
127.168345
129.103991
131.014263
132.831746
134.233968
135.922721
137.716599
139.746757
141.993197
143.798050
145.919002
148.731247
150.611837
152.383764
154.241383
156.050975
157.785261
159.517143
161.485351
163.351791
165.136644
166.937778
168.675374
170.489252
172.343129
174.294898
176.137982
177.960862
179.769252
181.588435
183.447619
185.508209
188.024172
191.018005
193.775374
196.990249
200.244082
202.249977
204.167211
206.068163
207.801859
209.628118
211.334558
213.066485
214.799864
216.563265
218.426667
220.301905
222.276032
224.190159
226.038095
227.951429
229.755556
231.748798
233.584444
235.447211
237.280181
239.112063
240.929116
242.830476
244.660317
246.521270
248.397143
250.404762
252.066032
253.928980
255.824762
257.607347
259.528571
261.394558
263.251973
265.107937
266.953016
268.720816
270.560317
272.368889
274.292925
276.184626
278.131973
280.066667
282.113651
284.112063
286.120000
288.462857
290.880000
293.386667
295.644082
298.344490
300.900816
303.598367
306.189796
309.237079
311.096735
312.879456
314.281088
315.171973
316.963810
318.755238
320.558050
322.388254
324.350023
326.289206
328.340408
330.427937
332.736825
335.016735
337.027347
338.983673
340.352653
342.180952
343.973968
346.052789
348.194082
350.153197
352.207483
355.529660
357.366621
359.165850
360.997596
362.798594
364.496236
366.303265
368.157687
370.090340
371.851973
373.596735
375.333968
377.104127
378.908571
380.835873
382.658730
384.438730
386.304762
388.141224
390.090476
392.346349
395.283492
398.621451
400.191202
402.971519
406.162766
408.811156
411.437143
414.162517
416.942222
420.188889
422.733651
425.904671
429.709206
432.848889
435.579048
438.659365
441.910612
445.059683
448.221088
451.573265
453.625578
455.375782
457.046667
458.675782
460.411474
462.515782
464.478549
