1.323810
5.616054
9.715510
14.100884
18.696281
22.908163
28.064082
31.078776
35.197687
39.017959
42.959819
47.538639
51.593243
55.747982
59.502766
61.391338
63.118322
64.995737
66.944127
68.805442
70.697732
72.615329
74.577279
76.370703
78.151043
79.924671
81.676961
83.460227
85.218231
86.946939
88.750204
90.698881
92.628571
94.408118
95.765034
96.728345
98.468073
100.271156
102.110703
104.013605
105.896871
107.719955
109.768345
111.787982
113.774263
115.651746
117.033968
118.822721
120.796599
122.806757
124.846395
126.758050
128.759002
131.331247
133.151837
134.903764
136.810692
138.750975
140.410522
142.217143
144.021338
145.831791
147.616644
149.437778
151.115374
152.829252
154.683129
157.254898
159.157982
160.980862
162.789252
164.688435
166.627619
168.828209
171.384172
174.078005
176.358458
178.990249
181.764082
183.949977
185.847211
187.688163
189.541859
191.394059
193.214558
195.046485
196.819864
198.643265
200.466667
202.241905
204.103016
205.930159
207.729048
209.651429
211.475556
213.368798
215.144444
217.007211
218.880181
220.712063
222.549116
224.450476
226.260317
228.141270
229.997143
231.984762
233.746032
235.668980
237.504762
239.287347
241.228571
243.134558
244.991973
246.827937
248.653016
250.400816
252.240317
253.988889
255.832925
257.684626
259.471973
261.266667
263.153651
265.072063
267.060000
269.562857
271.960000
274.306667
276.612245
279.044490
281.380816
283.629184
285.969796
288.770340
290.596735
292.339456
293.727029
294.591973
296.323810
298.055238
299.878050
301.708254
303.610023
305.409206
307.340408
309.193968
311.296825
313.536735
315.667347
317.703673
319.092653
320.920952
322.833968
324.792789
326.774082
328.653197
330.707483
333.529660
335.306621
337.065850
338.877596
340.714649
342.416236
344.161633
345.937687
347.790340
349.551973
351.316735
353.053968
354.844127
356.685714
359.215873
361.078730
362.858730
364.684762
366.561224
368.570476
371.066349
373.503492
376.541451
378.031202
380.291519
382.782766
385.272789
387.717143
390.505034
393.102222
395.628889
398.033651
400.771168
404.009206
406.868889
409.459048
412.719365
415.530612
418.679683
421.481088
424.246531
426.465578
428.215782
429.826667
431.455782
433.311474
435.515782
437.458549
