0.903810
5.696054
10.475510
15.701769
20.956281
26.568163
31.584082
35.538776
40.453061
45.397959
50.179819
55.638639
60.853243
66.155964
70.442766
72.451338
74.218322
76.115737
78.064127
79.965442
81.897732
83.875329
85.757279
87.470703
89.151043
90.824671
92.576961
94.320227
95.958231
97.586939
99.250204
101.116644
102.968571
104.668118
105.965034
106.884172
108.468073
110.171156
111.830703
113.713605
115.596871
117.499955
119.628345
121.543991
123.278853
125.071746
126.413968
128.062721
129.796599
131.646757
133.393197
135.098050
136.979002
139.311247
141.134367
142.903764
144.702766
146.510975
148.130522
149.857143
151.625351
153.371791
155.016644
156.717778
158.315374
160.029252
161.703129
163.674898
165.368991
167.000862
168.629252
170.208435
171.889524
173.601173
175.544172
177.966002
180.155374
181.910249
184.164082
186.189977
188.187211
190.097633
191.981859
193.714059
195.434558
197.093243
198.819864
200.643265
202.426667
204.167302
206.132063
207.810159
209.418095
211.111429
212.975556
214.768798
216.364444
218.187211
219.900181
221.592063
223.309116
225.390476
226.772154
228.361270
230.097143
231.924762
233.526032
235.368980
236.924762
238.527347
240.208571
241.914558
243.511973
245.147937
246.773016
248.380816
250.060317
251.648889
253.312925
254.984626
256.791973
258.486667
260.213651
261.952063
263.800000
265.962857
267.880000
269.826667
271.674031
273.684490
275.720816
277.998367
279.783265
282.210340
284.356735
286.319456
287.887029
288.831973
290.703810
292.435238
294.298050
296.148254
298.010023
299.849206
301.720408
303.587937
305.576825
307.556735
309.514694
311.367891
312.632653
314.300952
316.133968
317.872789
319.774082
321.513197
323.387483
325.849660
327.566621
329.305850
331.097596
332.878594
334.536236
336.183265
337.945896
339.690340
341.371973
343.056735
344.633968
346.304127
348.008571
349.915873
351.678730
353.379365
354.957460
356.641224
358.370476
360.206349
362.983492
365.061451
367.211202
369.791519
372.302766
374.652789
377.097143
380.505034
383.442222
385.968889
388.253651
391.284671
394.569206
396.468889
399.419048
401.933122
404.550612
407.259683
410.601088
412.426531
414.285578
415.855782
417.326667
418.715782
420.231474
422.215782
424.038549
