0.243810
5.416054
10.135510
15.381769
20.836281
26.488163
32.444082
37.178776
41.817687
46.497959
51.279819
56.598639
61.373243
66.575964
71.582766
73.411338
75.138322
77.075737
78.984127
80.805442
82.597732
84.455329
86.317279
88.090703
89.831043
91.584671
93.336961
95.100227
96.818231
98.546939
100.310204
102.276644
104.228571
106.028118
107.385034
108.328345
110.048073
111.891156
113.690703
115.613605
117.376871
119.219955
121.128345
123.043991
124.914263
126.831746
128.253968
130.002721
131.896599
133.826757
135.793197
137.658050
139.639002
142.251247
144.391837
146.343764
148.382766
150.370975
152.170522
154.057143
156.045351
158.011791
159.876644
161.777778
163.635374
165.529252
167.423129
169.354898
171.277982
173.220862
175.129252
177.088435
179.047619
181.188209
183.764172
186.478005
189.235374
192.290249
195.004082
197.209977
199.227211
201.208163
203.181859
205.228118
207.194558
209.146485
211.099864
213.123265
215.146667
217.081905
219.012063
220.970159
222.918095
224.891429
226.915556
228.928798
230.844444
232.827211
234.800181
236.772063
238.689116
240.670476
242.580317
244.561270
246.537143
248.624762
250.466032
252.448980
254.384762
256.287347
258.308571
260.314558
262.251973
264.187937
266.113016
268.040816
270.020317
271.928889
273.832925
275.724626
277.611973
279.546667
281.513651
283.492063
285.440000
287.862857
290.560000
293.226667
295.892245
298.664490
301.400816
304.078367
306.729796
310.330340
312.156735
313.839456
315.147029
316.011973
317.683810
319.455238
321.258050
323.088254
325.030023
326.989206
329.020408
331.067937
333.236825
335.516735
337.727347
339.823673
341.312653
343.260952
345.213968
347.172789
349.094082
350.993197
352.887483
355.749660
357.886621
359.825850
361.857596
363.818594
365.656236
367.523265
369.497687
371.450340
373.291973
375.196735
377.053968
378.984127
380.868571
382.775873
384.718730
386.638730
388.624762
390.581224
392.670476
394.966349
397.663492
400.001451
402.271202
404.851519
407.582766
410.052789
412.537143
415.305034
418.222222
420.888889
423.433651
426.904671
430.669206
434.328889
437.379048
440.759365
443.970612
447.339683
450.721088
454.726531
457.225578
458.975782
460.586667
462.175782
463.911474
466.015782
467.838549
