0.000000
5.271655
12.059002
17.206032
23.052653
29.598866
37.693878
43.155102
48.598367
54.040000
59.788571
64.917959
70.148163
75.054966
80.663265
85.896780
90.930295
96.362449
101.968345
107.560771
112.276145
118.092200
124.836009
130.862812
136.904807
142.805079
148.880272
154.495238
159.437279
164.223673
169.460000
174.329388
177.488980
181.359093
184.973288
188.618141
191.892834
195.997642
199.710249
203.355782
206.728481
211.754558
216.445714
221.199773
225.422494
231.118322
235.443628
239.708299
243.988753
247.878730
252.047120
256.555238
260.459909
265.093605
268.669887
272.617143
277.148526
282.260000
286.150748
290.192381
295.330431
300.893424
305.938549
312.395057
317.172744
323.220000
329.414467
335.215964
340.436735
345.333878
350.273061
355.145714
359.955510
365.233333
370.362041
375.998367
380.312245
384.706939
389.053878
393.091429
397.360000
401.655510
405.901633
412.093878
417.553061
423.362857
429.006122
435.293878
441.119320
447.472063
453.720952
459.314785
465.058957
471.255692
477.396961
484.115873
489.683492
492.371882
