0.605714
7.031655
12.999002
19.006032
24.912653
30.958866
38.533878
43.935102
49.678367
55.494286
61.508571
67.217959
73.188163
79.134966
84.903265
90.596780
96.170295
101.822449
107.308345
112.760771
118.056145
123.532200
130.556009
136.281406
142.524807
148.165079
153.980091
159.535238
164.777279
169.930612
175.220000
180.229388
183.368980
186.979093
190.113288
193.518141
196.512834
199.957642
203.490249
206.955782
210.188481
215.454558
219.765714
224.039773
228.462494
233.978322
239.763628
245.328299
251.048753
256.358730
261.787120
267.335238
272.439909
277.573605
282.329887
287.077143
291.608526
296.720000
300.530748
304.792381
309.370431
314.293424
319.318549
324.775057
329.112744
336.240000
341.874467
348.535964
354.176735
359.553878
364.893061
370.017143
375.315510
380.653333
386.222041
391.858367
397.412245
402.986939
408.773878
413.771429
419.258367
424.615510
429.681633
436.013878
441.353061
446.802857
452.386122
458.053878
463.139320
468.312063
473.280952
478.354785
484.078957
489.535692
494.376961
501.000000
504.240000
506.651882
