0.537143
6.431655
12.719002
18.906032
23.852653
29.558866
40.373878
46.235102
52.238367
58.394286
65.008571
71.177959
77.048163
83.134966
89.283265
94.776780
100.470295
106.182449
111.968345
117.200771
122.756145
128.932200
135.236009
140.921406
146.864807
153.025079
159.200091
165.295238
170.357279
175.330612
180.420000
184.729388
187.628980
191.039093
194.413288
197.778141
200.892834
204.237642
207.390249
210.715782
213.828481
218.234558
222.125714
226.399773
230.762494
235.978322
241.323628
246.768299
252.148753
256.978730
262.027120
267.295238
271.939909
276.513605
280.049887
284.857143
289.508526
295.455964
299.390748
302.692381
307.790431
313.373424
318.378549
324.220000
329.032744
335.491519
341.274467
348.535964
354.216735
359.533878
365.113061
370.685714
376.295510
381.953333
387.522041
394.158367
399.572245
404.966939
410.333878
415.402857
420.618367
425.675510
430.561633
436.933878
443.173061
449.042857
454.886122
461.369388
467.379320
473.692063
480.200952
486.654785
492.938957
499.235692
505.236961
512.635873
517.420000
519.911882
