0.120000
5.811655
11.979002
18.046032
24.112653
31.398866
41.373878
47.235102
53.578367
59.794286
66.348571
72.297959
78.568163
84.594966
90.903265
96.716780
102.570295
108.922449
114.868345
120.763084
126.476145
132.592200
139.756009
145.781406
152.284807
158.725079
164.840091
170.720952
176.017279
181.290612
186.860000
191.789388
195.088980
198.739093
202.333288
205.898141
209.292834
212.897642
216.370249
220.035782
223.408481
227.494558
231.685714
235.799773
240.222494
246.018322
251.023628
255.688299
260.428753
264.858730
269.387120
273.635238
277.639909
281.433605
284.769887
288.697143
292.808526
297.540000
301.470748
306.172381
311.170431
316.993424
321.518549
327.035057
332.112744
338.080000
344.034467
351.015964
356.936735
362.653878
368.233061
373.865714
379.515510
385.253333
391.162041
397.738367
402.772245
407.626939
412.293878
416.751429
421.338367
425.435510
429.501633
435.693878
441.473061
447.542857
453.226122
459.847755
466.359320
473.152063
479.300952
485.554785
492.758957
498.740000
505.456961
512.260000
518.303492
521.011882
