0.411429
7.431655
14.439002
21.466032
27.320000
33.038866
42.173878
47.435102
53.398367
59.214286
65.448571
71.017959
77.288163
83.194966
90.023265
96.276780
102.330295
108.982449
115.268345
121.100771
126.716145
133.852200
141.576009
147.441406
153.584807
159.405079
165.400091
170.635238
175.637279
180.810612
186.260000
190.869388
193.768980
197.439093
200.813288
204.158141
206.912834
210.577642
213.930249
217.275782
220.028481
224.514558
229.805714
235.199773
240.722494
248.398322
254.143628
259.588299
265.128753
270.218730
275.307120
280.395238
285.239909
290.133605
294.029887
298.160000
301.908526
307.035964
311.190748
316.432381
321.590431
327.513424
331.758549
337.615057
342.992744
349.140000
355.434467
364.255964
370.056735
375.493878
381.013061
386.225714
391.575510
397.073333
402.702041
408.618367
414.072245
419.526939
425.093878
430.331429
435.778367
440.835510
445.641633
452.993878
458.553061
464.082857
469.946122
476.033878
481.739320
488.052063
494.060952
500.314785
506.778957
513.335692
519.736961
526.895873
531.123492
535.691882
