0.685714
7.271655
13.079002
18.506032
23.372653
28.938866
37.773878
44.455102
50.818367
57.494286
64.960000
71.251837
77.608163
83.354966
88.943265
94.096780
99.310295
104.482449
109.828345
114.420771
119.396145
125.332200
131.696009
137.021406
142.584807
147.725079
153.080091
157.955238
162.617279
167.390612
172.540000
176.889388
179.788980
183.659093
187.493288
191.278141
194.412834
198.377642
202.110249
205.755782
209.128481
214.334558
218.665714
222.959773
227.482494
233.798322
239.603628
245.388299
251.268753
256.478730
261.587120
266.495238
270.999909
275.533605
278.769887
283.257143
288.008526
294.335964
298.390748
302.152381
307.330431
313.373424
318.638549
324.815057
330.152744
336.291519
342.514467
349.375964
355.276735
360.853878
366.653061
372.285714
377.735510
383.493333
389.742041
396.158367
401.572245
406.946939
412.373878
417.291429
422.078367
426.695510
431.201633
436.693878
442.013061
447.462857
453.066122
458.933878
464.699320
471.092063
476.780952
482.694785
488.858957
495.095692
501.576961
508.455873
515.343492
520.151882
