1.382857
8.311655
13.799002
19.106032
24.412653
30.258866
38.413878
43.975102
50.578367
57.274286
64.728571
70.489796
77.168163
83.214966
89.543265
95.836780
102.090295
108.182449
114.368345
120.280771
126.296145
133.792200
141.736009
148.041406
154.664807
160.765079
167.320091
173.295238
178.597279
183.950612
189.860000
195.549388
199.255918
203.280000
207.153288
211.138141
214.772834
218.757642
222.650249
226.515782
230.248481
235.054558
239.885714
244.659773
249.482494
255.718322
261.103628
266.488299
271.868753
276.978730
282.227120
287.835238
292.699909
297.853605
302.309887
306.937143
311.688526
317.220000
321.450748
326.192381
331.170431
336.860000
341.618549
347.955057
351.952744
359.060000
365.314467
372.435964
378.016735
383.653878
389.333061
394.825714
400.335510
406.013333
411.962041
418.198367
423.612245
428.726939
433.893878
438.791429
443.878367
448.855510
453.261633
459.913878
466.073061
472.002857
478.586122
484.833878
490.979320
497.472063
504.160952
510.394785
517.536871
523.795692
530.136961
536.760000
543.100000
544.871882
