0.380000
5.191655
9.519002
13.646032
18.912653
24.118866
34.633878
39.835102
45.498367
51.214286
57.528571
62.957959
68.368163
74.240000
80.543265
86.516780
92.190295
97.702449
103.768345
109.520771
114.636145
120.352200
128.736009
134.881088
141.604807
147.705079
154.020091
159.715238
164.777279
169.990612
175.460000
180.429388
184.066939
188.399093
192.533288
196.930703
200.532834
204.777642
208.730249
212.855782
216.548481
221.214558
226.025714
231.179773
236.462494
243.758322
250.063628
255.948299
262.248753
267.698730
273.747120
279.710476
284.659909
289.573605
294.189887
299.117143
304.308526
309.300000
313.110748
317.332381
322.370431
327.953424
333.078549
339.120000
343.992744
350.900000
356.634467
364.591746
370.556735
376.113878
381.593061
387.105714
392.675510
398.393333
404.102041
410.718367
416.632245
422.586939
428.373878
433.851429
439.618367
444.835510
450.021633
457.121633
462.993061
469.640000
476.686122
483.913878
490.959320
498.161587
506.880952
514.654785
522.618957
530.255692
537.956961
546.675873
550.463492
554.891882
