1.257143
8.091655
14.039002
19.926032
25.792653
31.798866
39.273878
44.495102
50.098367
55.474286
61.268571
66.557959
71.848163
77.154966
82.623265
87.436780
92.190295
97.162449
102.268345
107.300771
111.636145
117.452200
124.276009
129.721406
135.244807
140.625079
146.480091
151.475238
156.217279
160.450612
165.280000
169.629388
172.828980
176.199093
179.540000
182.938141
185.732834
189.057642
192.390249
195.515782
198.308481
202.914558
206.625714
210.379773
213.922494
218.818322
223.623628
228.128299
233.088753
237.618730
242.227120
246.855238
250.919909
254.913605
258.909887
263.297143
267.288526
272.300000
275.350748
279.112381
283.670431
288.780000
292.978549
300.295057
305.352744
311.120000
317.494467
324.935964
330.616735
335.833878
340.913061
346.085714
351.275510
356.513333
361.702041
367.838367
372.712245
377.446939
382.253878
386.711429
391.520000
395.855510
400.120000
406.193878
411.633061
417.062857
422.626122
428.153878
433.919320
439.972063
446.520952
453.094785
460.738957
467.195692
472.836961
480.455873
486.083492
490.211882
