0.240000
5.551655
11.379002
17.066032
22.380000
27.458866
36.153878
41.975102
48.138367
54.334286
60.748571
66.249796
71.948163
77.874966
84.183265
90.096780
95.510295
101.242449
106.788345
112.260771
116.856145
122.672200
129.696009
135.361406
141.304807
147.145079
153.220091
159.075238
163.837279
168.710612
173.800000
178.049388
181.008980
184.399093
187.733288
191.018141
193.852834
197.177642
200.510249
203.675782
206.688481
211.334558
215.465714
219.419773
223.662494
229.438322
234.763628
239.828299
244.748753
249.458730
253.747120
257.695238
261.159909
264.393605
267.769887
271.217143
275.408526
279.955964
283.990748
288.412381
293.010431
298.940000
303.598549
309.395057
314.072744
319.400000
324.254467
330.095964
335.276735
339.793878
344.833061
349.445714
354.315510
359.613333
364.982041
371.038367
376.252245
381.126939
385.773878
390.211429
394.478367
398.415510
402.301633
407.573878
412.853061
418.362857
423.826122
429.813878
435.779320
441.712063
446.640952
451.534785
457.398957
463.720000
469.056961
475.300000
480.020000
483.231882
