0.605714
6.631655
12.739002
18.926032
24.092653
31.018866
40.333878
46.515102
52.958367
59.502857
66.188571
72.377959
78.328163
84.074966
90.243265
96.556780
102.530295
108.902449
114.648345
120.560771
126.376145
132.672200
139.856009
145.961406
152.544807
158.785079
165.300091
171.415238
176.997279
182.470612
188.440000
193.829388
197.228980
200.619093
203.993288
207.398141
210.612834
213.997642
217.290249
220.635782
223.908481
227.674558
231.465714
235.619773
239.602494
245.358322
250.243628
255.068299
259.828753
264.238730
268.707120
272.995238
276.759909
280.953605
284.829887
289.197143
293.828526
299.575964
303.750748
308.352381
313.210431
318.673424
323.358549
328.975057
334.132744
340.280000
346.654467
354.455964
359.956735
365.593878
371.153061
376.865714
382.535510
388.333333
394.502041
401.178367
406.172245
411.006939
415.813878
420.305714
424.878367
429.115510
433.500000
439.433878
444.913061
450.742857
456.486122
462.853878
469.079320
475.792063
481.860952
487.914785
495.918957
502.235692
509.147846
516.320000
522.823492
527.571882
