0.360000
6.671655
12.599002
18.186032
23.452653
29.340000
36.613878
41.415102
46.998367
52.774286
58.628571
63.937959
69.428163
75.074966
80.920000
86.656780
91.930295
97.562449
103.148345
107.660771
111.636145
117.432200
123.756009
128.861406
134.544807
139.585079
145.280091
150.175238
154.457279
158.670612
163.480000
167.529388
170.028980
173.599093
177.293288
180.978141
184.052834
187.857642
191.610249
195.415782
198.348481
203.474558
208.105714
212.599773
216.962494
223.178322
227.883628
232.308299
236.448753
240.458730
244.447120
248.395238
252.099909
255.633605
258.349887
263.217143
268.288526
274.360000
278.470748
282.832381
287.870431
293.700000
298.458549
304.795057
310.072744
316.120000
321.834467
328.675964
334.536735
340.713878
346.473061
352.745714
358.671020
364.713333
371.082041
378.218367
382.972245
387.786939
392.100000
396.351429
400.658367
404.695510
408.660000
414.853878
419.973061
425.837143
431.466122
437.833878
443.379320
449.552063
455.860952
461.474785
467.858957
474.815692
480.776961
488.240000
492.660000
495.351882
