0.708571
6.831655
11.959002
17.286032
21.212653
26.258866
35.573878
41.275102
47.298367
53.134286
58.928571
64.217959
69.908163
75.174966
80.943265
86.636780
92.110295
97.780000
103.528345
108.760771
113.496145
119.532200
125.796009
131.481406
137.524807
143.065079
149.500091
154.680000
159.297279
164.090612
168.820000
172.858776
175.888980
179.599093
183.173288
186.658141
189.852834
193.577642
197.090249
200.715782
204.048481
208.874558
213.125714
217.339773
221.502494
227.438322
232.603628
237.308299
242.008753
246.638730
251.047120
255.255238
259.259909
263.493605
268.209887
272.817143
277.188526
281.855964
286.030748
290.512381
295.210431
301.513424
306.798549
312.855057
317.012744
323.020000
327.974467
334.415964
339.376735
344.373878
349.253061
354.085714
358.915510
364.133333
369.342041
375.338367
380.432245
385.126939
389.873878
394.351429
398.798367
402.995510
407.181633
412.693878
417.733061
423.062857
428.226122
434.253878
439.979320
445.892063
451.140952
456.294785
462.258957
468.075692
473.156961
479.340000
485.260000
487.471882
