0.400000
6.391655
12.279002
17.966032
23.592653
29.358866
38.793878
44.615102
50.278367
56.194286
61.868571
67.257959
72.868163
78.474966
84.643265
90.616780
96.510295
103.062449
109.028345
113.320771
117.396145
123.972200
130.416009
135.761406
141.644807
147.065079
152.700091
157.795238
162.017279
166.050612
171.200000
175.669388
178.548980
181.899093
185.293288
188.658141
191.680000
195.097642
198.470249
201.755782
205.108481
211.134558
215.245714
219.439773
223.782494
229.718322
235.083628
240.208299
245.748753
250.398730
254.787120
259.055238
262.800000
266.893605
269.809887
274.137143
278.368526
284.675964
288.592245
292.152381
296.630431
301.960000
306.838549
312.935057
317.732744
323.800000
329.654467
337.275964
342.636735
348.133878
353.313061
358.405714
363.395510
368.593333
374.762041
381.438367
386.572245
391.506939
396.813878
401.571429
405.938367
409.975510
413.601633
418.733878
424.113061
429.662857
435.426122
441.573878
447.699320
454.252063
460.960952
467.134785
474.898957
481.935692
488.436961
496.175873
503.403492
508.211882
