0.280000
5.771655
12.279002
18.426032
24.852653
31.618866
44.073878
49.975102
56.058367
61.774286
68.068571
73.677959
80.728163
87.154966
95.183265
101.636780
108.330295
114.922449
121.388345
127.660771
133.256145
138.752200
145.696009
152.021406
159.854422
166.305079
173.460091
179.255238
184.997279
191.270612
197.900000
203.389388
206.348980
210.239093
214.153288
218.498141
221.852834
225.777642
229.490249
233.495782
237.228481
241.714558
246.085714
251.639773
255.642494
264.153152
270.283628
275.608299
281.188753
286.518730
291.647120
296.725714
300.740000
304.593605
308.849887
313.437143
317.808526
322.560000
325.890748
330.952381
336.070431
340.980000
345.918549
351.135057
355.432744
360.720000
365.594467
372.075964
377.700000
383.253878
389.053061
394.545714
399.455510
404.613333
410.442041
417.258367
422.832245
428.006939
433.253878
438.131429
442.798367
447.095510
451.321633
458.393878
463.593061
469.682857
475.366122
482.093878
487.800000
493.352063
498.780952
504.334785
510.358957
515.395692
520.536961
522.775873
528.183492
532.911882
