0.360000
6.611655
12.039002
17.006032
21.812653
27.378866
35.653878
41.795102
48.018367
54.534286
60.868571
66.875918
72.728163
78.534966
84.643265
90.356780
96.430295
102.842449
109.208345
114.440771
119.036145
124.572200
131.256009
136.941406
143.104807
148.805079
154.800091
160.315238
165.597279
170.750612
176.220000
180.509388
183.288980
186.880000
190.033288
193.318141
196.152834
199.557642
202.980000
206.295782
209.008481
212.714558
216.585714
220.299773
223.982494
228.778322
234.123628
239.048299
243.948753
248.698730
253.507120
258.455238
262.759909
267.160816
271.869887
276.777143
281.448526
286.720000
290.230748
294.872381
300.050431
304.833424
310.278549
315.335057
320.092744
325.860000
330.994467
337.395964
342.236735
347.673878
352.893061
358.025714
363.195510
368.513333
374.062041
379.838367
385.312245
390.586939
395.653878
400.631429
405.518367
410.295510
414.981633
422.513878
429.093061
436.462857
443.626122
451.133878
458.939320
466.632063
473.760952
480.834785
488.418957
495.815692
502.076961
510.075873
516.003492
518.140000
