0.364218
1.828163
3.113878
4.296009
5.819456
7.306304
8.631927
9.966032
11.202630
12.697551
14.082812
15.473469
16.710159
18.101088
19.466213
20.725533
22.163810
23.521814
24.864671
26.156553
27.606757
28.826667
30.176599
31.692336
33.080000
34.563175
35.907937
37.209796
38.427324
40.024535
41.181950
42.420000
43.711565
45.063673
46.280000
47.534059
48.838776
49.979592
51.254694
52.480000
53.681361
54.874014
56.075374
57.309683
58.620000
59.874739
61.129796
62.506939
63.684082
64.965079
66.274603
67.466531
68.818730
69.977460
71.405442
72.567483
73.903810
75.158367
76.632063
77.972653
79.279184
80.728163
82.125714
83.601633
84.868027
86.374921
87.794014
89.407347
90.830023
92.182041
93.566531
95.040000
96.380000
98.103175
99.310794
100.541905
101.951111
103.417778
105.050476
106.361134
108.395782
109.960136
111.416916
112.856190
114.374921
115.940408
117.434694
118.835646
120.696599
122.218367
123.571519
125.062948
126.613878
128.182494
129.755873
131.226712
132.730522
134.233605
135.706122
137.300000
138.904195
140.399546
142.054921
143.482404
145.091746
146.699728
148.327800
150.575556
152.061224
153.458413
154.946667
156.417143
157.680680
159.121769
160.505714
161.893333
163.274014
164.591156
165.824943
167.240000
168.572517
170.005034
171.360408
172.711927
174.141587
175.824898
177.257959
178.919365
180.444898
181.861224
183.415964
185.077778
187.224898
188.827755
190.340000
192.044036
193.713061
195.067891
196.368299
197.746531
199.084490
200.048934
201.977143
203.384490
204.965714
206.046939
207.356327
208.644490
210.002585
211.240000
212.601224
213.909796
215.525714
217.036463
218.700000
220.075465
221.435556
222.739365
223.912109
225.140000
226.377687
227.668254
228.889206
230.414286
231.901995
233.415646
234.726122
236.130476
237.184490
238.540000
239.884898
241.135102
242.366259
243.756553
244.982857
246.298776
247.469751
248.858776
250.166939
251.552154
252.793605
254.064399
255.388254
256.690658
257.977460
259.362313
260.716735
262.093605
263.341406
264.620000
265.909206
267.292698
268.514921
269.867347
271.305442
272.482585
273.975102
275.236054
276.485306
277.850023
278.920000
280.378730
281.537415
282.861088
284.133651
285.620000
287.002313
288.444218
290.396871
291.930476
293.096825
294.456077
295.633061
297.155510
298.096735
299.445351
300.682404
302.200544
303.529977
304.789705
307.037959
308.868435
310.472381
312.162766
313.734694
315.480000
317.113061
318.831837
320.534240
322.135556
323.712698
325.026032
326.247619
327.480408
328.823265
330.083673
331.318776
332.535918
333.770204
334.985306
336.422857
337.685306
339.009796
340.233469
341.397551
342.700000
344.006939
345.174785
346.491429
347.816417
349.258050
350.607982
352.006213
353.359048
354.645397
355.980000
357.276508
358.623855
360.044399
361.373288
363.090204
364.575420
366.445125
367.861814
369.253878
370.531088
371.990658
373.258594
374.636961
376.029796
377.310023
378.613832
379.924898
381.260000
382.585488
383.896735
385.317098
386.641043
387.986939
389.330839
390.654603
391.984082
393.455102
394.796372
396.182993
397.500000
398.958776
400.362449
401.910340
403.353605
404.751293
406.098776
407.567755
408.947619
410.383787
411.765918
413.260000
414.900000
416.275510
417.700000
419.359184
420.728571
422.265034
423.830204
425.788980
427.565306
429.262449
430.946531
432.594059
434.335918
436.166440
437.782494
439.519456
441.038776
442.284218
443.678367
444.997370
446.397007
447.775692
449.134059
450.492426
451.900454
453.200408
454.547483
455.892925
457.153197
458.478639
459.893424
461.308481
462.611655
464.176100
465.709887
467.342993
469.240000
470.990385
472.268934
473.813016
475.263492
476.902404
479.375102
481.000136
482.296644
484.110340
485.700907
487.008571
488.370476
489.525624
491.327755
492.517732
493.862540
495.156054
496.575692
497.853741
499.154376
500.401134
501.697868
503.048163
504.220000
505.557460
506.884853
508.224490
509.750522
511.297143
512.988889
514.141769
515.302880
516.585306
517.848209
519.076916
520.353016
521.588481
522.876190
524.156825
525.421633
526.707392
528.060272
529.358005
530.642177
531.981814
533.157528
534.439864
535.740181
537.011111
538.519773
540.095828
541.475147
542.809841
544.203810
545.547347
546.671837
547.744898
548.686531
549.663129
551.340000
