1.424218
2.948163
4.533878
5.836009
7.259456
8.866304
10.611927
12.326032
13.682630
15.137551
16.522812
17.893469
19.210159
20.601088
21.926213
23.205533
24.623810
25.921814
27.244671
28.420000
29.786757
31.166667
32.536599
33.932336
35.203583
36.703175
38.280000
39.749796
40.887324
42.504535
43.761950
45.094830
46.491565
47.983673
49.300816
50.654059
52.018776
53.259592
54.554694
55.784354
57.021361
58.274014
59.495374
60.769683
61.980000
63.254739
64.429796
65.786939
67.044082
68.425079
69.634603
70.786531
72.018730
73.217460
74.645442
75.767483
77.023810
78.318367
79.572063
80.912653
82.179184
83.468163
84.705714
85.941633
87.228027
88.634921
89.954014
91.320000
92.610023
93.962041
95.246531
96.440000
97.710113
99.283175
101.590794
102.901905
104.151111
105.517778
106.690476
107.841134
109.475782
110.840136
112.316916
113.656190
115.154921
116.580408
118.074694
119.355646
121.016599
122.498367
123.831519
125.242948
126.733878
128.100000
129.595873
131.066712
132.550522
133.853605
135.386122
136.829161
138.224195
139.699546
141.134921
142.500000
143.951746
145.480000
146.947800
149.035556
150.121224
151.458413
152.946667
154.377143
155.660680
157.041769
158.425714
159.693333
161.034014
162.311156
163.524943
164.816508
166.032517
167.325034
168.400408
169.651927
170.961587
172.484898
174.297959
175.979365
177.884898
179.521224
181.075964
182.717778
184.984898
186.967755
188.974694
191.204036
193.273061
194.827891
196.088299
197.406531
198.664490
200.148934
201.537143
203.164490
204.765714
206.126939
207.496327
208.824490
210.162585
211.457959
212.741224
213.929796
215.405714
216.896463
218.760000
219.895465
221.355556
222.739365
223.940000
225.182540
226.417687
227.768254
228.989206
230.514286
231.821995
233.335646
234.846122
236.230476
237.544490
238.978231
240.404898
241.755102
243.106259
244.496553
245.820000
247.158776
248.409751
249.858776
251.148980
252.552154
253.733605
255.144399
256.448254
257.710658
258.937460
260.282313
261.516735
262.913605
264.061406
265.426667
266.809206
268.032698
269.394921
270.687347
272.025442
273.342585
274.755102
275.976054
277.180000
278.570023
279.960181
281.178730
282.297415
283.781088
285.193651
286.523673
287.922313
289.224218
290.680000
292.110476
293.296825
294.696077
295.953061
297.375510
298.856735
300.205351
301.522404
303.000000
304.429977
306.049705
308.077959
309.648435
311.152381
312.722766
314.214694
315.740000
317.273061
318.811837
320.494240
322.015556
323.412698
324.926032
326.307619
327.660408
328.963265
330.303673
331.598776
332.895918
334.150204
335.405306
336.902857
337.825306
339.169796
340.373469
341.637551
342.888163
344.226939
345.534785
346.911429
348.456417
349.878050
351.300000
352.726213
354.119048
355.585397
356.820000
358.256508
359.563855
360.944399
362.273288
363.650204
365.055420
367.025125
368.581814
370.093878
371.591088
373.110658
374.678594
376.216961
377.809796
379.290023
380.813832
382.244898
383.756100
385.265488
386.696735
388.097098
389.521043
390.826939
392.110839
393.480000
394.764082
396.095102
397.336372
398.702993
399.780000
401.298776
402.522449
403.820000
405.153605
406.371293
407.698776
409.287755
410.687619
412.223787
413.405918
414.870612
416.340000
417.400000
418.514694
420.199184
421.768571
423.045034
424.470204
425.928980
427.365306
428.942449
430.286531
431.794059
433.195918
434.846440
436.280000
437.699456
439.058776
440.464218
441.818367
443.237370
444.577007
445.995692
447.354059
448.752426
450.120454
451.460408
452.727483
453.952925
455.173197
456.380000
457.673424
458.940000
460.111655
461.376100
462.769887
464.182993
466.254059
467.850385
469.728934
471.593016
473.100000
474.622404
476.615102
478.480136
480.396644
482.390340
484.240907
485.668571
486.930476
488.005624
489.527755
490.897732
492.222540
493.636054
495.335692
496.713741
498.034376
499.341134
500.637868
501.968163
503.267166
504.477460
505.684853
506.864490
508.370522
509.737143
511.160000
512.281769
513.480000
514.725306
515.968209
517.196916
518.473016
519.688481
521.076190
522.316825
523.621633
525.047392
526.480272
527.778005
528.982177
530.241814
531.457528
532.599864
533.760181
535.091111
536.579773
538.055828
539.435147
540.860000
542.043810
543.347347
544.451837
545.524898
546.966531
548.623129
550.869660
