2.404218
4.128163
6.073878
7.276009
8.659456
10.606304
12.411927
14.306032
15.522630
16.937551
18.402812
19.773469
21.130159
22.501088
23.926213
25.145533
27.143810
28.661814
30.144671
31.436553
32.786757
34.166667
35.476599
36.932336
38.383583
40.103175
41.567937
42.969796
44.207324
45.884535
47.081950
48.414830
49.811565
51.203673
52.580816
53.954059
55.238776
56.579592
57.774694
59.104354
60.361361
61.574014
62.835374
64.069683
65.440000
66.694739
68.049796
69.626939
70.984082
72.305079
73.614603
74.846531
76.178730
77.537460
78.865442
80.307483
81.723810
83.118367
84.552063
86.172653
87.499184
88.828163
90.125714
91.481633
92.708027
94.154921
95.594014
97.187347
98.610023
100.202041
101.726531
103.101678
104.670113
106.443175
108.330794
109.721905
111.151111
112.817778
114.490476
115.981134
118.135782
119.820136
121.316916
122.876190
124.614921
126.140408
127.694694
129.055646
130.996599
132.458367
133.711519
135.042948
136.553878
138.042494
139.575873
141.066712
142.470522
144.013605
145.560000
147.160000
148.724195
150.319546
151.874921
153.322404
155.031746
156.979728
158.907800
161.595556
163.041224
164.378413
165.800000
167.257143
168.460680
169.861769
171.365714
172.733333
174.114014
175.491156
176.904943
178.456508
179.832517
181.665034
183.020000
184.331927
185.861587
187.264898
188.857959
190.539365
192.184898
193.721224
195.315964
196.877778
198.944898
200.527755
202.380000
204.024036
205.713061
207.427891
208.888299
210.346531
211.824490
213.388934
214.857143
216.344490
218.145714
219.486939
220.876327
222.204490
223.642585
225.017959
226.361224
227.749796
229.145714
230.956463
233.020000
234.555465
236.015556
237.359365
238.632109
239.942540
241.237687
242.600000
244.009206
245.514286
247.001995
248.515646
249.926122
251.270476
252.524490
253.918231
255.324898
256.675102
258.066259
259.376553
260.682857
262.018776
263.349751
264.838776
266.208980
267.532154
268.893605
270.224399
271.608254
272.970658
274.317460
275.662313
277.036735
278.473605
279.761406
281.206667
282.549206
283.972698
285.074921
286.487347
287.905442
289.262585
290.715102
291.976054
293.285306
294.650023
295.860000
297.218730
298.477415
299.861088
301.233651
302.623673
304.082313
305.544218
307.376871
308.750476
310.076825
311.536077
312.913061
314.415510
315.976735
317.285351
319.082404
320.540000
322.029977
323.649705
326.137959
327.968435
329.724762
331.402766
333.254694
334.840000
336.493061
338.211837
340.054240
341.355556
342.620000
343.986032
345.267619
346.360408
347.723265
349.063673
350.318776
351.595918
352.810204
354.065306
355.482857
357.085306
358.429796
359.753469
361.077551
362.328163
363.646939
364.920000
366.331429
367.696417
369.318050
370.687982
372.166213
373.539048
375.045397
376.502086
377.816508
379.163855
380.680000
382.193288
383.950204
385.495420
387.765125
389.381814
390.913878
392.291088
393.790658
394.538594
396.096961
398.369796
399.730023
401.233832
402.744898
404.216100
405.685488
407.136735
408.577098
410.021043
411.366939
412.750839
414.114603
415.524082
416.935102
418.216372
419.602993
420.762336
422.258776
423.622449
425.010340
426.260000
427.631293
429.098776
430.627755
431.987619
433.563787
434.925918
436.580000
438.142857
439.515510
440.874694
442.719184
444.348571
445.925034
447.590204
449.728980
451.525306
453.102449
454.686531
456.534059
458.055918
459.826440
461.502494
463.279456
464.578776
465.944218
467.378367
468.777370
470.257007
471.595692
472.954059
474.352426
475.740454
477.060408
478.340000
479.732925
481.113197
482.498639
483.893424
485.668481
486.991655
488.376100
489.769887
491.180000
493.074059
494.690385
496.128934
497.693016
499.223492
500.760000
502.675102
505.100136
506.316644
507.970340
509.560907
511.048571
512.570476
513.885624
515.587755
516.917732
518.445079
519.916054
521.535692
522.953741
524.274376
525.661134
527.077868
528.368163
529.720000
531.017460
532.304853
533.644490
534.810522
536.837143
538.888889
540.241769
541.502880
542.725306
543.968209
545.176916
546.513016
547.748481
549.156190
550.476825
551.901633
553.587392
555.060272
556.378005
557.642177
559.061814
560.337528
561.619864
562.700181
564.011111
565.499773
567.095828
568.555147
570.229841
571.623810
573.287347
574.431837
575.464898
576.346531
577.463129
579.329660
