2.384218
3.860000
5.213878
6.456009
7.859456
9.746304
11.331927
12.826032
13.982630
15.537551
17.002812
18.413469
19.730159
21.141088
22.486213
23.945533
25.783810
27.461814
28.884671
30.236553
31.686757
33.146667
34.656599
36.252336
37.783583
39.543175
41.267937
42.849796
44.427324
46.364535
47.721950
49.134830
50.591565
52.063673
53.480000
54.834059
56.318776
57.679592
59.054694
60.404354
61.601361
62.914014
64.315374
65.629683
66.980000
68.254739
69.649796
71.206939
72.564082
73.965079
75.334603
76.666531
77.898730
79.297460
80.965442
82.287483
83.703810
85.098367
86.552063
88.272653
89.719184
91.188163
92.665714
94.141633
95.588027
97.134921
98.594014
100.447347
102.030023
103.602041
105.206531
106.801678
108.630113
110.360000
111.930794
113.401905
114.851111
116.477778
117.990476
119.401134
121.435782
123.140136
124.776916
126.376190
128.034921
129.660408
131.234694
132.755646
134.656599
136.318367
137.751519
139.422948
140.953878
142.522494
144.095873
145.806712
147.370522
148.833605
150.326122
152.009161
153.624195
155.219546
156.814921
158.242404
159.871746
161.899728
163.987800
166.175556
167.741224
169.238413
170.806667
172.357143
173.720680
175.281769
176.685714
178.093333
179.574014
180.971156
182.324943
183.816508
185.272517
186.725034
187.940408
189.231927
190.661587
192.224898
193.877959
195.519365
197.244898
199.041224
200.655964
202.417778
204.244898
205.667755
207.680000
209.104036
210.613061
212.067891
213.508299
215.106531
216.464490
217.848934
219.257143
220.664490
222.465714
223.806939
225.256327
226.664490
228.042585
229.397959
230.681224
232.029796
233.605714
235.076463
237.029252
238.515465
240.055556
241.539365
242.940000
244.342540
245.697687
247.148254
248.649206
250.614286
252.081995
253.615646
255.286122
256.890476
258.324490
259.878231
261.364898
262.815102
264.266259
265.696553
267.122857
268.558776
269.889751
271.358776
272.708980
274.192154
275.473605
276.924399
278.268254
279.610658
280.937460
282.322313
283.636735
285.053605
286.421406
287.786667
289.189206
290.632698
291.914921
293.307347
294.745442
296.042585
297.535102
298.856054
300.265306
301.550023
303.000000
304.338730
305.697415
307.141088
308.613651
310.080000
311.582313
313.164218
315.096871
316.430476
317.796825
319.376077
320.773061
322.335510
323.796735
325.245351
326.782404
328.400544
329.969977
331.669705
334.117959
335.968435
337.632381
339.342766
340.994694
342.740000
344.393061
346.171837
347.814240
349.415556
350.852698
352.306032
353.627619
355.000408
356.303265
357.683673
358.998776
360.315918
361.570204
362.885306
364.362857
365.825306
367.109796
368.373469
369.620000
370.848163
372.166939
373.394785
374.771429
376.116417
377.678050
379.087982
380.586213
382.059048
383.485397
384.862086
386.336508
387.723855
389.304399
390.813288
392.450204
394.095420
395.805125
397.361814
398.800000
400.151088
401.610658
402.958594
404.256961
405.869796
407.190023
408.600000
410.064898
411.536100
412.945488
414.416735
415.857098
417.321043
418.666939
420.070839
421.580000
422.844082
424.275102
425.636372
427.082993
428.360000
429.938776
431.242449
432.870340
434.193605
435.591293
436.978776
438.587755
440.087619
441.763787
443.325918
445.130612
446.882857
448.295510
449.994694
452.119184
453.828571
455.525034
457.110204
458.688980
460.405306
461.982449
463.746531
465.354059
466.935918
468.586440
470.182494
471.839456
473.258776
474.704218
476.198367
477.617370
479.077007
480.475692
481.854059
483.332426
484.720454
486.100408
487.487483
488.892925
490.333197
491.758639
493.213424
494.648481
495.971655
497.416100
498.789887
500.282993
502.074059
503.750385
505.348934
507.213016
508.723492
510.462404
512.355102
513.960136
515.680000
517.190340
518.860907
520.548571
522.130476
523.605624
525.287755
526.657732
528.162540
529.636054
531.195692
532.613741
533.954376
535.381134
536.680000
538.108163
539.367166
540.617460
541.904853
543.204490
544.650522
546.337143
548.008889
549.161769
550.422880
551.685306
552.908209
554.136916
555.453016
556.688481
558.016190
559.296825
560.741633
562.407392
563.920272
565.198005
566.362177
567.761814
569.020000
570.139864
571.400181
572.691111
574.279773
575.995828
577.795147
579.349841
580.623810
582.527347
583.691837
584.904898
586.186531
587.723129
589.969660
