0.604218
2.208163
4.093878
5.396009
6.879456
8.526304
10.171927
11.946032
13.282630
14.857551
16.382812
17.913469
19.470159
20.921088
22.426213
23.885533
25.663810
27.181814
28.644671
30.116553
31.666757
33.286667
34.736599
36.232336
37.763583
39.283175
40.847937
42.209796
43.687324
45.324535
46.721950
48.194830
49.691565
51.123673
52.540816
54.094059
55.578776
57.059592
58.534694
60.024354
61.461361
62.874014
64.235374
65.609683
67.080000
68.514739
69.889796
71.846939
73.464082
75.025079
76.474603
77.926531
79.458730
80.917460
82.625442
84.117415
85.743810
87.338367
88.912063
90.732653
92.199184
93.848163
95.325714
96.821633
98.348027
99.994921
101.576054
103.307347
104.930023
106.482041
108.086531
109.460000
111.090113
112.880000
114.463175
115.881905
117.431111
118.817778
120.490476
121.701134
123.903129
125.660136
127.216916
128.756190
130.574921
132.160408
133.794694
135.115646
137.336599
138.958367
140.391519
141.782948
143.393878
144.962494
146.415873
147.886712
149.410522
150.933605
152.406122
153.969161
155.524195
157.119546
158.554921
159.942404
161.571746
163.639728
165.220000
167.015556
168.441224
169.918413
171.566667
173.197143
174.560680
176.141769
177.605714
178.993333
180.454014
182.051156
183.484943
184.976508
186.392517
187.945034
189.320408
190.791927
192.301587
194.004898
195.737959
197.379365
199.364898
200.981224
202.395964
204.057778
205.924898
207.747755
209.774694
211.744036
213.533061
215.147891
216.568299
217.846531
219.224490
220.688934
222.077143
223.584490
225.105714
226.526939
227.896327
229.344490
230.762585
232.237959
233.661224
235.169796
236.645714
238.476463
240.529252
242.115465
243.955556
245.659365
247.272109
248.735238
250.317687
251.868254
253.369206
254.894286
256.361995
257.875646
259.686122
261.210476
262.584490
264.138231
265.604898
267.075102
268.546259
270.076553
271.522857
273.018776
274.429751
275.957551
277.428980
278.912154
280.433605
281.984399
283.388254
284.810658
286.337460
287.782313
289.396735
290.773605
292.181406
294.006667
295.449206
296.992698
298.434921
299.947347
301.465442
302.922585
304.555102
305.976054
307.465306
308.950023
310.440181
311.978730
313.457415
314.941088
316.573651
318.143673
319.722313
321.424218
323.296871
324.930476
326.336825
327.876077
329.333061
330.995510
332.696735
334.045351
335.802404
337.360544
338.849977
340.469705
343.137959
344.948435
346.540000
348.202766
349.774694
351.380000
352.993061
354.591837
356.194240
357.815556
359.292698
360.786032
362.247619
363.600408
365.063265
366.563673
367.938776
369.355918
370.770204
372.105306
373.762857
375.365306
376.549796
377.873469
379.277551
380.608163
382.046939
383.400000
384.991429
386.596417
388.258050
389.867982
391.366213
392.959048
394.625397
396.142086
397.656508
399.003855
400.588798
402.093288
403.670204
405.375420
407.325125
408.801814
410.213878
411.631088
413.050658
414.278594
415.796961
417.389796
418.870023
420.333832
421.764898
423.196100
424.685488
426.136735
427.457098
428.961043
430.346939
431.770839
433.334603
434.844082
436.415102
437.896372
439.302993
440.622336
442.278776
443.742449
445.350340
446.873605
448.331293
449.818776
451.767755
453.367619
455.023787
456.485918
458.160000
459.902857
461.515510
463.114694
465.019184
466.928571
468.865034
470.430204
472.048980
473.545306
475.062449
476.526531
477.974059
479.415918
481.146440
482.542494
484.339456
485.758776
487.324218
488.878367
490.357370
491.817007
493.275692
494.694059
496.092426
497.480454
498.860408
500.267483
501.792925
503.273197
504.678639
506.153424
507.668481
509.031655
510.496100
512.009887
513.500000
515.474059
517.090385
518.608934
520.333016
522.043492
523.722404
525.715102
527.460136
529.396644
531.330340
533.020907
534.548571
536.050476
537.265624
538.867755
540.177732
541.642540
543.196054
544.675692
546.173741
547.534376
548.961134
550.357868
551.848163
553.227166
554.737460
556.084853
557.544490
559.090522
560.677143
562.468889
563.801769
565.142880
566.445306
567.908209
569.296916
570.753016
572.168481
573.576190
574.976825
576.381633
577.827392
579.240272
580.638005
582.002177
583.481814
584.937528
586.259864
587.600181
589.195556
591.279773
593.371655
595.155147
596.949841
598.443810
599.707347
601.011837
602.384898
603.586531
605.303129
607.569660
