1.484218
3.108163
4.893878
6.116009
7.519456
9.226304
10.831927
12.626032
13.842630
15.297551
16.560000
17.913469
19.230159
20.521088
21.846213
22.825533
24.420000
25.701814
26.984671
28.256553
29.586757
30.886667
32.096599
33.432336
34.683583
36.023175
37.547937
38.849796
40.087324
42.004535
43.301950
44.654830
46.091565
47.583673
48.960816
50.334059
51.698776
53.139592
54.474694
55.804354
57.121361
58.434014
59.715374
60.980000
62.340000
63.594739
64.869796
66.266939
67.584082
68.945079
70.334603
71.586531
72.938730
74.277460
75.745442
77.087483
78.523810
79.918367
81.272063
82.852653
84.259184
85.688163
87.085714
88.341633
89.728027
91.254921
92.574014
94.180000
95.630023
97.020000
98.306531
99.720000
101.250113
102.863175
104.330794
105.721905
107.171111
108.617778
110.050476
111.321134
113.235782
114.820136
116.256916
117.716190
119.274921
120.820408
122.414694
123.755646
125.476599
126.898367
128.291519
129.702948
131.233878
132.682494
134.095873
135.646712
137.170522
138.653605
140.146122
141.689161
143.184195
144.719546
146.274921
147.702404
149.331746
151.759728
153.807800
155.735556
157.241224
158.658413
160.146667
161.637143
163.020680
164.461769
165.905714
167.413333
168.834014
170.371156
171.704943
173.176508
174.592517
176.065034
177.320000
178.651927
180.021587
181.344898
182.997959
184.599365
186.204898
187.761224
189.335964
190.837778
192.404898
193.947755
195.460000
196.824036
198.273061
199.647891
200.988299
202.386531
203.804490
205.388934
206.797143
208.304490
209.845714
211.186939
212.656327
214.004490
215.382585
216.757959
218.101224
219.429796
220.885714
222.276463
224.269252
225.655465
227.115556
228.459365
229.792109
231.140000
232.517687
233.888254
235.389206
237.854286
239.341995
240.855646
242.326122
243.770476
245.084490
246.798231
248.264898
249.695102
251.006259
252.516553
253.902857
255.318776
256.629751
258.158776
259.488980
260.872154
262.213605
263.684399
265.048254
266.390658
267.717460
269.122313
270.456735
271.793605
273.221406
274.706667
276.089206
277.532698
278.954921
280.407347
281.845442
283.162585
284.675102
285.996054
287.365306
288.790023
290.140181
291.658730
293.057415
294.501088
295.993651
297.383673
298.822313
300.284218
301.796871
303.430476
304.796825
306.456077
307.833061
309.555510
310.996735
312.385351
314.102404
315.620544
317.069977
318.469705
320.540000
322.308435
323.920000
325.522766
327.094694
328.700000
330.233061
331.911837
333.674240
335.195556
336.652698
338.186032
339.587619
341.000408
342.363265
343.843673
345.198776
346.655918
348.050204
349.445306
351.022857
352.405306
353.749796
355.053469
356.317551
357.688163
358.986939
360.414785
361.731429
363.076417
364.658050
366.067982
367.566213
369.059048
370.425397
372.002086
373.236508
374.443855
375.864399
377.133288
378.710204
379.935420
381.985125
383.481814
385.013878
386.551088
387.850658
389.318594
390.796961
392.309796
393.650023
395.113832
396.524898
397.976100
399.445488
400.836735
402.237098
403.681043
405.026939
406.410839
407.854603
409.264082
410.735102
412.056372
413.482993
414.742336
416.318776
417.582449
419.070340
420.513605
421.851293
423.258776
424.587755
425.900000
427.203787
428.645918
430.120000
431.762857
432.920000
434.254694
435.740000
437.188571
438.645034
440.010204
441.388980
442.845306
444.382449
445.806531
447.154059
448.595918
450.346440
451.742494
453.099456
454.498776
455.864218
457.158367
458.537370
459.917007
461.275692
462.714059
464.112426
465.580454
466.940408
468.307483
469.752925
471.113197
472.498639
473.933424
475.460000
476.751655
478.156100
479.489887
480.740000
482.280000
483.990385
485.168934
486.773016
488.343492
489.902404
491.495102
493.220136
494.700000
496.310340
497.900907
499.248571
500.570476
501.685624
503.407755
504.837732
506.262540
507.716054
509.235692
510.673741
512.054376
513.501134
514.837868
516.188163
517.467166
518.797460
520.124853
521.424490
522.930522
524.817143
525.988889
527.321769
528.642880
529.905306
531.088209
532.316916
533.633016
534.868481
536.296190
537.556825
538.881633
540.267392
541.440272
542.578005
543.742177
545.101814
546.397528
547.599864
548.900181
550.191111
551.780000
553.235828
554.675147
556.229841
558.023810
559.407347
560.531837
561.704898
562.986531
564.503129
566.989660
