4.284218
5.800000
7.501633
8.816009
10.279456
12.166304
13.671927
15.386032
16.682630
18.157551
19.502812
20.973469
22.350159
23.781088
25.180000
26.425533
28.203810
29.721814
31.144671
32.516553
34.026757
35.406667
36.856599
38.292336
39.703583
41.223175
42.967937
44.569796
46.007324
47.964535
49.281950
50.634830
52.271565
53.907347
55.320816
56.774059
58.198776
59.520000
60.974694
62.324354
63.741361
65.054014
66.495374
67.889683
69.460000
70.874739
72.189796
73.686939
75.024082
76.445079
77.914603
79.226531
80.618730
82.037460
83.505442
84.907483
86.403810
87.878367
89.192063
90.712653
92.139184
93.568163
94.965714
96.241633
97.668027
99.254921
100.714014
102.427347
104.100091
105.782041
107.406531
109.041678
110.750113
112.543175
114.510794
115.841905
117.171111
118.717778
120.350476
121.661134
123.635782
125.140136
126.596916
128.056190
129.594921
131.020408
132.514694
133.875646
135.616599
137.178367
138.511519
139.842948
141.393878
142.862494
144.415873
145.906712
147.430522
148.893605
150.366122
151.989161
153.424195
154.899546
156.414921
157.842404
159.331746
160.839728
162.800000
165.375556
166.821224
168.218413
169.706667
171.217143
172.520680
174.041769
175.585714
176.933333
178.374014
179.831156
181.184943
182.696508
184.132517
185.725034
187.000000
188.351927
189.741587
191.344898
193.037959
194.659365
196.424898
197.981224
199.535964
201.097778
203.044898
204.787755
206.434694
208.284036
210.013061
211.527891
212.988299
214.486531
216.224490
217.708934
219.137143
220.624490
222.225714
223.526939
224.916327
226.344490
227.842585
229.180000
230.501224
231.849796
233.105714
234.876463
236.880000
238.435465
240.131111
241.659365
243.132109
244.502540
245.877687
247.308254
248.729206
250.894286
252.381995
253.895646
255.826122
257.530476
258.964490
260.438231
262.064898
263.455102
264.886259
266.336553
267.662857
269.018776
270.369751
271.938776
273.428980
274.812154
276.093605
277.537596
279.088254
280.510658
281.897460
283.362313
284.596735
286.073605
287.601406
289.086667
290.469206
291.912698
293.374921
294.787347
296.265442
297.562585
299.055102
300.376054
301.765306
303.210023
304.520181
306.038730
307.477415
308.841088
310.373651
311.823673
313.222313
314.664218
316.376871
317.830476
319.176825
320.636077
322.033061
323.615510
325.196735
326.570703
328.082404
329.860544
331.329977
332.989705
335.577959
337.648435
339.512381
341.491066
343.294694
345.120000
346.893061
348.711837
350.594240
352.295556
353.772698
355.286032
356.707619
358.020408
359.383265
360.763673
362.118776
363.455918
364.750204
366.105306
367.502857
368.945306
370.209796
371.533469
372.757551
374.008163
375.326939
376.614785
377.991429
379.496417
381.098050
382.487982
384.206213
385.659048
387.205397
388.682086
390.056508
391.423855
392.904399
394.313288
395.930204
397.495420
399.885125
401.581814
403.233878
404.811088
406.330658
407.958594
409.516961
411.249796
412.750023
414.273832
415.904898
417.456100
418.985488
420.456735
421.857098
423.301043
424.706939
426.110839
427.574603
428.964082
430.335102
431.676372
433.182993
434.322336
435.858776
437.262449
438.750340
440.033605
441.411293
442.838776
444.587755
446.127619
447.783787
449.265918
450.950612
452.722857
454.235510
455.874694
457.859184
459.508571
460.985034
462.550204
464.128980
466.025306
467.502449
469.046531
470.654059
472.135918
473.826440
475.282494
476.980000
478.198776
479.644218
481.038367
482.517370
483.957007
485.355692
486.714059
488.172426
489.620454
490.980408
492.287483
493.712925
495.073197
496.438639
497.913424
499.468481
500.711655
502.116100
503.529887
505.042993
506.954059
508.650385
510.208934
511.753016
513.263492
514.642404
516.635102
518.500136
520.100000
521.770340
523.340907
524.748571
526.130476
527.445624
529.167755
530.357732
531.702540
533.116054
534.475692
535.793741
537.114376
538.461134
539.837868
541.108163
542.387166
543.757460
545.064853
546.360000
547.770522
549.480000
550.928889
552.181769
553.362880
554.525306
555.648209
556.840000
558.133016
559.348481
560.616190
561.796825
563.021633
564.427392
565.800272
566.978005
568.082177
569.461814
570.657528
571.779864
573.060181
574.291111
575.999773
577.815828
579.595147
581.269841
582.543810
584.567347
585.631837
586.944898
588.426531
590.123129
592.489660
