0.784218
2.448163
3.733878
4.976009
6.340000
7.886304
9.491927
10.880000
12.000000
13.497551
14.962812
16.473469
17.850159
19.281088
20.706213
22.085533
23.563810
25.021814
26.484671
27.976553
29.526757
31.146667
32.736599
34.292336
35.743583
37.283175
38.867937
40.369796
41.787324
43.424535
44.781950
46.154830
47.591565
49.023673
50.440816
51.854059
53.238776
54.679592
56.054694
57.404354
58.721361
60.034014
61.335374
62.689683
64.120000
65.454739
66.709796
68.166939
69.504082
70.905079
72.418413
73.806531
75.178730
76.597460
78.065442
79.467483
80.963810
82.398367
83.852063
85.372653
86.819184
88.388163
89.945714
91.421633
92.808027
94.434921
96.034014
97.647347
99.270023
100.742041
102.286531
103.741678
105.350113
106.883175
108.470794
109.941905
111.351111
112.957778
114.450476
115.801134
117.575782
119.040136
120.436916
121.836190
123.354921
124.720408
126.194694
127.535646
129.236599
130.618367
131.911519
133.282948
134.773878
136.222494
137.695873
139.160000
140.610522
142.013605
143.526122
144.969161
146.460000
147.819546
149.354921
150.682404
151.911746
153.739728
155.340000
157.235556
158.661224
160.038413
161.466667
162.837143
164.060680
165.461769
166.905714
168.260000
169.654014
171.091156
172.484943
173.956508
175.312517
176.725034
177.920408
179.271927
180.801587
182.304898
183.817959
185.379365
186.944898
188.461224
190.035964
191.577778
193.124898
194.880000
195.994694
197.524036
199.053061
200.507891
201.928299
203.326531
204.804490
206.228934
207.637143
209.004490
210.545714
211.786939
213.096327
214.384490
215.802585
217.077959
218.361224
219.620000
221.005714
222.476463
224.160000
225.515465
226.895556
228.319365
229.672109
231.042540
232.377687
233.868254
235.289206
236.974286
238.461995
239.975646
241.486122
242.970476
244.364490
245.778231
247.244898
248.595102
250.006259
251.436553
252.782857
254.198776
255.489751
256.958776
258.328980
259.940000
261.013605
262.344399
263.708254
265.010658
266.397460
267.702313
269.076735
270.413605
271.701406
273.166667
274.589206
276.000000
277.334921
278.747347
280.125442
281.442585
282.875102
284.176054
285.505306
286.870023
288.240181
289.578730
290.657415
292.261088
293.753651
295.223673
296.704626
298.164218
299.936871
301.530476
303.036825
304.476077
305.853061
307.655510
309.356735
310.745351
312.560000
313.620000
315.089977
316.689705
319.157959
320.888435
322.292381
323.902766
325.334694
326.900000
328.253061
329.831837
331.314240
332.815556
334.212698
335.706032
337.107619
338.400408
339.723265
341.163673
342.498776
343.855918
345.230204
346.585306
348.122857
349.385306
350.869796
352.193469
353.577551
354.888163
356.286939
357.674785
359.131429
360.536417
362.198050
363.647982
365.306213
366.879048
368.465397
369.862086
371.240000
372.623855
374.224399
375.733288
377.430204
378.915420
380.905125
382.541814
383.993878
385.411088
386.850658
388.318594
389.796961
391.349796
392.670023
394.113832
395.564898
397.036100
398.505488
399.876735
401.377098
402.761043
404.166939
405.530839
407.114603
408.564082
409.975102
411.336372
412.742993
414.062336
415.598776
416.982449
418.490340
419.933605
421.320000
422.718776
424.327755
425.907619
427.603787
429.165918
430.650612
432.302857
433.900000
435.474694
437.299184
438.928571
440.585034
442.150204
443.708980
445.425306
446.742449
448.326531
449.894059
451.075918
452.686440
454.162494
455.799456
457.098776
458.484218
459.818367
461.117370
462.537007
463.895692
465.254059
466.572426
468.020454
469.400408
470.707483
472.092925
473.553197
474.898639
476.200000
477.708481
479.031655
480.456100
481.889887
483.322993
485.214059
486.660000
488.080000
489.573016
491.080000
492.642404
494.280000
495.900136
497.216644
498.840000
500.360907
501.888571
503.410476
504.565624
506.347755
507.677732
508.762540
510.216054
511.475692
512.793741
514.014376
515.361134
516.737868
517.868163
519.167166
520.517460
521.744853
523.004490
524.370522
525.837143
527.368889
528.661769
529.882880
531.185306
532.400000
533.596916
534.933016
536.168481
537.476190
538.696825
540.001633
541.267392
542.660272
543.918005
545.182177
546.681814
548.037528
549.339864
550.620181
551.871111
553.439773
555.295828
556.895147
558.629841
560.143810
561.787347
563.031837
564.124898
565.426531
566.923129
569.149660
