1.084218
2.608163
4.133878
5.536009
7.039456
8.586304
10.331927
11.826032
13.242630
14.837551
16.362812
17.853469
19.270159
20.701088
22.086213
23.505533
25.043810
26.421814
27.784671
29.176553
30.646757
31.620000
32.796599
34.732336
36.060000
37.403175
38.927937
40.229796
41.407324
42.920000
44.181950
45.474830
46.811565
48.103673
49.280816
50.454059
51.578776
52.799592
53.994694
55.204354
56.361361
57.494014
58.715374
59.889683
61.100000
62.374739
63.589796
64.966939
66.264082
67.405079
68.620000
69.826531
71.178730
72.460000
73.785442
75.087483
76.403810
77.758367
78.792063
80.412653
81.639184
83.008163
84.205714
85.461633
86.748027
88.014921
89.254014
90.627347
92.110023
93.062041
94.366531
95.681678
96.890113
98.323175
99.650794
100.861905
102.091111
103.477778
104.830476
106.181134
108.315782
110.120136
111.716916
113.256190
115.034921
116.460408
118.128163
119.826939
121.916599
123.898367
125.351519
126.842948
128.393878
130.142494
131.715873
133.346712
134.890522
136.333605
137.926122
139.349161
140.864195
142.399546
144.014921
145.382404
146.991746
148.979728
150.467800
153.015556
154.581224
156.018413
157.446667
158.857143
160.160680
161.501769
162.825714
164.173333
165.534014
166.891156
168.224943
169.456508
170.972517
172.245034
173.500000
174.771927
176.100000
177.424898
178.717959
180.439365
182.484898
184.161224
185.775964
187.497778
189.464898
191.087755
193.100000
194.680000
196.093061
197.447891
198.768299
200.046531
201.264490
202.588934
203.597143
205.004490
206.440000
207.646939
208.856327
209.964490
211.262585
212.557959
213.801224
215.089796
216.325714
217.676463
219.100000
220.415465
221.655556
222.799365
223.940000
225.022540
226.137687
227.308254
228.480000
229.500000
230.721995
232.235646
233.746122
235.290476
236.644490
238.058231
239.424898
240.695102
241.966259
243.316553
244.500000
245.738776
246.909751
248.298776
249.728980
251.012154
251.793605
253.164399
254.428254
255.590658
256.837460
257.982313
259.120000
260.273605
261.401406
262.686667
263.749206
264.852698
265.920000
267.107347
268.365442
269.362585
270.675102
271.780000
272.865306
274.150023
275.260000
276.378730
277.517415
278.761088
279.833651
280.920000
282.102313
283.304218
284.640000
285.890476
286.876825
288.236077
289.373061
290.775510
291.896735
293.100000
294.242404
295.580544
296.689977
297.869705
300.197959
302.068435
303.732381
305.302766
306.834694
308.460000
310.033061
311.611837
313.140000
314.595556
315.972698
317.286032
318.467619
319.620408
320.783265
321.983673
323.118776
324.315918
325.390204
326.540000
327.860000
328.925306
330.069796
331.253469
332.357551
333.528163
334.686939
335.880000
337.100000
338.376417
339.578050
340.847982
341.966213
343.199048
344.425397
345.742086
347.036508
348.183855
349.484399
350.753288
352.250204
353.855420
355.845125
357.361814
358.713878
360.031088
361.350658
362.678594
363.936961
365.309796
366.570023
367.793832
369.084898
370.356100
371.665488
372.920000
374.237098
375.361043
376.546939
377.830839
379.200000
380.364082
381.615102
382.876372
384.162993
385.280000
386.658776
387.922449
389.190340
390.393605
391.651293
393.038776
394.367755
395.607619
397.203787
398.645918
399.950612
401.560000
402.935510
404.274694
405.779184
407.208571
408.645034
410.110204
411.888980
413.305306
414.762449
416.146531
417.334059
418.675918
420.246440
421.622494
423.159456
424.478776
425.784218
427.158367
428.457370
429.757007
430.995692
432.234059
433.452426
434.800454
436.100408
437.427483
438.772925
440.113197
441.398639
442.633424
443.948481
445.151655
446.476100
447.709887
448.942993
450.434059
452.030385
453.908934
455.613016
457.243492
458.902404
460.815102
462.500136
464.220000
465.930340
467.440907
468.728571
470.050476
471.205624
472.620000
473.737732
475.022540
476.036054
477.455692
478.593741
479.760000
480.961134
482.217868
483.408163
484.387166
485.717460
486.924853
488.064490
489.470522
490.757143
492.208889
493.481769
494.622880
495.765306
496.928209
498.136916
499.473016
500.628481
501.856190
503.096825
504.281633
505.547392
506.740272
507.838005
508.842177
510.021814
511.077528
512.159864
513.160181
514.311111
515.519773
516.795828
517.915147
519.169841
520.583810
521.827347
522.911837
523.924898
524.980000
525.903129
527.809660
