0.764218
2.108163
4.113878
5.476009
6.999456
8.586304
10.211927
11.686032
12.942630
14.377551
16.002812
17.473469
18.850159
20.241088
21.626213
22.985533
24.443810
25.761814
27.124671
28.456553
29.766757
31.286667
32.656599
34.192336
35.603583
37.343175
38.947937
40.400000
41.727324
43.504535
44.761950
46.014830
47.551565
49.063673
50.440816
51.834059
53.198776
54.459592
55.814694
57.164354
58.481361
59.794014
61.095374
62.429683
63.880000
65.214739
66.509796
67.946939
69.324082
70.685079
72.014603
73.366531
74.698730
76.057460
77.485442
78.887483
80.343810
81.738367
83.172063
84.652653
86.099184
87.528163
88.920000
90.341633
91.788027
93.134921
94.514014
96.040000
97.470023
98.920000
100.326531
101.800000
103.270113
104.720000
106.290794
107.561905
108.951111
110.337778
111.570476
112.741134
114.635782
116.140136
117.556916
118.976190
120.334921
121.680408
123.134694
124.475646
126.196599
127.718367
128.891519
130.242948
131.713878
133.122494
134.575873
135.940000
137.450522
138.760000
140.266122
141.789161
143.224195
144.639546
146.154921
147.582404
148.991746
151.079728
152.280000
154.615556
155.841224
157.298413
158.746667
160.197143
161.560680
163.001769
164.405714
165.833333
167.274014
168.680000
170.064943
171.516508
172.792517
174.285034
175.640408
176.871927
178.221587
179.604898
181.297959
182.879365
184.224898
185.801224
187.195964
188.717778
190.444898
191.947755
193.654694
195.304036
197.013061
198.527891
200.048299
201.686531
203.304490
204.877868
206.442857
207.844490
209.385714
210.786939
212.136327
213.524490
214.982585
216.317959
217.621224
219.009796
220.385714
221.876463
223.509252
225.055465
226.555556
227.979365
229.292109
230.540000
231.817687
233.168254
234.609206
235.740000
237.161995
238.655646
240.126122
242.510476
243.904490
245.298231
246.684898
248.095102
249.386259
250.836553
252.142857
253.478776
254.789751
256.238776
257.628980
259.052154
260.333605
261.684399
263.148254
264.510658
265.820000
267.222313
268.576735
270.033605
271.621406
273.106667
274.569206
276.092698
277.394921
278.747347
280.245442
281.662585
283.135102
284.496054
285.865306
287.310023
288.780181
290.198730
291.557415
293.041088
294.473651
295.940000
297.380000
298.784218
300.460000
301.970476
303.336825
304.856077
306.293061
307.935510
309.356735
310.945351
312.362404
313.960000
315.489977
317.109705
319.517959
321.108435
322.452381
323.942766
325.354694
326.840000
328.193061
329.671837
331.414240
332.755556
334.172698
335.606032
337.007619
338.360408
339.723265
341.103673
342.458776
343.815918
345.110204
346.465306
348.022857
349.385306
350.689796
351.993469
353.357551
354.628163
355.966939
357.294785
358.631429
360.176417
361.518050
362.947982
364.406213
365.799048
367.245397
368.622086
369.980000
371.303855
372.824399
374.193288
375.690204
377.275420
379.025125
380.481814
382.073878
383.411088
384.930658
386.318594
387.616961
389.329796
390.770023
392.213832
393.664898
395.176100
396.625488
398.096735
399.537098
401.021043
402.426939
403.890839
405.314603
406.744082
408.115102
409.476372
410.842993
412.082336
413.678776
415.002449
416.290340
417.653605
419.051293
420.338776
421.807755
423.167619
424.683787
426.265918
427.560000
429.102857
430.535510
432.054694
433.839184
435.588571
437.125034
438.590204
439.988980
441.765306
443.162449
444.466531
445.934059
447.175918
448.746440
450.102494
451.459456
452.998776
454.284218
455.678367
456.997370
458.477007
459.815692
461.174059
462.532426
463.940454
465.340408
466.700000
468.112925
469.493197
470.898639
472.193424
473.748481
475.111655
476.476100
477.909887
479.242993
481.120000
482.850385
484.008934
485.480000
486.820000
488.262404
489.935102
491.600136
493.340000
495.050340
496.760907
498.228571
499.730476
501.085624
502.927755
504.397732
505.842540
507.216054
508.915692
510.333741
511.654376
513.021134
514.377868
515.748163
517.187166
518.557460
519.844853
521.144490
522.330522
524.097143
525.548889
526.961769
528.282880
529.645306
530.928209
532.256916
533.633016
534.988481
536.296190
537.696825
539.081633
540.487392
541.860272
543.138005
544.402177
545.921814
547.277528
548.579864
549.880181
551.291111
552.799773
554.415828
555.895147
557.369841
559.063810
560.387347
561.551837
562.660000
563.626531
564.963129
567.189660
