2.484218
4.168163
6.053878
7.516009
9.199456
11.286304
13.031927
14.886032
16.302630
17.957551
19.762812
21.433469
22.950159
24.621088
26.046213
27.545533
29.283810
30.801814
32.204671
33.656553
35.386757
36.946667
38.496599
40.092336
41.023583
43.463175
45.387937
47.029796
48.447324
50.564535
52.001950
53.454830
54.951565
56.483673
58.000816
59.494059
60.958776
62.419592
63.854694
65.324354
66.681361
68.134014
69.535374
71.029683
72.500000
74.034739
75.229796
76.726939
78.184082
79.605079
80.954603
82.306531
83.778730
85.217460
86.685442
88.107483
89.643810
91.118367
92.632063
94.212653
95.659184
97.248163
98.745714
99.821633
101.768027
103.354921
104.954014
106.627347
108.430023
110.062041
111.786531
113.380000
115.070113
116.760000
118.550794
119.901905
121.371111
122.877778
124.330476
125.601134
127.595782
129.160136
130.696916
132.276190
133.994921
135.660408
137.474694
138.955646
140.916599
142.638367
143.991519
145.542948
147.133878
148.622494
150.255873
151.606712
153.390522
154.793605
156.360000
158.009161
159.460000
160.939546
162.494921
163.882404
165.451746
167.180000
168.947800
171.435556
173.201224
174.818413
176.486667
178.197143
179.840680
181.501769
182.965714
184.393333
185.894014
187.331156
188.704943
190.156508
191.572517
193.245034
194.680408
196.211927
197.781587
199.444898
201.337959
203.239365
205.144898
206.921224
208.515964
210.177778
211.744898
213.340000
214.774694
216.540000
218.073061
219.507891
220.968299
222.466531
224.024490
225.528934
227.037143
228.604490
230.185714
231.626939
233.116327
234.564490
236.022585
237.417959
238.781224
240.209796
241.705714
243.176463
245.220000
246.775465
248.355556
249.879365
251.312109
252.702540
254.157687
255.668254
257.069206
258.594286
260.081995
261.595646
262.886122
264.450476
265.884490
268.598231
270.224898
271.615102
273.166259
274.736553
276.242857
277.598776
279.069751
280.598776
282.128980
283.652154
284.973605
286.408798
287.988254
289.490658
290.917460
292.422313
293.896735
295.413605
297.001406
298.526667
300.109206
301.572698
303.074921
304.667347
306.185442
307.682585
309.235102
310.756054
312.225306
313.790023
315.240181
316.758730
318.197415
319.841088
321.413651
322.803673
324.322313
325.784218
327.796871
329.510476
331.096825
332.736077
334.233061
336.115510
337.880000
339.505351
341.522404
343.080544
344.689977
346.309705
348.757959
350.588435
352.112381
353.822766
355.494694
357.180000
358.773061
360.491837
362.154240
363.835556
365.372698
366.992063
368.467619
369.980408
371.463265
373.023673
374.438776
375.895918
377.310204
378.785306
380.382857
382.145306
383.649796
385.113469
386.597551
388.088163
389.566939
391.054785
392.611429
394.156417
396.018050
397.687982
399.446213
401.059048
402.665397
404.202086
405.856508
407.303855
409.003991
410.693288
412.370204
414.035420
416.225125
418.041814
419.653878
421.311088
422.890658
424.578594
426.396961
428.109796
429.630023
431.353832
433.004898
434.896100
436.585488
438.196735
439.917098
441.561043
443.146939
444.710839
446.294603
447.944082
449.555102
451.196372
452.922993
454.442336
456.218776
457.682449
459.430340
461.053605
462.591293
464.198776
465.987755
467.767619
469.503787
471.205918
473.050612
475.002857
476.635510
478.294694
480.199184
481.788571
483.405034
484.970204
486.728980
488.465306
490.062449
491.646531
493.234059
494.595918
496.446440
498.062494
499.639456
501.158776
502.804218
504.298367
505.797370
507.377007
508.915692
510.374059
511.852426
513.280454
514.620408
515.967483
517.412925
518.753197
520.218639
521.713424
523.308481
524.751655
526.256100
527.809887
529.442993
531.554059
533.430385
535.120000
536.833016
538.283492
539.740000
541.395102
543.120136
544.740000
546.570340
548.180907
549.708571
551.190476
552.525624
554.127755
555.420000
556.852698
558.336054
559.935692
561.333741
562.674376
564.061134
565.437868
566.848163
568.327166
569.697460
571.064853
572.404490
573.990522
575.357143
577.248889
578.761769
580.182880
581.545306
582.868209
584.313832
585.793016
587.288481
588.656190
590.136825
591.741633
593.307392
594.780272
596.178005
597.462177
598.961814
600.277528
601.679864
602.960181
604.291111
605.879773
607.575828
609.135147
610.709841
612.863810
614.687347
615.771837
616.520000
617.366531
618.723129
620.969660
