0.693016
1.464898
2.192245
2.934286
3.569796
4.322857
5.036735
5.770204
6.586939
7.329796
8.028571
9.065306
10.028163
10.847302
11.511020
12.285533
12.947800
13.713605
14.436508
15.170385
16.071837
16.801995
17.685034
18.642041
19.583220
20.283810
21.014694
21.831293
22.530340
23.216599
24.023628
24.655986
25.411837
26.181497
26.836735
27.745034
28.430748
29.058639
29.799592
30.582041
31.436735
32.369342
33.366531
34.069206
34.738957
35.415646
36.232698
36.985306
37.686984
38.349841
39.162540
39.867937
40.576508
41.329206
42.047619
42.725714
43.509206
44.279365
45.278730
46.209796
47.096190
47.871429
48.604444
49.337778
50.007937
50.701270
51.435238
52.120952
52.844444
53.572698
54.218413
54.916825
55.657460
56.338095
57.033061
57.720408
58.407619
59.111111
59.809524
60.550159
61.298413
62.038730
62.853333
63.737143
64.514286
65.272245
65.961224
66.653469
67.362041
68.093469
68.788980
69.472789
70.178095
70.843084
71.542585
72.224989
72.918367
73.614966
74.271247
74.944943
75.612517
76.357506
77.033787
77.808526
78.636463
79.434240
80.243719
81.223175
82.002993
82.739592
83.463946
84.134422
84.858776
85.588095
86.345850
87.041497
87.835238
88.660136
89.451701
90.183129
90.976961
91.717188
92.497415
93.237551
93.926893
94.772517
95.447347
96.207483
96.910612
97.587302
98.293741
99.077279
99.804762
100.542721
101.375102
102.188707
103.077778
103.991111
108.377143
109.426893
110.209932
110.911701
111.858594
112.565034
113.522721
114.472381
115.269660
116.249796
116.954286
117.857007
118.729660
119.517279
120.385057
121.298912
122.221361
123.054966
123.965170
124.818730
125.652834
126.412698
127.361088
128.179456
129.052653
129.912381
130.676871
131.586667
132.452245
133.280952
134.238413
135.419048
136.820000
137.660952
138.577370
139.315737
140.315692
140.996327
141.986757
142.819546
143.648707
144.692381
145.465351
146.401769
147.320227
148.098503
148.973243
149.940454
150.698730
151.695147
152.498821
153.409841
154.269796
155.046213
155.909660
156.742766
157.668299
158.510068
159.333243
160.146667
161.159048
161.955238
162.923946
164.128390
165.436712
166.394921
167.160635
168.046984
168.802857
169.731111
170.690476
171.550159
172.421587
173.323175
174.019048
174.826032
175.762540
176.620000
177.538413
178.646349
179.413016
180.249841
181.091746
181.938095
182.664444
183.501270
184.352698
185.144127
186.020317
186.751746
187.799365
188.802222
189.895238
190.822540
191.965397
192.900000
194.156508
195.193651
195.914603
196.775873
197.622857
198.455238
199.342540
200.119683
200.891111
201.962540
202.773968
203.550454
204.384127
205.184739
206.227596
207.039546
207.936508
208.698413
209.515238
210.241270
211.093333
211.969841
212.741587
213.572381
214.409206
215.220635
216.073333
217.091111
218.152948
219.111111
220.003810
221.166032
222.667302
223.638776
224.536735
225.357143
226.195918
226.904490
228.015397
228.844490
229.597143
230.708571
231.492245
232.411429
233.362857
234.113061
235.064490
235.944898
236.889388
237.880816
238.759592
239.508163
240.384762
241.141224
242.102268
243.082132
244.387755
245.208844
246.016553
246.803129
247.682766
248.476599
249.412834
250.507302
251.218549
252.347937
253.173333
254.049206
254.711429
255.440635
256.493968
257.344762
258.305397
258.999365
259.834921
260.637143
261.470159
262.393061
263.268639
264.089093
264.863265
265.643673
266.540408
267.325805
268.259184
269.026349
270.009796
270.854014
271.806077
272.682630
273.747574
274.967460
276.037551
276.862358
277.486395
278.596553
279.274467
279.975918
280.671565
281.567528
282.240272
282.973333
283.789615
284.586213
285.294422
286.224898
286.923764
287.716825
288.340862
289.031020
289.832472
290.220000
290.220000
290.220000
290.256327
290.505805
290.880000
290.880000
291.231338
291.320000
291.346485
291.460000
291.460000
291.460000
291.520000
291.520000
291.849342
292.280000
292.536417
292.600000
292.680000
292.800000
293.097007
293.900998
294.802086
295.472562
296.231429
296.985125
297.655283
298.354785
299.113741
299.758322
300.556871
301.313469
301.999501
302.728934
303.419728
304.050204
305.015510
305.752109
306.609025
307.499456
308.506032
309.235193
309.919864
310.673560
311.426939
312.143855
312.831429
313.547392
314.301406
315.060272
315.759456
316.487029
317.177506
317.899909
318.555873
319.277642
320.028118
320.718912
321.478095
322.208571
323.016463
323.962086
324.695465
325.626531
326.363764
327.118095
327.842766
328.576463
329.275646
329.975147
330.680454
331.440680
332.137279
332.840408
333.544762
334.218776
334.962721
335.628844
336.301497
337.062449
337.711156
338.483810
339.149932
339.931701
340.699184
341.376190
342.373333
343.398095
344.108889
344.846939
345.557823
346.217415
347.012653
347.707483
348.472245
349.211837
349.912608
350.729932
351.665986
352.375646
353.261633
353.981769
354.693605
355.462857
356.303810
357.093469
357.893810
358.645034
359.397279
360.092109
360.786939
361.515646
362.181361
363.006667
363.880816
364.701905
365.615646
366.410204
368.495238
