0.213016
0.944898
1.672245
2.334286
3.019592
3.731429
4.416735
5.050204
5.746939
6.489796
7.248571
8.045306
8.888163
9.587302
10.331020
11.005533
11.707800
12.413605
13.096508
13.790385
14.531837
15.281995
16.045034
16.882041
17.783220
18.443810
19.114694
19.851293
20.502585
21.236599
21.943628
22.575986
23.291837
24.081497
24.716735
25.405034
26.090748
26.818639
27.559592
28.222041
28.956735
29.809342
30.666531
31.429206
32.157914
32.815646
33.522540
34.245306
34.986984
35.689841
36.362540
37.083810
37.796508
38.529206
39.207619
39.885714
40.649206
41.319365
42.078730
42.969796
43.756190
44.491429
45.164444
45.837778
46.467937
47.161270
47.915238
48.600952
49.284444
50.012698
50.753651
51.416825
52.157460
52.838095
53.460000
54.140408
54.807619
55.400000
56.189524
56.870159
57.578413
58.299365
59.033333
59.877143
60.574286
61.312245
62.021224
62.713469
63.402041
64.073469
64.748980
65.472789
66.158095
66.843084
67.542585
68.264989
68.938367
69.654966
70.351247
71.064943
71.692517
72.357506
73.033787
73.744263
74.452154
75.134240
75.803719
76.623175
77.362993
78.059592
78.803946
79.474422
80.137551
80.828095
81.505850
82.181497
82.875238
83.720136
84.551701
85.423129
86.216961
86.957188
87.657415
88.397551
89.086893
89.952517
90.627347
91.387483
92.090612
92.827302
93.493741
94.157279
94.844762
95.582721
96.375102
96.988707
97.797778
98.591111
103.157143
104.606893
105.489932
106.371701
107.238594
108.005034
109.062721
110.024127
111.049660
112.069796
112.868571
113.737007
114.589660
115.397279
116.225057
117.258912
118.102721
119.034966
119.945170
120.838730
121.792834
122.612698
123.561088
124.419456
125.292653
126.284762
127.076871
127.906667
128.792245
129.600952
130.798413
132.419048
134.294966
135.400952
136.357370
137.235737
138.135692
138.816327
139.926757
140.859546
141.708707
142.792381
143.665351
144.550884
145.420227
146.338503
147.053243
148.080454
148.938730
149.935147
150.858821
151.729841
152.669796
153.486213
154.529887
155.262766
156.328299
157.210204
158.186621
158.973333
160.059048
161.000952
162.083946
163.728390
165.756712
166.754921
167.620635
168.446984
169.302857
170.291111
171.203810
172.470159
173.321587
174.183175
174.979048
175.786032
176.667619
177.700000
178.638413
179.566349
180.572063
181.529841
182.371746
183.348571
184.224444
185.039048
186.072698
186.853016
187.980317
188.891746
189.819365
190.742222
191.835238
192.862540
193.785397
194.760000
195.829524
196.893651
197.774603
198.615873
199.482857
200.395238
201.322540
202.619683
203.631111
204.442540
205.273968
206.010454
206.952063
207.904739
208.947596
209.829773
210.916508
211.838413
212.795238
213.747619
214.753333
215.589841
216.621587
217.372381
218.709206
219.520635
220.553333
221.591111
222.672948
223.771111
224.763810
225.726032
226.987302
227.938776
228.816735
229.637143
230.415918
231.124490
232.435397
233.264490
234.131429
235.188571
235.972245
236.901633
237.742857
238.271020
238.800000
239.584898
241.089388
242.327755
243.199592
243.908163
244.884762
245.641224
246.400408
247.862132
248.867755
249.895374
250.696553
251.623129
252.542766
253.436599
254.432834
255.267302
256.578549
257.707937
258.593333
259.849206
260.691429
261.620635
262.553968
263.484762
264.385397
265.899365
266.749841
267.617143
268.650159
269.513061
271.308639
272.289093
273.189388
274.163673
275.407755
276.645805
277.639184
278.986349
280.029796
281.154014
282.346077
283.802630
284.967574
287.287460
288.357551
289.182358
289.986395
290.696553
291.434467
292.115918
292.791565
293.547528
294.200272
294.973333
295.689615
296.386213
297.094422
297.784898
298.703764
299.516825
300.100862
300.751020
301.432472
302.102630
302.815374
303.505850
304.176327
304.945805
305.800726
306.543764
307.311338
308.033424
308.726485
309.476961
310.228073
310.863719
311.593560
312.427574
313.089342
313.823039
314.576417
315.238186
316.060590
316.748481
317.517007
318.400998
319.122086
319.140000
319.211429
319.765125
320.320000
320.440000
320.756871
321.140000
321.220000
321.293469
321.400000
321.400000
321.400000
321.400000
321.455510
321.640000
321.720000
321.720000
321.966032
322.435193
322.540000
322.773560
323.026939
323.703855
323.960000
324.227392
324.961406
325.660272
326.459456
327.127029
327.797506
328.559909
329.215873
329.877642
330.568118
331.198912
331.958095
332.648571
333.416463
334.222086
334.895465
335.806531
336.523764
337.258095
337.962766
338.656463
339.375646
340.075147
340.720454
341.400680
342.097279
342.860408
343.544762
344.278776
344.942721
345.648844
346.321497
347.042449
347.731156
348.363810
349.109932
349.791701
350.459184
351.096190
351.860000
352.738095
353.388889
354.106939
354.777823
355.437415
356.192653
356.867483
357.512245
358.211837
358.872608
359.669932
360.585986
361.295646
362.021633
362.761769
363.473605
364.102857
364.963810
365.673469
366.453810
367.165034
367.857279
368.532109
369.306939
369.955646
370.641361
371.286667
372.080816
372.841905
373.635646
374.470204
376.615238
