0.293016
2.044898
2.752245
3.394286
4.049796
4.731429
5.416735
6.070204
6.786939
7.499184
8.288571
9.145306
10.108163
10.827302
11.511020
12.205533
12.787800
13.493605
14.176508
14.850385
15.611837
16.301995
17.065034
18.062041
19.103220
19.843810
20.514694
21.211293
21.822585
22.496599
23.163628
23.815986
24.471837
25.261497
25.996735
26.685034
27.450748
28.138639
28.839592
29.522041
30.520408
31.449342
32.286531
32.989206
33.658957
34.335646
34.962540
35.685306
36.346984
37.009841
37.662540
38.367937
39.076508
39.816825
40.547619
41.225714
41.929206
42.579365
43.538730
44.589796
45.416190
46.131429
46.804444
47.497778
48.147937
48.841270
49.655238
50.340952
51.164444
51.852698
52.538413
53.216825
53.877460
54.598095
55.273061
55.920408
56.587619
57.291111
57.909524
58.550159
59.218413
60.589206
61.533333
62.257143
63.048571
63.792245
64.461224
65.133469
65.822041
66.513469
67.188980
67.912789
68.618095
69.383084
70.020000
70.704989
71.378367
72.034966
72.691247
73.344943
73.992517
74.677506
75.333787
76.004263
76.692154
77.474240
78.351156
79.463175
80.282993
80.979592
81.663946
82.334422
82.998776
83.668095
84.351701
85.001497
85.675238
86.360136
87.151701
88.123129
88.936961
89.777188
90.697415
91.617551
92.766893
93.512517
94.387347
95.227483
95.930612
96.687302
97.333741
98.017279
98.664762
99.282721
100.015102
100.740000
101.477778
102.251111
106.477143
108.846893
109.869932
110.811701
111.878594
112.765034
114.128163
115.164127
116.399320
117.509796
118.642857
119.977007
121.289660
122.397279
123.565057
124.858912
126.241361
127.274966
128.315510
129.358730
130.592834
131.632698
132.941088
134.059456
135.272653
136.812381
137.616871
138.686667
139.692245
140.940952
142.158413
143.839048
145.614966
146.980952
148.134739
149.175737
150.395692
151.136327
152.526757
153.539546
154.753197
156.272381
157.185351
158.290884
159.400227
160.478503
161.739456
162.980454
164.023492
165.235147
166.218821
167.269841
168.389796
169.506213
170.629887
171.762766
172.988299
174.430068
175.146621
176.160000
177.479048
178.555238
179.763946
181.028390
182.636712
184.274921
185.640635
186.786984
187.762857
189.011111
190.399048
191.790159
192.821587
194.203175
195.099048
196.506032
197.602540
198.820000
200.038413
201.166349
202.813016
203.778730
205.191746
206.847619
207.764444
208.821270
210.252698
210.984127
212.600317
213.602222
214.858095
216.162222
217.430476
218.742540
220.345397
221.340000
222.756508
224.133651
224.994603
226.295873
227.302857
228.395238
229.582540
230.938413
232.135556
233.322540
234.253968
235.550454
236.752063
238.024739
239.450385
240.789773
242.096508
243.078413
244.531429
245.621270
247.033333
248.189841
249.781587
250.712381
252.229206
253.460635
254.813333
256.542222
257.792948
259.871111
260.823810
262.026032
263.767302
264.838776
265.956735
267.077143
268.255510
269.244490
270.696984
271.524490
272.677143
273.988571
274.872245
276.321633
277.222857
278.311020
279.393878
280.624898
281.517551
282.966939
283.979592
284.868163
285.864762
286.961224
287.962268
289.146395
290.147755
291.448844
292.346213
293.343129
294.402766
295.456599
296.772834
297.947302
299.498549
300.987937
302.273333
303.589206
304.571429
305.601270
307.033968
308.483810
309.525397
310.899365
312.294921
313.417143
314.330159
316.033061
316.908639
319.149093
319.983265
320.963673
322.177959
323.285805
324.859184
326.586349
327.718776
329.424218
330.786077
332.342630
333.907574
335.027460
336.097551
338.602358
339.392789
340.116553
340.874467
341.735918
342.531565
343.367528
344.060272
344.853333
345.549615
346.206213
346.914422
347.664898
348.423764
349.076825
349.780862
350.431020
351.072472
351.742630
352.435374
353.125850
353.816327
354.665805
355.600726
356.300000
356.891338
357.573424
358.226485
358.936961
359.648073
360.343719
361.053560
361.802721
362.509342
363.244308
363.976417
364.678186
365.421769
366.168481
366.977007
367.960998
368.882086
369.572562
370.231429
370.885125
371.535283
372.234785
372.936871
373.598322
374.256871
375.053469
375.729751
376.488934
377.219728
377.890204
378.715510
379.472109
380.309025
381.259456
382.366032
383.135193
383.699864
384.373560
385.046939
386.103855
386.771429
387.427392
388.101406
388.760272
389.439456
390.087029
390.817506
391.599909
392.215873
392.857642
393.528118
394.198912
394.878095
395.548571
396.469388
397.202086
398.095465
399.286531
400.283764
401.018095
401.702766
402.396463
403.075646
403.775147
404.500454
405.200680
405.897279
406.660408
407.304762
408.018776
408.642721
409.308844
410.001497
410.702449
411.371156
412.023810
412.669932
413.351701
414.119184
414.836190
415.773333
416.858095
417.688889
418.386939
419.117823
419.777415
420.472653
421.127483
421.796735
422.471837
423.132608
423.920000
424.665986
425.395646
426.321633
427.061769
427.793605
428.622857
429.706667
430.733469
431.573810
432.405034
433.077279
433.752109
434.446939
435.095646
435.640000
436.306667
437.080816
437.781905
438.575646
439.270204
441.335238
