0.873016
1.644898
2.384490
3.014286
3.709796
4.471429
5.196735
5.870204
6.866939
7.529796
8.348571
9.205306
10.008163
10.747302
11.511020
12.165533
12.927800
13.673605
14.396508
15.130385
15.891837
16.821995
17.805034
18.642041
19.463220
20.203810
20.874694
21.611293
22.262585
22.976599
23.703628
24.335986
25.075510
25.821497
26.476735
27.185034
27.870748
28.558639
29.399592
30.222041
31.036735
31.889342
32.766531
33.469206
34.118957
34.855646
35.502540
36.205306
36.906984
37.669841
38.322540
39.027937
39.716508
40.389206
41.087619
41.785714
42.518413
43.179365
44.078730
45.029796
45.856190
46.631429
47.284444
47.977778
48.547937
49.281270
50.015238
50.680952
51.364444
52.072698
52.718413
53.356825
54.037460
54.718095
55.413061
56.060408
56.727619
57.431111
58.049524
58.750159
59.438413
60.159365
60.913333
61.797143
62.574286
63.352245
64.021224
64.653469
65.362041
66.013469
66.688980
67.352789
68.038095
68.663084
69.322585
69.984989
70.618367
71.254966
71.931247
72.564943
73.172517
73.877506
74.513787
75.184263
75.852154
76.534240
77.303719
78.123175
78.822993
79.499592
80.223946
80.874422
81.598776
82.248095
82.945850
83.624490
84.355238
85.240136
86.031701
87.243129
88.256961
89.077188
89.797415
90.840408
91.666893
92.412517
93.127347
93.927483
94.670612
95.387302
96.073741
96.837279
97.544762
98.242721
99.035102
99.768707
100.577778
101.371111
105.017143
105.846893
106.589932
107.291701
108.038594
108.725034
109.662721
110.464127
111.289660
112.129796
112.794286
113.557007
114.309660
115.117279
115.885057
116.618912
117.421361
118.234966
119.045170
119.798730
120.532834
121.232698
122.021088
122.799456
123.652653
124.412381
125.176871
125.926667
126.772245
127.580952
128.398413
129.539048
130.674966
131.460952
132.217370
132.935737
133.755692
134.396327
135.266757
136.059546
136.868707
137.752381
138.385351
139.170884
139.960227
140.718503
141.433243
142.260454
142.998730
143.875147
144.598821
145.349841
146.109796
146.886213
147.629887
148.442766
149.208299
150.050068
150.746621
151.546667
152.439048
153.235238
154.203946
155.268390
156.396712
157.354921
158.060635
158.846984
159.602857
160.451111
161.315238
162.110159
162.841587
163.763175
164.499048
165.286032
166.082540
166.880000
167.638413
168.466349
169.213016
170.049841
170.811746
171.556190
172.424444
173.221270
173.952698
174.784127
175.520317
176.251746
177.139365
177.962222
178.775238
179.522540
180.325397
181.220000
182.136508
183.013651
183.714603
184.515873
185.262857
186.035238
186.822540
187.699683
188.551111
189.302540
190.073968
190.810454
191.612063
192.364739
193.207596
194.009773
194.756508
195.518413
196.375238
197.081270
198.013333
198.749841
199.541587
200.312381
201.089206
201.820635
202.653333
203.531111
204.292948
205.091111
205.883810
206.786032
207.867302
208.738776
209.556735
210.377143
211.275918
212.024490
213.095397
213.944490
214.737143
215.628571
216.432245
217.341633
218.182857
218.971020
219.884490
220.704898
221.569388
222.426939
223.259592
223.968163
224.904762
225.721224
226.582268
227.502132
228.407755
229.208844
229.996553
230.843129
231.662766
232.576599
233.472834
234.547302
235.498549
236.447937
237.433333
238.309206
239.174286
239.980635
240.913968
241.784762
242.845397
243.579365
244.534921
245.337143
246.190159
246.993061
248.057279
249.049093
249.803265
250.583673
251.395102
252.225805
253.238367
254.066349
254.949796
255.814014
256.786077
257.802630
258.667574
259.627460
260.757551
261.702358
262.386395
263.316553
263.914467
264.655918
265.371565
266.127528
266.880272
267.633333
268.409615
269.166213
269.954422
270.704898
271.423764
272.076825
272.840862
273.571020
274.212472
274.962630
275.715374
276.405850
277.296327
278.085805
278.980726
279.723764
280.411338
281.093424
281.806485
282.496961
283.248073
283.903719
284.593560
285.387574
286.049342
286.843039
287.536417
288.238186
289.080590
289.768481
290.697007
291.520998
292.322086
293.132562
293.811429
294.525125
295.195283
295.934785
296.707483
297.358322
298.096871
298.893469
299.549751
300.288934
300.999728
301.750204
302.535510
303.232109
304.089025
304.979456
305.786032
306.555193
307.219864
307.973560
308.646939
309.403855
310.071429
310.727392
311.481406
312.160272
312.859456
313.487029
314.157506
314.899909
315.555873
316.237642
316.968118
317.618912
318.298095
319.008571
319.736463
320.482086
321.235465
322.126531
322.963764
323.698095
324.382766
325.076463
325.755646
326.455147
327.160454
327.860680
328.557279
329.260408
329.944762
330.638776
331.302721
331.988844
332.681497
333.402449
334.031156
334.703810
335.349932
336.031701
336.719184
337.376190
338.153333
339.098095
339.868889
340.566939
341.333469
341.997415
342.692653
343.387483
344.152245
344.851837
345.572608
346.389932
347.365986
348.655646
349.561633
350.481769
351.261633
352.062857
352.903810
353.893469
354.873810
355.665034
356.417279
357.112109
357.893878
358.615646
359.301361
359.946667
360.760816
361.541905
362.395646
363.190204
365.755238
