0.413016
1.304898
2.072245
2.734286
3.389796
4.051429
4.716735
5.410204
6.166939
6.889796
7.628571
8.425306
9.108163
10.027302
10.751020
11.425533
12.087800
12.793605
13.456508
14.130385
14.891837
15.641995
16.445034
17.282041
18.163220
18.903810
19.574694
20.311293
20.922585
21.636599
22.343628
23.015986
23.651837
24.401497
25.056735
25.725034
26.390748
27.098639
27.859184
28.622041
29.393469
30.289342
31.206531
31.929206
32.636871
33.355646
34.002540
34.685306
35.366984
36.029841
36.762540
37.447937
38.116508
38.789206
39.507619
40.205714
41.009206
41.878730
42.678730
43.589796
44.492381
45.251429
45.884444
46.557778
47.147937
47.801270
48.535238
49.220952
49.884444
50.552698
51.238413
51.936825
52.597460
53.258095
53.953061
54.600000
55.247619
55.911111
56.580000
57.250159
57.918413
58.619365
59.373333
60.257143
60.994286
61.732245
62.381224
63.073469
63.782041
64.393469
65.008980
65.692789
66.398095
67.083084
67.762585
68.464989
69.138367
69.874966
70.471247
71.104943
71.712517
72.357506
73.053787
73.744263
74.392154
75.034240
75.823719
76.723175
77.522993
78.179592
78.923946
79.554422
80.278776
80.948095
81.605850
82.241497
82.940000
83.800136
84.631701
85.419456
86.496961
87.317188
88.037415
89.015102
89.766893
90.692517
91.427347
92.187483
92.870612
93.507302
94.193741
94.820000
95.524762
96.202721
96.995102
97.728707
98.537778
99.331111
103.860000
105.086893
105.969932
106.811701
107.758594
108.565034
109.622721
110.624127
111.549660
112.809796
113.494286
114.637007
115.529660
116.397279
117.185057
118.278912
119.241361
120.354966
121.185170
122.078730
123.192834
123.932698
124.961088
125.679456
126.970612
128.121905
128.896871
129.906667
130.912245
131.720952
132.898413
134.319048
136.034966
136.920952
137.977370
138.855737
139.895692
140.628980
141.506757
142.619546
143.488707
144.772381
145.525351
146.570884
147.620227
148.378503
149.213243
150.340454
151.238730
152.375147
153.218821
154.149841
155.229796
156.106213
157.009887
158.108299
159.128299
160.090068
160.906621
161.806667
162.879048
164.055238
165.023946
166.468390
168.156712
169.114921
170.100635
170.846984
171.662857
172.611111
173.523810
174.390159
175.281587
176.123175
176.899048
177.846032
178.622540
179.560000
180.358413
181.426349
182.193016
182.949841
183.971746
184.798095
185.604444
186.505079
187.412698
188.144127
189.080317
189.891746
190.839365
191.726667
192.655238
193.502540
194.425397
195.420000
196.396508
197.353651
198.054603
199.015873
199.882857
200.695238
201.562540
202.699365
203.511111
204.382540
205.113968
205.850454
206.692063
207.584739
208.487596
209.269773
210.236508
211.018413
212.116190
212.961270
213.733333
214.729841
215.541587
216.424762
217.309206
218.300635
219.133333
220.011111
220.992948
221.951111
222.863810
223.886032
225.067302
225.958776
226.816735
227.637143
228.495918
229.233469
230.375397
231.184490
231.957143
232.888571
233.792245
234.721633
235.622857
236.391020
237.304490
238.284898
239.169388
240.126939
241.019592
241.888163
242.864762
243.722449
244.722268
245.802132
246.866531
247.848844
248.676553
249.563129
250.562766
251.536599
252.472834
253.847302
254.678549
255.987937
257.273333
258.129206
258.911429
259.740635
260.767937
261.784762
262.705397
263.439365
264.254921
265.037143
265.850159
266.273061
267.148639
267.989093
268.743265
271.823673
272.797551
273.765805
275.139184
276.425397
277.489796
278.614014
279.866077
280.922630
282.007574
283.207460
284.492653
285.522358
286.246395
287.116553
287.714467
288.395918
289.171565
289.827528
290.480272
291.133333
291.809615
292.446213
293.094422
293.784898
294.563764
295.236825
295.860862
296.511020
297.152472
297.802630
298.515374
299.205850
299.976327
300.665805
301.620726
302.323764
303.011338
303.733424
304.386485
305.056961
305.768073
306.403719
306.813560
306.820000
306.820000
306.820000
306.820000
306.820000
306.820000
306.840000
306.840000
306.840000
306.860000
306.892562
307.071429
307.140000
307.335283
307.654785
307.956871
308.060000
308.460000
308.460000
308.620000
309.168934
309.819728
310.510204
311.275510
311.972109
312.929025
313.839456
314.626032
315.430385
316.099864
316.753560
317.426939
318.143855
318.811429
319.467392
320.381406
321.040272
321.719456
322.427029
323.097506
323.839909
324.495873
325.157642
325.868118
326.258912
326.938095
327.888571
328.576463
329.302086
329.995465
330.866531
331.583764
332.298095
332.962766
333.616463
334.295646
334.915147
335.620454
336.320680
337.017279
337.720408
338.364762
339.078776
339.750884
340.468844
341.121497
341.822449
342.431156
343.023810
343.749932
344.431701
345.099184
345.736190
346.513333
347.418095
348.228889
348.886939
349.537823
350.177415
350.832653
351.507483
352.132245
352.791837
353.432608
354.249932
355.145986
356.075646
356.961633
357.901769
358.627211
359.642857
360.743810
361.453469
362.513810
363.225034
363.897279
364.572109
365.246939
365.875646
366.561361
367.266667
368.080816
368.861905
369.615646
370.410204
372.515238
