0.153016
0.984898
1.632245
2.254286
2.869796
3.511429
4.316735
4.770204
5.486939
6.169796
6.888571
7.685306
8.428163
9.187302
9.791020
10.465533
11.067800
11.713605
12.396508
13.010385
13.731837
14.421995
15.165034
16.002041
16.803220
17.503810
18.114694
18.811293
19.422585
20.136599
20.763628
21.255986
22.011837
22.741497
23.396735
24.065034
24.770748
25.498639
26.199592
26.882041
27.556735
28.429342
29.326531
29.989206
30.618957
31.255646
31.902540
32.565306
33.246984
33.909841
34.562540
35.267937
35.936508
36.589206
37.347619
38.045714
38.809206
39.459365
40.218730
41.109796
41.896190
42.651429
43.404444
44.097778
44.707937
45.221270
45.975238
46.680952
47.484444
48.172698
48.758413
49.456825
50.077460
50.758095
51.473061
52.160408
52.815238
53.531111
54.209524
54.850159
55.518413
56.219365
56.933333
57.637143
58.414286
59.212245
59.861224
60.553469
61.262041
61.873469
62.588980
63.312789
63.958095
64.523084
65.182585
65.824989
66.498367
67.194966
67.811247
68.484943
69.152517
69.817506
70.433787
71.108526
71.812154
72.314240
73.103719
73.923175
74.542993
75.259592
75.903946
76.534422
77.178776
77.828095
78.445850
79.001497
79.640000
80.420136
81.151701
81.983129
82.796961
83.517188
84.217415
85.497551
86.306893
87.052517
87.747347
88.587483
89.290612
90.007302
90.733741
91.357279
92.004762
92.742721
93.535102
94.288707
95.097778
96.411111
100.597143
101.546893
102.249932
102.971701
103.818594
104.545034
105.402721
106.244127
107.129660
108.089796
108.754286
109.579048
110.249660
111.057279
111.805057
112.558912
113.341361
114.134966
114.925170
115.678730
116.512834
117.232698
118.021088
118.739456
119.572653
120.332381
120.996871
121.726667
122.512245
123.406667
124.518413
126.079048
127.714966
128.480952
129.257370
130.015737
130.855692
131.536327
132.386757
133.179546
134.029660
135.092381
135.785351
136.550884
137.360227
138.118503
138.913243
139.740454
140.378730
141.275147
142.058821
142.889841
143.729796
144.506213
145.289887
146.022766
146.928299
147.770068
148.406621
149.086667
149.999048
150.935238
152.143946
153.768390
155.436712
156.394921
157.100635
157.866984
158.682857
159.511111
160.403810
161.210159
162.081587
162.863175
163.579048
164.466032
165.262540
166.220000
167.078413
168.146349
168.953016
169.769841
170.531746
171.338095
172.304444
173.141270
174.032698
174.824127
175.720317
176.631746
177.519365
178.342222
179.355238
180.242540
181.285397
182.240000
183.256508
184.193651
184.894603
185.675873
186.542857
187.335238
188.182540
189.139683
189.871111
190.722540
191.513968
192.330454
193.152063
194.044739
195.047596
195.829773
196.856508
197.618413
198.395238
198.761270
200.233333
200.969841
201.941587
202.812381
203.689206
204.440635
205.233333
206.271111
207.192948
208.311111
209.083810
210.146032
211.187302
212.038776
212.756735
213.517143
214.335918
215.104490
216.075397
216.884490
217.557143
218.448571
219.152245
220.043265
220.862857
221.631020
222.524490
223.304898
224.029388
224.906939
225.739592
226.548163
227.424762
228.181224
229.002268
229.982132
230.811020
231.648844
232.476553
233.223129
234.122766
234.996599
235.872834
236.867302
237.638549
238.527937
239.533333
240.389206
241.271429
242.020635
242.953968
243.784762
244.625397
245.399365
246.334921
247.177143
248.070159
249.113061
249.988639
250.989093
251.823265
252.683673
253.457551
254.325805
255.239184
256.126349
256.929796
257.874014
258.746077
259.622630
260.487574
261.427460
262.477551
263.302358
264.026395
264.676553
265.254467
265.855918
266.491565
267.147528
267.840272
268.513333
269.189615
269.886213
270.574422
271.244898
271.923764
272.576825
273.180862
273.831020
274.140000
274.440000
274.440000
274.665850
274.976327
275.205805
275.960000
276.260000
276.340000
276.340000
276.380000
276.420000
276.420000
276.460000
276.553560
276.887574
276.940000
277.000000
277.040000
277.040000
277.080590
277.140000
277.380000
278.160998
278.942086
279.552562
280.191429
280.865125
281.475283
282.174785
282.816871
283.458322
284.096871
284.833469
285.469751
286.148934
286.839728
287.510204
288.215510
288.912109
289.649025
290.419456
291.306032
291.995193
292.659864
293.353560
294.026939
294.743855
295.351429
296.007392
296.741406
297.400272
298.059456
298.767029
299.377506
300.099909
300.755873
301.417642
302.108118
302.798912
303.418095
304.088571
304.736463
305.522086
305.995465
306.886531
307.643764
308.398095
309.062766
309.756463
310.395646
311.015147
311.720454
312.380680
312.997279
313.680408
314.324762
315.038776
315.662721
316.328844
316.981497
317.662449
318.311156
318.983810
319.609932
320.271701
320.979184
321.536190
322.293333
323.158095
323.808889
324.506939
325.137823
325.737415
326.432653
327.027483
327.652245
328.291837
328.920000
329.569932
330.445986
331.195646
332.081633
332.901769
333.693605
334.442857
335.423810
336.253469
337.053810
337.925034
338.617279
339.352109
340.106939
340.755646
341.420000
342.066667
342.840816
343.641905
344.375646
345.170204
347.515238
