0.633016
1.704898
2.372245
3.034286
3.689796
4.371429
5.016735
5.710204
6.386939
7.109796
7.808571
8.605306
9.488163
10.167302
10.871020
11.565533
12.187800
12.913605
13.556508
14.230385
14.971837
15.621995
16.385034
17.222041
18.103220
18.823810
19.474694
20.151293
20.782585
21.476599
22.143628
22.875986
23.531837
24.321497
24.956735
25.645034
26.270748
27.018639
27.719592
28.422041
29.156735
30.109342
30.906531
31.609206
32.278957
32.955646
33.602540
34.325306
35.006984
35.729841
36.402540
37.107937
37.776508
38.469206
39.147619
39.845714
40.549206
41.199365
42.018730
42.969796
43.756190
44.491429
45.164444
45.877778
46.527937
47.141270
47.535238
48.100952
48.864444
49.632698
50.638413
51.276825
51.937460
52.618095
53.253061
53.940408
54.607619
55.311111
55.929524
56.610159
57.298413
57.999365
58.733333
59.697143
60.554286
61.272245
61.921224
62.593469
63.302041
63.973469
64.620000
65.332789
65.958095
66.643084
67.342585
68.024989
68.698367
69.394966
70.031247
70.724943
71.392517
72.057506
72.693787
73.344263
74.052154
74.734240
75.643719
76.523175
77.302993
77.979592
78.663946
79.334422
79.978776
80.708095
81.385850
82.021497
82.735238
83.520136
84.351701
85.183129
85.976961
86.737188
87.537415
88.497551
89.386893
90.212517
91.027347
91.867483
92.610612
93.314603
93.953741
94.637279
95.344762
96.182721
97.055102
97.788707
98.597778
99.551111
104.037143
105.086893
105.829932
106.471701
107.318594
108.045034
108.942721
109.764127
110.529660
111.389796
112.094286
112.897007
113.749660
114.557279
115.305057
116.078912
117.001361
117.814966
118.665170
119.418730
120.312834
121.072698
121.921088
122.739456
123.532653
124.312381
125.136871
125.940000
126.772245
127.580952
128.538413
129.739048
131.194966
132.080952
132.877370
133.535737
134.435692
135.116327
136.046757
136.819546
137.588707
138.412381
139.165351
139.970884
140.860227
141.618503
142.353243
143.180454
143.978730
144.895147
145.698821
146.549841
147.409796
148.186213
148.989887
149.802766
150.668299
151.530068
152.233243
153.026667
154.059048
154.855238
155.823946
157.148390
158.616712
159.594921
160.300635
161.053968
161.862857
162.771111
163.563810
164.390159
165.201587
166.003175
166.719048
167.546032
168.362540
169.180000
170.058413
170.626349
171.913016
172.749841
173.511746
174.358095
175.224444
176.141270
177.012698
177.804127
178.840317
179.771746
180.679365
181.562222
182.535238
183.342540
184.205397
185.160000
186.076508
186.953651
187.754603
188.495873
189.282857
190.115238
191.002540
191.839683
192.591111
193.462540
194.213968
195.010454
195.864127
196.664739
197.647596
198.429773
199.456508
200.238413
201.251429
202.001270
202.893333
203.789841
204.741587
205.492381
206.509206
207.280635
208.333333
209.371111
210.252948
211.071111
212.003810
212.926032
214.027302
215.078776
215.776735
216.557143
217.395918
218.164490
219.115397
219.904490
220.757143
221.528571
222.272245
223.161633
223.902857
224.631020
225.424490
226.244898
227.069388
227.946939
228.897143
229.608163
230.464762
231.221224
232.042268
233.002132
233.847755
234.648844
235.476553
236.343129
237.182766
237.996599
239.092834
240.047302
240.898549
242.047937
243.013333
243.709206
244.491429
245.240635
246.253968
247.364762
248.205397
249.099365
250.034921
250.957143
251.910159
252.913061
253.888639
254.809093
255.803265
256.583673
257.537551
258.325805
259.399184
260.206349
261.289796
262.094014
263.016463
263.962630
264.907574
265.847460
267.077551
267.802358
268.526395
269.196553
269.914467
270.555918
271.251565
271.967528
272.660272
273.333333
274.149615
274.846213
275.574422
276.364898
277.103764
277.856825
278.480862
279.131020
279.852472
280.502630
280.740000
281.185850
281.360000
281.440000
281.740000
281.740000
281.740000
281.740000
281.746485
281.760000
281.760000
281.760000
281.853560
282.180000
282.209342
282.220000
282.220000
282.220000
282.540000
282.540000
282.820000
283.600998
284.444172
285.132562
285.791429
286.445125
287.095283
287.794785
288.476871
289.118322
289.836871
290.553469
291.229751
291.928934
292.559728
293.230204
293.935510
294.632109
295.329025
296.299456
297.106032
297.795193
298.459864
299.153560
299.826939
300.543855
301.111429
301.747392
302.461406
303.100272
303.759456
304.387029
305.057506
305.759909
306.395873
307.057642
307.748118
308.318912
308.998095
309.668571
310.376463
311.102086
311.795465
312.766531
313.563764
314.258095
314.922766
315.616463
316.295646
316.980000
317.660454
318.300680
318.997279
319.680408
320.324762
321.038776
321.662721
322.328844
323.001497
323.682449
324.311156
324.983810
325.609932
326.271701
326.959184
327.636190
328.413333
329.438095
330.268889
330.966939
331.637823
332.237415
332.992653
333.707483
334.352245
335.011837
335.692608
336.509932
337.425986
338.215646
339.101633
339.841769
340.573605
341.362857
342.183810
342.933469
343.993810
344.705034
345.417279
346.092109
346.846939
347.615646
348.301361
349.046667
349.920816
350.721905
351.535646
352.330204
354.475238
