0.198095
1.004898
1.692245
2.314286
2.949796
3.671429
4.256735
4.850204
5.566939
6.229796
7.128571
8.125306
8.928163
9.687302
10.331020
10.965533
11.615601
12.293605
12.936508
13.640771
14.291837
15.041995
15.985034
16.862041
17.623220
18.423810
19.094694
19.791293
20.502585
21.196599
21.843628
22.435986
23.211837
23.921497
24.576735
25.245034
25.950748
26.638639
27.379592
28.062041
28.816735
29.709342
30.506531
31.209206
31.938957
32.595646
33.242540
33.905306
34.646984
35.309841
36.062540
36.747937
37.476508
38.109206
38.887619
39.565714
40.289206
40.939365
41.798730
42.749796
43.536190
44.351429
44.964444
45.617778
46.267937
47.021270
47.835238
48.500000
49.268889
49.912698
50.578413
51.256825
51.937460
52.658095
53.353061
54.040408
54.727619
55.431111
56.089524
56.770159
57.458413
58.199365
58.933333
59.857143
60.734286
61.592245
62.281224
62.973469
63.682041
64.393469
65.088980
65.792789
66.498095
67.183084
67.882585
68.564989
69.238367
69.954966
70.631247
71.324943
72.012517
72.717506
73.433787
74.144263
74.832154
75.474240
76.363719
77.343175
78.342993
79.019592
79.663946
80.314422
80.958776
81.668095
82.345850
82.961497
83.735238
84.600136
85.491701
86.283129
87.276961
88.117188
88.917415
89.717551
90.566893
91.372517
92.087347
92.927483
93.550612
94.254603
94.953741
95.677279
96.364762
97.002721
97.795102
98.528707
99.377778
100.151111
104.448571
105.466893
106.229932
106.991701
107.780000
108.445034
109.442721
110.284127
111.069660
112.029796
112.674286
113.537007
114.349660
115.157279
116.005057
116.778912
117.581361
118.434966
119.285170
120.058730
120.932834
121.672698
122.541088
123.219456
124.172653
125.052381
125.796871
126.686667
127.572245
128.580952
129.558413
131.299048
133.074966
134.060952
134.917370
135.675737
136.495692
137.216327
138.146757
138.899546
139.628707
140.712381
141.345351
142.210884
143.020680
143.818503
144.533243
145.340454
146.078730
147.035147
147.818821
148.689841
149.489796
150.246213
151.089887
151.822766
152.728299
153.590068
154.313107
155.146667
156.139048
157.096190
158.083946
159.928390
161.616712
162.614921
163.400635
164.166984
164.902857
165.751111
166.623810
167.390159
168.401587
169.023175
169.759048
170.526032
171.342540
172.200000
172.978413
173.766349
174.513016
175.269841
176.111746
176.876190
177.644444
178.481270
179.292698
180.044127
180.780317
181.555238
182.459365
183.262222
184.275238
185.062540
185.925397
186.780000
187.956508
188.833651
189.514603
190.335873
191.102857
191.895238
192.742540
193.519683
194.291111
195.062540
195.973968
196.670454
197.472063
198.184739
199.107596
199.869773
200.596508
201.418413
202.235238
202.961270
203.733333
204.569841
205.341587
206.192381
206.949206
207.680635
208.573333
209.471111
210.412948
211.291111
212.103810
212.986032
214.167302
214.958776
215.676735
216.457143
217.255918
217.964490
218.915397
219.784490
220.517143
221.448571
222.192245
223.101633
223.902857
224.691020
225.544490
226.404898
227.149388
228.006939
228.859592
229.608163
230.524762
231.281224
232.102268
232.962132
233.807755
234.608844
235.396553
236.183129
237.051066
237.936599
238.832834
239.707302
240.658549
241.487937
242.453333
243.389206
244.191429
244.940635
245.813968
246.784762
247.605397
248.379365
249.214921
250.457143
251.310159
252.513061
253.388639
254.440023
255.763265
256.654694
257.677551
258.805805
260.359184
261.598095
262.788571
264.064082
265.098231
266.102630
267.167574
268.107460
269.177551
269.942358
270.626395
271.316553
271.994467
272.655918
273.371565
274.067528
274.780272
275.413333
276.229615
276.926213
277.634422
278.404898
279.063764
279.696825
280.340862
281.071020
281.712472
282.362630
282.435374
282.680000
282.876327
283.125805
283.500726
283.520000
283.751338
283.780000
283.800000
283.800000
283.800000
283.800000
283.800000
283.807574
283.869342
283.920000
284.240000
284.240000
284.580000
284.580000
284.997007
285.480998
286.302086
287.172562
287.851429
288.525125
289.255283
289.974785
290.636871
291.278322
292.096871
292.853469
293.549751
294.248934
294.999728
295.690204
296.395510
297.172109
297.969025
298.819456
299.746032
300.535193
301.139864
301.733560
302.406939
303.323855
303.971429
304.667392
305.541406
306.200272
306.879456
307.547029
308.237506
308.999909
309.715873
310.377642
311.208118
311.898912
312.478095
313.148571
313.896463
314.782086
315.455465
316.426531
317.347528
318.118095
318.822766
319.576463
320.295646
320.995147
321.740454
322.460680
323.177279
323.980408
324.624762
325.338776
326.042721
326.708844
327.441497
328.202449
328.851156
329.523810
330.269932
330.991701
331.699184
332.356190
333.333333
334.398095
335.308889
336.006939
336.657823
337.297415
337.972653
338.667483
339.312245
339.991837
340.772608
341.589932
342.625986
343.355646
344.381633
345.301769
346.013605
346.742857
347.603810
348.353469
349.273810
349.985034
350.637279
351.372109
352.066939
352.715646
353.401361
354.106667
354.860816
355.621905
356.455646
357.310204
359.455238
