0.112509
3.088707
5.343764
7.378954
10.517642
12.709751
14.750321
16.911701
18.988707
20.825079
22.783175
24.814830
27.098730
28.978095
30.429932
32.308254
34.463265
36.583810
38.676508
40.759238
43.000317
45.232698
46.993651
49.021270
50.723492
52.997460
55.130476
56.718095
58.422222
60.710204
62.605034
64.817370
66.877506
70.469887
72.530159
75.014422
77.345941
79.491837
81.509070
83.626961
85.574059
87.403968
89.671882
91.683220
93.605624
95.259184
96.652925
98.205714
99.585896
101.133968
102.785850
104.085170
105.582630
106.996508
108.381361
109.931565
111.488571
113.045578
114.549660
116.562993
118.532154
120.466893
122.626757
124.390249
126.304898
128.145215
130.049070
132.030476
132.939955
133.658322
134.345805
135.031519
135.706349
136.433832
137.270431
138.032426
138.776281
139.556508
140.276735
140.984218
141.860408
142.685624
143.377483
144.034331
144.743673
145.524717
146.287846
147.040113
147.758685
148.533923
149.457551
150.050476
150.876327
151.746485
152.550930
153.368073
154.473709
155.299093
156.127982
157.125624
157.956372
158.394467
159.595374
160.480635
161.362449
162.265850
162.995102
163.530358
164.360680
165.159592
165.909977
167.327817
169.658912
171.232109
173.533163
175.599864
177.538503
179.795918
181.079184
183.741331
185.776327
187.697561
190.903673
196.408435
202.212063
203.005215
203.840499
204.713197
205.540091
206.336644
207.164943
207.960000
208.752381
209.601361
211.094422
212.218367
213.904444
215.214603
216.855034
217.968571
219.799365
221.102494
222.097460
223.092517
223.889932
224.622993
225.475238
226.100408
226.760726
227.385714
228.084898
228.760227
229.461769
230.239320
231.029932
231.858776
232.700000
233.422721
234.275102
235.019864
235.978367
238.042041
243.983537
247.328435
249.802177
253.090884
255.680317
257.929138
260.053424
262.020136
265.587347
270.955238
276.804444
278.624444
280.244127
282.017143
283.496190
285.125079
286.623696
287.989569
289.345397
290.126984
290.903492
291.738912
292.694671
293.304762
294.100952
294.788571
295.701633
296.337143
297.119048
297.925079
298.684580
299.267937
300.034603
300.745397
301.381905
302.382540
303.135556
303.756825
304.479048
305.101270
305.831565
306.454286
307.081361
307.725714
308.357007
309.066984
309.712063
311.860635
315.273605
317.209252
321.759728
325.264626
327.499683
329.642857
332.018413
334.751837
337.288844
