0.760136
3.448707
5.863764
7.985351
10.557642
12.669751
14.878138
17.211701
19.700952
22.065079
24.223175
26.727415
29.218730
31.638095
34.129932
36.728254
40.183265
42.303810
44.876508
47.256190
50.100317
52.472698
54.653651
57.161270
59.623492
62.257460
64.990476
66.918095
69.871111
72.250204
74.445034
77.217370
79.497506
83.009887
85.510159
88.254422
90.825941
93.039320
95.669070
98.186961
100.594059
103.043968
105.951882
108.043220
111.025624
112.519184
113.812925
115.208571
116.597687
118.053968
119.505850
120.905170
122.482630
123.876508
125.321361
126.791565
128.168571
129.545578
130.989660
132.805374
134.712154
136.386893
138.658345
140.630249
142.784898
144.752608
146.669070
148.855238
149.799955
150.438322
151.145805
151.891519
152.626349
153.353832
154.090431
154.852426
155.556281
156.276508
157.216735
157.924218
158.686939
159.422812
160.237483
160.894331
161.583673
162.344717
163.027846
163.920113
164.624671
165.353923
166.157551
166.870476
167.656327
168.426485
169.230930
169.751602
170.835964
171.719093
172.467982
173.165624
173.984093
174.754467
175.719486
176.500635
177.302449
178.205850
179.195102
179.851791
180.740680
181.719592
182.429977
184.225986
186.878912
189.092109
191.592653
194.199864
197.018503
199.635918
201.839184
204.818639
207.116327
209.791701
213.483673
218.468435
224.752063
225.505215
226.240499
226.973197
227.660091
228.396644
229.144943
229.880000
230.652381
231.400680
232.354422
233.478367
234.904444
235.994603
237.575034
238.788571
240.139683
241.502494
242.517460
243.792517
244.649932
245.522993
246.295238
246.980408
247.722177
248.425714
249.104898
249.820227
250.660295
251.279320
251.929932
252.638776
253.320000
253.982721
254.535102
255.379728
256.898367
258.782041
263.823537
269.508435
272.302177
275.770884
278.340317
281.329138
283.953424
286.360136
291.487347
298.775238
306.544444
308.024444
309.524127
310.928571
312.396190
313.865079
315.283696
316.669569
318.045397
318.726984
319.463492
320.172381
321.214671
321.824762
322.500952
323.188571
324.381633
325.048571
325.779048
326.485079
327.344580
328.147937
328.874603
329.545397
330.141905
331.422540
332.235556
332.996825
333.839048
334.621270
335.391565
336.234286
337.081361
337.825714
338.717007
339.620952
340.472063
343.320635
346.413605
349.289252
353.209459
357.344626
360.159683
362.722857
365.758413
369.091837
372.028844
