0.920136
3.928707
6.763764
9.185351
12.697642
14.809751
17.591575
20.171701
23.040952
25.525079
27.803175
30.114830
32.538730
34.658095
37.169932
39.308254
42.003265
44.243810
46.371302
48.496190
50.440159
52.892698
55.173651
57.641270
60.023492
62.677460
64.970476
67.558095
70.562222
72.750204
74.858849
77.235474
78.937506
83.829887
86.570159
89.234422
92.445941
94.539320
96.229070
99.326961
101.834059
104.483968
107.177506
109.383220
111.662494
113.299184
115.012925
116.374286
117.965896
119.353968
120.705850
122.085170
123.382630
124.596508
125.701361
126.831565
127.988571
129.125578
130.249660
132.282993
134.492154
136.686893
139.006757
141.360499
143.522449
145.525215
147.589070
150.090476
150.795991
151.478322
152.145805
152.783840
153.386349
154.013832
154.710431
155.412426
156.096281
156.756508
157.436735
158.144218
158.873469
159.602812
160.277483
160.834331
161.503673
162.204717
162.887846
163.580113
164.284671
165.013923
165.817551
166.335238
167.096327
167.986485
168.650930
169.448073
170.675964
171.239093
171.855994
172.765624
173.495274
174.254467
175.195374
176.080635
176.742449
177.545850
178.275102
179.051791
179.940680
180.779592
181.529977
183.385986
186.438912
188.972109
191.572653
194.119864
196.838503
200.075918
202.959184
205.878639
208.536327
211.176463
214.801224
220.128435
226.232063
227.305215
227.920499
228.582639
229.200091
229.736644
230.324943
231.020000
231.672381
232.381361
233.694422
235.098367
236.877778
238.114603
239.535034
240.608571
241.979683
243.022494
243.877460
245.352517
246.089796
246.822993
247.555238
248.180408
248.802177
249.425714
250.084898
250.640227
251.267256
251.839320
252.449932
253.058776
253.700000
254.322721
254.935102
255.639728
257.198367
258.902041
265.123537
269.028435
271.562177
274.730884
278.680317
281.969138
285.820544
288.300136
293.887347
301.375238
310.644444
312.304444
314.164127
315.902857
317.416190
319.085079
320.627392
322.189569
323.665397
324.406984
325.143492
325.832381
326.674671
327.324762
328.020952
328.648571
329.521633
330.188571
330.879048
331.585079
332.384580
332.947937
333.694603
334.405397
335.021905
335.942540
336.675556
337.376825
338.159048
338.761270
339.511565
340.234286
340.921361
341.665714
342.217007
342.946984
343.852063
346.580635
349.873605
352.109252
356.299728
360.284626
362.819683
364.882857
367.538413
370.151837
372.228844
