0.760136
3.408707
5.663764
8.065351
11.057642
13.189751
15.506043
18.051701
20.700952
23.005079
25.423175
28.054830
30.658730
32.918095
35.157267
37.508254
40.143265
42.803810
44.996508
47.396190
50.297813
52.812698
55.233651
57.801270
60.143492
63.057460
65.965079
68.058095
71.086032
73.610204
75.585034
77.977370
80.377506
86.009887
88.770159
91.154422
93.865941
96.319320
98.869070
101.266961
103.454059
105.863968
108.117188
110.103220
112.325624
113.839184
115.232925
116.588571
117.985896
119.433968
120.885850
122.125170
123.402630
124.596508
125.681361
126.831565
127.937143
129.105578
130.175666
132.282993
134.772154
137.286893
139.846757
142.410249
144.804898
147.025215
149.349070
152.035238
152.839955
153.499441
154.205805
154.891519
155.523175
156.213832
156.910431
157.632426
158.376281
159.076508
159.776735
160.444218
161.180408
161.982812
162.717483
163.347166
163.903673
164.568239
165.227846
165.920113
166.502336
167.133923
167.937551
168.290476
169.056327
169.833297
170.590930
171.302339
172.263596
173.019093
173.647982
174.345624
175.036372
175.854467
176.698458
177.360635
178.042449
178.865850
179.595102
180.311791
181.200680
181.999592
182.709977
184.285986
186.838912
189.052109
191.732653
194.239864
196.718503
199.837959
202.219184
205.098639
207.876327
210.891701
215.103673
220.028435
226.152063
226.865215
227.500499
228.213197
228.860091
229.476644
230.204943
230.820000
231.572381
232.321361
233.634422
234.818367
236.464444
237.874603
239.575034
240.568571
242.679365
244.202494
245.237460
245.892517
246.649932
247.362993
248.115238
248.760408
249.482177
250.225714
250.984898
251.680227
252.370905
252.939660
253.589932
254.298776
254.900000
255.502721
256.215102
256.899864
258.118367
260.102041
267.183537
271.348435
273.662177
276.610884
279.680317
283.269138
285.893424
288.880136
292.467347
298.255238
304.364444
305.804444
307.324127
308.745714
310.076190
311.390159
312.823696
314.169569
315.445397
316.186984
316.883492
317.596190
318.474671
319.084762
319.680952
320.388571
321.361633
321.988571
322.679048
323.285079
324.144580
324.747937
325.494603
326.172698
326.735476
327.802540
328.635556
329.356825
330.099048
330.861270
331.571565
332.294286
333.161361
333.885714
334.557007
335.386984
336.092063
338.500635
341.513605
343.309252
346.799728
350.824626
353.271383
355.742857
358.758413
363.511837
369.248844
