0.288904
2.908707
5.403764
7.905351
10.315528
13.189751
15.396027
18.051701
20.320190
22.485079
24.483175
26.488707
28.678730
30.858095
33.584966
35.688254
38.283265
40.903810
43.096508
45.596190
48.220317
50.912698
53.133651
55.461270
57.843492
60.537460
63.050476
64.778095
67.022222
68.690204
71.005034
73.557370
75.477506
79.389887
81.470159
83.374422
85.305941
86.879320
88.409070
89.746961
91.134059
92.443968
93.697188
95.023220
96.265624
97.499184
98.677642
99.934286
101.065896
102.273968
103.445850
104.525170
105.602630
106.596508
107.581361
108.611565
109.588571
110.705578
111.849660
113.462993
115.832154
118.006893
120.306757
122.710249
124.944898
126.985215
129.069070
131.335238
132.119955
132.698322
133.325805
133.951519
134.606349
135.313832
136.010431
136.712426
137.356281
138.016508
138.736735
139.464218
140.173469
140.882812
141.557483
142.214331
142.843673
143.544717
144.187846
144.880113
145.584671
146.306961
147.018776
147.605238
148.296327
149.026485
149.750930
150.329725
151.595964
152.419093
153.107982
153.905624
154.636372
155.334467
156.395374
156.940635
157.542449
158.385850
159.095102
159.731791
160.620680
161.459592
162.089977
163.385986
165.718912
167.832109
170.212653
172.359864
174.598503
177.315918
179.359184
181.858639
184.016327
186.891701
189.456480
193.288435
199.876190
200.665215
201.360499
202.173197
202.920091
203.736644
204.544943
205.300000
206.092381
206.921361
208.454422
209.998367
211.704444
213.286032
214.875034
216.508571
217.979683
219.102494
220.177460
221.032517
221.809932
222.542993
223.355238
224.100408
224.882177
225.625714
226.404898
227.220227
227.961769
228.679320
229.409932
230.158776
230.900000
231.582721
232.355102
233.099932
234.578367
236.682041
242.003537
245.668435
248.082177
250.650884
253.220317
255.789138
257.973424
260.380136
263.907347
268.555238
274.604444
276.268889
277.752381
279.362857
280.856190
282.465079
283.883696
285.369569
286.825397
287.606984
288.303492
289.137460
290.114671
290.804762
291.520952
292.268571
293.441633
294.308571
295.019048
295.705079
296.584580
297.387937
298.114603
298.765397
299.421905
300.702540
301.415556
302.036825
302.659048
303.261270
303.831565
304.554286
305.081361
305.725714
306.338503
307.026984
307.692063
310.100635
313.053605
314.139173
318.059728
322.684626
325.006561
327.382857
329.958413
332.911837
336.008844
