0.640023
2.928707
5.156753
7.205351
9.374941
11.729751
13.752086
16.151701
18.373439
20.185079
22.083175
24.234830
26.519940
28.478095
31.002993
33.252063
35.523265
37.703810
39.816508
41.916190
43.860317
46.136349
48.273651
50.501270
52.463492
54.897460
57.385238
58.998095
61.414074
63.210204
65.325034
67.619812
69.577506
74.969887
76.890159
79.374422
81.685941
83.499320
85.729070
87.686961
89.514059
91.443968
93.228753
95.323220
97.216871
98.599184
99.892925
101.114286
102.285896
103.553968
104.825850
106.025170
107.122630
108.176508
109.221361
110.311565
111.434286
112.515193
113.569660
115.342993
117.250718
119.286893
121.386757
123.310249
125.344898
127.325215
129.249070
131.355238
132.059955
132.658322
133.345805
134.011519
134.566349
135.273832
135.950431
136.592426
137.276281
137.916508
138.536735
139.244218
139.913469
140.602812
141.257483
141.894331
142.543673
143.184717
143.797569
144.480113
145.144671
145.873923
146.637551
147.310476
148.036327
148.906485
149.690930
150.708073
152.035964
153.059093
153.767982
154.705624
155.536372
156.234467
157.255374
158.140635
158.922449
159.805850
160.575102
161.371791
162.260680
163.299592
164.049977
165.689427
168.098912
170.377370
172.652653
174.939864
177.418503
179.895918
181.809864
184.558639
186.936880
189.554746
193.403673
198.908435
204.992063
205.785215
206.640499
207.433197
208.220091
209.036644
209.824943
210.600000
211.412381
212.261361
213.874422
215.356735
217.964444
220.414603
222.935034
223.961714
224.859683
225.842494
226.857460
227.592517
228.449932
229.262993
230.235238
230.880408
231.762177
232.505714
233.384898
234.100227
234.921769
235.719320
236.529932
237.338776
238.240000
239.062721
239.935102
240.739728
242.238367
244.322041
249.863537
254.088435
256.642177
260.070884
263.240317
266.089138
268.693424
271.100136
275.167347
280.033810
285.564444
287.004444
288.364127
289.771429
291.076190
292.525079
293.843696
295.209569
296.865397
297.826984
299.023492
299.932381
301.034671
301.984762
302.949524
303.988571
305.261633
305.928571
306.758095
308.085079
309.064580
309.907937
310.974603
312.005397
312.721905
314.102540
314.715556
315.268536
315.899048
316.461270
317.137188
317.654286
318.221361
318.861905
319.357007
319.946984
320.572063
323.040635
326.353605
328.269252
331.879728
335.084626
337.739683
340.262857
343.178413
346.091837
349.108844
