1.520136
4.368707
6.503764
8.785351
11.345881
13.749751
15.871012
18.022925
20.248707
22.245079
24.163175
26.234830
28.318730
30.042930
32.137267
33.978322
36.183265
38.203810
40.036508
41.836190
44.160317
46.072698
48.053651
49.720035
51.883492
53.757460
55.882032
57.438095
59.322222
61.365102
63.285034
65.357370
67.057506
71.609887
73.750159
76.034422
78.185941
80.219320
82.109070
84.306961
85.974059
88.023968
90.157188
92.043220
94.045624
95.559184
97.092925
98.414286
99.785896
101.233968
102.585850
103.905170
105.182630
106.373016
107.501361
108.611565
109.568571
110.845578
111.909660
113.391497
115.452154
117.406893
119.466757
121.550249
123.424898
125.385215
127.189070
129.395238
130.179955
130.818322
131.445805
132.051519
132.686349
133.293832
133.970431
134.572426
135.236281
135.896508
136.496735
137.124218
137.813469
138.382812
139.057483
139.654331
140.283673
140.924717
141.567846
142.240113
142.844671
143.473923
144.277551
144.930476
145.656327
146.366485
147.145465
147.893615
148.975964
149.739093
150.238798
150.965624
151.796372
152.351567
153.235374
153.820635
154.562449
155.205850
155.855102
156.491791
157.260680
158.079592
158.789977
160.351497
162.978912
164.752109
166.992653
169.159864
171.009252
173.455918
175.454612
177.658639
179.776327
182.051701
185.663673
190.948435
195.472063
196.205215
196.900499
197.573197
198.220091
198.916644
199.624943
200.280000
201.084127
201.700680
202.994422
203.998367
205.384444
206.394603
207.795034
208.788571
210.039683
211.042494
212.077460
212.832517
213.489932
214.142993
214.815238
215.400408
216.022177
216.665714
217.244898
217.900227
218.600295
219.159320
219.809932
220.418776
221.220000
221.842721
222.495102
223.179728
223.898367
225.056408
231.423537
234.928435
237.341088
240.070884
242.540317
245.509138
248.433424
251.000136
254.667347
261.155238
268.424444
269.924444
271.464127
272.942857
274.336190
275.825079
277.223696
278.569569
279.845397
280.606984
281.363492
282.252381
283.154671
283.864762
284.601905
285.408571
286.481633
287.068571
287.819048
288.585079
289.464580
290.207937
290.994603
291.765397
292.441905
293.522540
294.175556
294.796825
295.359048
295.841270
296.451565
297.054286
297.681361
298.325714
298.857007
299.506984
300.172063
302.800635
306.193605
307.529252
311.079728
313.944626
316.639683
319.342857
322.158413
325.711837
330.008844
