0.840136
3.508707
6.039098
8.125351
11.232547
12.849751
15.144172
16.991701
19.020952
21.365079
23.403175
25.514830
27.598730
29.398095
31.989932
33.978322
36.403265
38.483810
40.676508
42.598095
44.760317
46.892698
49.013651
51.141270
53.283492
55.377460
57.762302
59.238095
61.622222
63.378367
65.265034
67.497370
69.308753
73.209887
75.530159
77.714422
80.325941
82.599320
84.949070
87.346961
89.214059
91.443968
93.957188
96.043220
98.685624
100.539184
101.752925
103.274286
104.825896
106.353968
107.985850
109.265170
110.582630
111.916508
113.181361
114.571565
115.948571
117.325578
118.634830
120.422993
122.572154
124.466893
126.606757
128.730249
130.684898
132.645215
134.509070
136.675238
137.499955
138.178322
138.865805
139.551519
140.226349
140.873832
141.630431
142.312426
143.016281
143.736508
144.416735
145.084218
145.813469
146.542812
147.217483
147.894331
148.543673
149.224717
149.907846
150.600113
151.264671
152.033923
152.817551
153.390476
154.176327
155.006485
155.770930
156.308073
157.417596
158.219093
158.947982
159.805624
160.616372
161.294467
162.135374
162.860635
163.562449
164.465850
165.295102
165.951791
166.800680
167.599592
168.469977
170.965986
173.058912
174.992109
177.114531
179.259864
181.378503
183.835918
185.816339
187.978639
190.176327
192.251701
195.083673
198.388435
202.672063
203.445215
204.220499
205.033197
205.860091
206.616644
207.424943
208.160000
209.092381
209.941361
211.494422
213.538367
215.108889
217.014603
218.575034
220.008571
222.138413
224.482494
225.657460
227.272517
228.359864
229.462993
230.595238
231.640408
232.702177
233.685714
234.704898
235.620227
236.461769
237.259320
238.039864
238.838776
239.780000
240.562721
241.455102
242.299909
243.758367
245.642041
249.683537
251.628435
253.031088
255.470884
257.120317
259.169138
261.293424
263.280136
266.453673
270.827048
276.124444
277.704444
279.204127
280.751429
282.296190
283.860317
285.491088
287.009569
288.465397
289.246984
289.943492
290.752381
291.714671
292.384762
293.120952
293.808571
295.101633
295.728571
296.459048
297.165079
297.964580
298.767937
299.454603
300.085397
300.761905
301.982540
302.735556
303.456825
304.219048
304.921270
305.671565
306.414286
307.181361
308.045714
308.677007
309.426984
310.292063
312.080635
314.033605
315.369252
318.159728
320.939625
323.059683
324.822857
327.178413
329.771837
331.668844
