1.920136
4.506958
7.271882
9.445351
12.637642
14.449751
16.617890
18.802340
20.754224
22.725079
24.660635
26.614830
28.698730
30.778095
32.477197
34.388254
36.583265
38.723810
40.998836
42.632698
44.640317
46.952698
48.893651
51.241270
53.243492
55.497460
57.930476
59.758095
62.094074
63.810204
65.465034
67.639342
69.477506
74.889887
76.990159
79.234422
81.345941
83.419320
85.209070
87.266961
89.214059
91.243968
93.397188
95.383220
97.325624
98.799184
100.052925
101.454286
102.765896
104.193968
105.505850
106.825170
108.142630
109.456508
110.541361
111.691565
112.868571
114.025578
115.136207
117.182993
119.512154
121.786893
124.086757
126.490249
128.944898
131.165215
133.329070
135.695238
136.499955
137.078322
137.645805
138.311519
138.946349
139.493832
140.190431
140.752426
141.396281
142.096508
142.738367
143.384218
144.153469
144.742812
145.397483
145.934331
146.603673
147.284717
147.967846
148.660113
149.324671
149.853418
150.517551
151.050476
151.716327
152.586485
153.290930
154.188073
155.415964
156.259093
156.937089
157.605624
158.356372
158.934467
159.815374
160.440635
161.062449
161.672925
162.395102
163.051791
163.860680
164.719592
165.449977
167.058599
169.098912
171.092109
173.112653
175.219864
177.258503
179.737959
181.639184
183.938639
185.956327
188.247925
191.663673
198.488435
207.332063
208.125215
208.780166
209.473197
210.100091
210.696644
211.404943
212.100000
212.852381
213.521361
214.854422
215.491673
216.904444
218.054603
219.575034
220.488571
221.799683
222.742494
223.557460
224.712517
225.429796
226.142993
226.915238
227.560408
228.242177
228.925714
229.664898
230.360227
230.981769
231.659320
232.329932
233.018776
233.700000
234.402721
235.135102
235.769973
236.898367
238.962041
245.483537
249.068435
251.822177
255.090884
258.100317
261.049138
263.953424
266.640136
271.807347
280.155238
289.884444
291.304444
292.744127
294.182857
295.496190
296.865079
298.263696
299.609569
301.005397
301.706984
302.363492
303.112381
303.834671
304.504762
305.160952
305.829714
306.741633
307.328571
307.939048
308.625079
309.364580
309.907937
310.634603
311.265397
311.781905
312.642540
313.235556
313.909206
314.479048
314.950635
315.597188
316.134286
316.761361
317.345714
317.837007
318.506984
319.644127
322.560635
325.973605
328.669252
334.099728
338.784626
340.893822
342.922857
345.058413
347.651837
350.288844
