1.660136
4.508707
7.463764
10.145351
13.187205
16.209751
18.669764
21.511701
24.020952
26.665079
28.943175
31.354830
33.838730
36.004524
38.309990
40.468254
43.503265
45.903810
48.556508
50.892381
53.480317
56.232698
58.533651
61.121270
63.503492
66.117460
69.050476
71.198095
73.891746
75.975034
77.885034
80.477370
82.417506
87.649887
90.790159
94.354422
97.445941
100.219320
103.109070
106.406961
109.382177
112.923968
115.297188
118.823220
121.225624
122.939184
124.432925
125.994286
127.425896
128.993968
130.377551
131.780680
133.022630
134.216508
135.361361
136.591565
137.788571
139.025578
140.116553
141.462993
143.592154
145.566893
147.666757
149.710249
151.864898
153.945215
156.049070
158.155238
159.079955
159.918322
160.765805
161.691519
162.626349
163.473832
164.390431
165.272426
166.176281
167.036508
168.036735
168.864218
169.773469
170.742812
171.637483
172.514331
173.263673
174.104717
175.047846
175.800113
176.849342
177.653923
178.717551
179.410476
180.256327
181.166485
181.950930
182.705615
183.575964
184.579093
185.467982
186.285624
187.036372
187.874467
188.975374
189.860635
190.702449
191.605850
192.355102
193.071791
193.880680
194.679592
195.389977
196.322993
197.578912
197.819821
198.592653
199.219864
199.898503
200.615918
201.036531
201.918639
202.538309
203.196390
207.043673
211.628435
216.632063
217.505215
218.320499
219.153197
219.920091
220.696644
221.464943
222.240000
223.112381
223.881361
225.054422
226.236735
228.684444
229.936825
231.995034
233.068571
234.579365
235.462494
236.337460
237.412517
238.079864
238.762993
239.435238
240.080408
240.682177
241.305714
241.884898
242.540227
243.241769
243.959320
244.649932
245.339592
246.000000
246.642721
247.335102
248.079728
248.795160
250.602041
256.700707
259.888435
262.262177
265.150884
267.700317
270.809138
273.133424
275.500136
278.667347
285.415238
292.784444
294.744444
296.604127
298.662857
300.372381
302.405079
304.103696
305.889569
307.585397
308.386984
309.143492
309.924127
310.774671
311.584762
312.300952
313.088571
314.041633
314.728571
315.539048
316.265079
317.164580
317.887937
318.674603
319.445397
320.041905
321.082540
321.835556
322.496825
323.159048
323.761270
324.411565
325.094286
325.741361
326.425714
326.937007
327.626984
328.252063
329.420317
332.173605
334.189252
337.739728
341.484626
344.039683
346.642857
349.438413
352.491837
355.188844
