0.800136
3.548707
5.951882
8.285351
11.508821
13.289751
15.355635
17.571701
19.940952
22.165079
24.383175
26.722966
29.338730
31.026007
33.189932
34.988254
37.483265
39.643810
41.756508
43.736190
46.160317
48.032698
50.393651
52.401270
54.803492
57.017460
59.450476
61.298095
63.565556
65.770204
67.945034
70.397370
72.777506
77.029887
79.410159
81.734422
84.105941
86.359320
88.569070
91.446961
93.576236
95.783968
98.637188
100.683220
103.905624
106.379184
107.837642
109.474286
111.145896
112.793968
114.625850
115.970340
117.522630
118.989524
120.361361
121.811565
123.188571
124.845578
126.329660
128.342993
130.132154
131.866893
133.666757
135.550249
137.484898
139.225215
140.949070
143.825714
144.639955
145.438322
146.185805
146.871519
147.646349
148.387664
149.270431
150.072426
150.876281
151.676508
152.436735
153.284218
154.227347
155.082812
155.797483
156.454331
157.283673
158.104717
158.827846
159.600113
160.504671
161.233923
162.137551
162.870476
163.976327
164.906485
165.710930
166.728073
168.155964
169.179093
170.027982
171.005624
171.876372
172.734467
174.015374
174.980635
175.782449
177.197551
178.190204
179.151791
180.320680
181.119592
182.589977
184.585986
187.118912
189.252109
191.532653
194.139864
196.558503
199.315918
201.719184
204.378639
207.096327
210.251701
215.043673
221.408435
229.432063
230.328522
230.960499
231.693197
232.400091
233.136644
233.804943
234.520000
235.292381
236.041361
237.354422
238.758367
240.904444
242.254603
244.375034
245.888571
247.777778
248.962494
249.977460
250.912517
251.679864
252.462993
253.295238
254.060408
254.822177
255.585714
256.404898
257.220227
257.961769
258.679320
259.389932
260.098776
260.900000
261.582721
262.335102
263.099728
264.144324
265.722041
271.483537
275.548435
278.142177
280.630884
283.420317
286.069138
288.733424
291.160136
294.693673
302.395238
310.224444
312.064444
313.784127
315.642857
317.296190
319.205079
320.843696
322.329569
323.825397
324.646984
325.483492
326.412381
327.554671
328.363810
329.220952
330.128571
331.481633
332.288571
333.159048
334.065079
335.084580
335.927937
336.794603
337.705397
338.441905
339.862540
340.895556
341.650476
343.179048
343.961270
345.111565
346.108571
347.041361
348.465714
349.117007
350.266984
351.692063
354.800635
358.593605
360.529252
365.179728
369.004626
371.719683
374.182857
377.178413
380.511837
384.588844
