1.680136
4.508707
7.183764
9.385351
12.448821
14.629751
16.857362
19.551701
22.140952
24.465079
26.721587
29.114830
31.398730
33.738095
36.009992
38.174127
40.583265
42.943810
45.316508
47.436190
49.700317
52.132698
54.544206
56.521270
58.983492
61.437460
63.390476
65.918095
68.582222
71.010204
73.085034
75.792109
78.217506
81.589887
83.550159
85.574422
88.125941
89.898639
91.909070
93.886961
95.854059
97.723968
99.977188
101.523220
103.445624
104.799184
105.952925
107.134286
108.285896
109.473968
110.585850
111.645170
112.662630
113.636508
114.561361
115.591565
116.568571
117.565578
118.549660
120.074331
122.039019
124.086893
126.006757
127.870249
129.724898
131.525215
133.349070
135.335238
136.079977
136.738322
137.405805
138.011519
138.666349
139.313832
140.010431
140.712426
141.356281
142.016508
142.676735
143.324218
144.080408
144.742812
145.417483
146.037166
146.663673
147.344717
148.027846
148.720113
149.424671
150.086720
150.637551
151.210476
151.976327
152.566485
153.322732
153.968073
154.878991
155.799093
156.487982
157.365624
157.956372
158.654467
159.579670
160.420635
161.122449
161.985850
162.775102
163.451791
164.340680
165.059592
165.769977
166.992993
169.278912
171.272109
173.632653
175.836644
178.198503
180.915918
182.659184
185.078639
187.656327
189.778814
192.983673
197.642812
202.392063
203.085215
203.720499
204.373197
205.020091
205.636644
206.324943
206.900000
207.592381
208.221361
209.114422
209.798367
211.084444
212.074603
213.355034
214.288571
215.379683
216.302494
217.237460
218.012517
218.629932
219.242993
219.895238
220.440408
221.082177
221.685714
222.304898
222.900227
223.581769
224.219320
224.834966
225.529694
226.100000
226.682721
227.355102
227.939932
229.458367
231.502041
236.463537
240.348435
242.802177
246.110884
248.840317
252.649138
255.273424
258.020136
263.147347
267.695238
271.872889
272.944444
274.064127
275.202857
276.159048
277.345079
278.423696
279.509569
280.525397
281.206984
281.943492
282.692381
283.494671
284.134921
284.830476
285.562857
286.281633
286.928571
287.719048
288.425079
289.163073
289.807937
290.534603
291.225397
291.681905
292.642540
293.335556
293.938413
294.699048
295.141270
295.891565
296.414286
296.981361
297.605714
298.137007
298.766984
299.392063
301.560635
304.173605
306.389252
309.819728
313.144626
315.679683
318.042857
320.418413
323.551837
326.008844
