0.420045
2.948707
5.563764
8.025351
10.435294
13.049751
15.208345
17.451701
20.080952
21.785079
23.903175
26.134830
28.758730
30.259955
32.609932
34.748254
36.963265
39.043810
41.416508
43.316190
45.545079
47.792698
49.813651
51.841270
53.883492
56.117460
58.761202
60.258095
62.162222
63.990204
66.021678
68.065158
69.837506
74.679773
76.810159
79.394422
81.605941
83.655918
85.689070
87.466961
89.174059
90.843968
92.437188
94.183220
95.845624
97.499184
98.832925
100.294286
101.671791
103.133968
104.765850
105.865170
107.362630
108.536508
109.761361
111.171565
112.508571
113.905578
115.189660
117.062993
118.923039
120.726893
122.466757
124.230249
125.904898
127.565215
129.049070
131.155238
131.939955
132.598322
133.205805
133.831519
134.426349
135.133832
135.770431
136.452426
137.096281
137.756508
138.396735
139.044218
139.773469
140.442812
141.097483
141.754331
142.263673
142.944717
143.627846
144.240113
144.944671
145.613923
146.357551
147.070476
147.818776
148.686485
149.385465
150.128073
151.055964
151.999093
152.747982
153.585624
154.316372
155.054467
156.255374
157.100635
157.922449
158.825850
159.595102
160.391791
161.240680
162.039592
162.909977
164.085986
166.578912
168.672109
171.172653
173.479864
175.838503
178.395918
180.699184
183.118639
185.116327
187.951701
192.970918
197.348435
203.632063
204.365215
205.080499
205.853197
206.540091
207.216644
207.944943
208.660000
209.392381
210.121361
211.843265
213.878367
215.384444
216.814603
218.595034
219.668571
221.519683
222.802494
223.897460
225.132517
225.849932
226.562993
227.255238
227.900408
228.562177
229.245714
229.904898
230.620227
231.321769
232.059320
232.749932
233.478776
234.180000
234.902721
235.635102
236.359728
237.118367
238.942041
244.423537
248.068435
250.742177
253.810884
256.980317
259.949138
262.573424
265.260136
269.807347
276.415238
283.624444
285.324444
286.824127
288.445714
289.856190
291.485079
292.923696
294.289569
295.645397
296.366984
297.083492
297.718095
298.457336
299.044762
299.680952
300.327619
300.961633
301.588571
302.279048
302.905079
303.624580
304.235979
304.874603
305.445397
306.041905
306.962540
307.675556
308.232275
308.939683
309.541270
310.211565
310.914286
311.481361
312.265714
312.857007
313.606984
314.412063
317.600635
320.553605
322.589252
326.199728
330.044626
332.439683
334.882857
337.358413
340.031837
342.248844
