0.195017
1.628707
4.383764
6.885351
10.077642
12.389751
14.526043
17.073983
19.380952
21.725079
23.643175
25.754830
28.338730
30.258095
32.805748
34.918042
37.443265
40.163810
42.756508
45.056190
47.940317
50.232698
52.453651
54.721270
56.803492
59.377460
61.381497
63.698095
66.062222
68.430204
70.542517
72.937370
75.057506
79.069887
81.450159
83.494422
85.545941
87.299320
88.829070
90.166961
91.594059
92.983968
94.337188
95.703220
97.025624
98.359184
99.612925
100.914286
102.245896
103.713968
104.925850
106.165170
107.382630
108.476508
109.521361
110.591565
111.808571
112.985578
114.189660
115.982993
118.272154
120.246893
122.266757
124.410249
126.404898
128.245215
130.136357
132.415238
133.179955
133.838322
134.525805
135.051519
135.726349
136.353832
137.050431
137.732426
138.398141
139.036508
139.698367
140.364218
141.073469
141.702812
142.377483
143.014331
143.683673
144.344717
145.027846
145.720113
146.884671
147.448551
147.777551
148.490476
149.276327
150.106485
150.890930
151.628073
152.915964
153.799093
154.667982
155.505624
156.376372
156.994467
157.995374
158.720635
159.502449
160.145850
160.815102
161.451791
162.340680
163.139592
163.809977
165.005986
167.058912
168.752109
170.815442
172.579966
174.458503
176.281947
177.699184
180.238639
182.156327
184.533891
188.023673
191.908435
197.452063
198.165215
198.900499
199.656599
200.380091
201.036644
201.724943
202.440000
203.232381
204.021361
205.603265
206.658367
208.264444
209.338413
211.225102
212.468571
213.999683
215.022494
215.937460
216.832517
217.609932
218.362993
219.075238
219.740408
220.422177
221.105714
221.764898
222.460227
223.181769
223.879320
224.589932
225.287755
225.860000
226.522721
227.295102
228.159728
229.318367
230.542041
235.743537
238.928435
240.950544
243.410884
245.440317
247.849138
250.033424
252.040136
254.847347
259.355238
263.084444
265.675556
267.324127
268.902857
270.516190
272.105079
273.583696
274.889569
276.285397
277.226984
278.023492
279.092381
280.154671
280.948571
281.880952
282.868571
284.161633
285.008571
285.998095
286.825079
288.004580
288.847937
289.754603
290.565397
291.501905
292.922540
293.735556
294.448413
295.279048
296.021270
296.771565
297.514286
298.201361
298.985714
299.637007
300.386984
301.092063
303.580635
306.296803
307.809252
310.743288
313.944626
316.779683
319.162857
321.798413
324.551837
327.968844
