0.880136
3.588707
5.833961
8.365351
11.317642
13.149751
15.296772
17.771701
20.060952
22.405079
24.543175
26.837415
29.258730
31.418095
33.929932
36.488254
39.183265
41.423810
43.976508
46.276190
48.620317
51.052698
53.173651
55.701270
58.023492
60.357460
63.030476
65.138095
67.842222
69.930204
72.145034
74.397370
76.717506
80.589887
82.990159
85.234422
87.605941
89.679320
91.589070
93.666961
95.434059
97.183968
98.977188
100.643220
102.165624
103.459184
104.652925
105.934286
107.125896
108.453968
109.765850
110.910340
112.242630
113.556508
114.801361
116.091565
117.348571
118.555193
119.654830
121.322993
123.692154
125.746893
128.006757
130.290249
132.504898
134.625215
136.769070
139.215238
139.879955
140.518322
141.185805
141.851519
142.506349
143.213832
143.870431
144.532426
145.196281
145.856508
146.536735
147.224218
147.933469
148.602812
149.257483
149.894331
150.523673
151.204717
151.887846
152.500113
153.124671
153.853923
154.477551
155.130476
155.736327
156.586485
157.430930
158.328073
159.235964
160.059093
160.947982
161.905624
162.718791
163.414893
164.315374
165.100635
165.702449
166.585850
167.395102
168.011791
168.740680
169.353197
169.701995
171.174713
173.458912
175.692109
178.172653
180.499966
182.738503
185.375918
187.559184
189.598639
191.756327
194.351701
197.783673
200.962109
205.812063
206.542608
207.220499
207.953197
208.720091
209.416644
210.204943
210.880000
211.632381
212.421361
213.514422
214.478367
216.364444
217.694603
219.435034
220.728571
222.119683
223.102494
224.157460
225.212517
226.009932
226.822993
227.575238
228.200408
228.862177
229.525714
230.344898
230.780227
231.521769
232.259320
233.029932
233.818776
234.660000
235.342721
236.135102
236.854247
238.638367
240.702041
245.443537
248.548435
250.671088
253.010884
255.300317
257.496379
259.453424
261.360136
263.888735
266.677619
271.544444
273.235556
275.104127
276.891429
278.536190
280.360317
282.127392
283.689569
285.425397
286.246984
286.983492
287.812381
288.874671
289.584762
290.320952
291.108571
292.501633
293.148571
293.959048
294.765079
295.704580
296.567937
297.454603
298.185397
298.941905
300.202540
301.015556
301.676825
302.419048
303.081270
303.795782
304.494286
305.141361
305.785714
306.397007
307.106984
307.792063
309.720635
312.413605
313.253679
316.659728
319.724626
321.159683
323.982857
326.758413
329.891837
333.168844
