0.360068
2.688707
5.203764
7.345351
9.811528
12.269751
14.684172
16.771701
19.120952
21.425079
23.543175
25.914830
27.078730
28.299728
31.369932
34.868254
37.363265
39.403810
41.676508
43.779048
46.400317
48.692698
50.913651
53.181270
55.203492
57.917460
60.370476
62.238095
64.462222
66.957208
68.965034
71.397370
72.777506
77.089887
79.360635
81.814422
84.285941
86.419320
88.429070
90.646961
92.574059
94.683968
96.597188
98.383220
100.365624
102.159184
103.512925
105.174286
106.585896
108.107937
109.545850
111.005170
112.382630
113.716508
114.921361
116.251565
117.548571
118.805578
120.089660
121.911497
123.952154
126.026893
128.186757
130.350249
132.324898
134.285215
136.129070
138.635238
139.259955
139.918322
140.625805
141.311519
142.006349
142.753832
143.450431
144.192426
144.896281
145.576508
146.316735
147.084218
147.813469
148.502812
149.177483
149.817166
150.503673
151.204717
151.887846
152.600113
153.284671
154.013923
154.797551
155.510476
156.256327
156.963243
157.637732
158.148073
159.255964
160.013031
160.807982
161.565624
162.199482
162.814467
163.855374
164.640635
165.202449
166.025850
166.755102
167.431791
168.300680
169.159592
169.889977
171.453271
173.678912
176.232109
178.752653
181.039864
183.438503
186.195918
188.619184
191.218639
193.756327
195.935353
199.003673
203.348435
207.792063
208.645215
209.480499
210.293197
211.120091
211.956644
212.802472
213.500000
214.312381
215.161361
216.654422
218.198367
219.684444
220.954603
222.475034
223.948571
225.359683
226.404249
227.357460
228.092517
228.849932
229.542993
230.335238
230.960408
231.662177
232.385714
233.124898
233.820227
234.641769
235.419320
236.149932
236.978776
237.780000
238.522721
239.275102
240.079728
241.398367
243.013503
247.743537
251.148435
253.622177
256.390884
259.020317
262.089138
264.873424
267.280136
270.747347
274.555238
279.204444
280.633333
282.464127
284.202857
285.756190
287.285079
288.873265
290.389569
292.225397
292.986984
293.803492
294.572381
295.474671
296.164762
296.900952
297.628571
298.821633
299.468571
300.379048
301.105079
301.984580
302.615873
303.474603
304.185397
304.821905
305.902540
306.635556
307.278942
308.019048
308.601270
309.271927
309.894286
310.541361
311.245714
311.838503
312.486984
313.212063
315.740635
318.273605
319.994626
323.105374
325.924626
328.399365
330.701429
333.518413
336.751837
339.828844
