3.080136
5.448707
7.534888
9.565351
12.517642
14.709751
15.938940
18.571701
21.040952
22.905079
25.183175
27.574830
29.878730
31.958095
34.009932
36.449418
38.643265
40.523810
42.578254
44.276190
46.499105
49.012698
50.573651
52.761270
54.803492
57.057460
59.401485
61.118095
63.062222
65.290204
67.185034
69.197370
71.297506
76.289887
78.770159
81.114422
83.265941
85.319320
87.449070
89.806961
91.954059
93.783968
95.997188
97.823220
100.131247
101.999184
103.492925
105.174286
106.805896
108.433968
109.863401
111.245170
112.582630
113.856508
114.981361
116.191565
117.388571
118.632789
119.829660
121.410748
123.432154
125.326893
127.326757
129.350249
131.244898
133.065215
134.849070
136.835238
137.599955
138.278322
138.985805
139.651519
140.326349
141.033832
141.770431
142.492426
143.196281
143.916508
144.656735
145.384218
146.193469
146.882812
147.677483
148.354331
149.043673
149.724717
150.447846
151.200113
151.914014
152.673923
153.517551
154.230476
155.116327
156.003243
156.645465
157.388073
158.267982
159.139093
159.935994
160.625624
161.476372
162.250893
163.215374
163.920635
164.722449
165.505850
166.235102
166.975374
167.900680
168.899592
169.609977
171.205986
173.838912
176.192109
178.612653
181.179864
183.498503
186.255918
188.579184
191.178639
193.456327
195.891701
200.043673
206.128435
213.040317
213.945215
214.840499
215.713197
216.700091
217.516644
218.364943
219.240000
220.172381
221.021361
222.374422
223.478367
225.868889
227.115238
229.080136
230.708571
233.239048
234.262494
235.397460
236.472517
237.429388
238.402993
239.455238
240.320408
241.382177
242.325714
243.494694
244.300227
245.281769
246.059320
246.969932
247.818776
248.800000
249.622721
250.555102
251.439728
252.486122
253.522041
258.463537
262.248435
264.982177
268.050884
270.500317
273.969138
276.593424
278.800136
282.663418
286.815238
295.844444
297.404444
299.168254
300.762857
302.216190
303.765079
305.103696
306.549569
307.985397
308.726984
309.451746
310.152381
310.954671
311.604762
312.300952
312.908571
313.841633
314.468571
315.239048
315.945079
316.824580
317.387937
318.154603
318.845397
319.461905
320.462540
321.255556
321.976825
322.744762
323.360635
324.151565
324.854286
325.481361
326.365714
326.997007
327.746984
328.612063
331.060635
333.953605
336.169252
340.023946
345.024626
347.619683
350.102857
352.778413
355.851837
358.848844
