1.100136
4.229569
6.983764
9.445351
11.997642
15.109751
17.854172
20.625850
23.380952
25.965079
28.423175
31.494830
34.218730
36.579619
39.389932
41.868254
44.823265
47.299048
49.878254
52.236190
55.120317
57.832698
60.513651
63.241270
66.303492
68.977460
71.612619
74.158095
76.775185
79.410204
81.985034
84.557370
86.937506
90.509887
92.590159
94.694422
96.765941
99.059320
101.049070
103.006961
105.174059
107.203968
109.537188
111.643220
114.145624
115.999184
117.572925
119.188571
120.765896
122.373968
123.955102
125.425170
126.962630
128.396508
129.781361
131.191565
132.508571
133.905578
135.149660
136.942993
139.092154
141.186893
143.066757
145.230249
147.524898
149.885215
152.609070
155.815238
156.759955
157.498322
158.225805
158.931519
159.612698
160.353832
161.090431
161.812426
162.516281
163.236508
163.936735
164.664218
165.393469
166.062812
166.777483
167.454331
168.143673
168.824717
169.507846
170.240113
170.984671
171.693923
172.357551
173.070476
173.876327
174.706485
175.345465
175.962552
177.115964
177.999093
178.847982
179.745624
180.576372
181.354467
182.335374
183.140635
183.942449
184.805850
185.735102
186.491791
187.640680
188.759184
190.049977
191.905986
194.678912
197.232109
199.912653
202.419864
205.018503
207.555918
210.103481
212.358639
214.676327
217.091463
220.143673
224.368435
228.892063
229.785215
230.680499
231.546599
232.460091
233.196644
234.164943
234.980000
235.832381
236.701361
237.994422
239.158367
241.344444
243.119365
245.055034
246.188571
248.699683
249.802494
251.137460
251.992517
253.089932
254.102993
255.155238
256.120408
257.282177
258.005714
258.904898
259.900227
260.741769
261.539320
262.349932
263.198776
264.100000
264.902721
265.735102
266.539728
268.338367
270.442041
275.803537
279.088435
281.282177
283.970884
287.240317
289.792285
292.353424
294.780136
299.327347
303.855238
309.644444
311.211111
312.864127
314.442857
315.836190
317.310159
318.683696
319.869569
320.965397
321.646984
322.363492
323.132381
323.914671
324.584762
325.240952
325.968571
327.041633
327.548571
328.159048
328.788360
329.664580
330.327937
331.034603
331.612698
332.221905
333.262540
334.095556
334.936825
335.719048
336.501270
337.311565
338.074286
338.941361
339.785714
340.497007
341.426984
342.252063
343.920635
346.533605
349.089252
352.358441
357.404626
360.079683
362.702857
365.538413
368.871837
372.148844
