0.740136
3.348707
5.687921
7.745351
10.837642
12.749751
14.728345
17.251701
19.480952
21.855238
24.083175
26.654830
29.218730
31.198095
33.602483
35.888254
38.443265
40.543810
42.736508
44.816190
47.379180
49.752698
51.953651
54.141270
56.843492
59.277460
61.790476
63.718095
66.162222
68.450204
70.465034
73.057370
75.057506
78.909887
80.870159
82.794422
84.765941
86.739320
88.489070
90.546961
92.354059
94.223968
96.317188
98.023220
100.245624
101.959184
103.392925
104.774286
106.245896
107.793968
109.065850
110.465170
111.982630
113.253016
114.601361
115.931565
117.308571
118.645578
119.909660
121.782993
123.812154
125.646893
127.186757
128.890249
130.564898
132.225043
133.909070
136.415238
137.219955
137.878322
138.585805
139.271519
139.946349
140.693832
141.390431
142.112426
142.876281
143.636508
144.336735
145.044218
145.793469
146.622812
147.337483
147.994331
148.683673
149.384717
150.067846
150.760113
151.438685
152.173923
152.977551
153.610476
154.376327
155.366485
156.210930
157.108073
158.475964
159.499093
160.098117
160.905624
161.776372
162.614467
163.655374
164.540635
165.462449
166.385850
167.135102
168.051791
169.260680
170.179592
171.109977
172.865986
175.118912
177.072109
179.492653
181.799864
183.798503
186.625306
188.279184
189.978639
191.808163
194.012195
197.923673
204.308435
211.392063
212.165215
213.000499
213.793197
214.620091
215.296644
216.044943
216.820000
217.612381
218.401361
220.334422
221.518367
224.124444
226.574603
228.095034
229.328571
231.259683
232.322494
233.417460
234.192517
234.939864
235.662993
236.475238
237.200408
238.002177
238.725714
239.479592
240.240227
241.001769
241.739320
242.469932
243.198776
243.960000
244.682721
245.475102
246.174932
247.095465
248.742041
253.843537
258.388435
262.082177
265.114422
269.500317
273.189138
275.833424
278.960136
284.567347
291.535238
299.124444
300.884444
302.604127
304.502857
306.096190
308.005079
309.723696
311.429569
314.045397
315.366984
316.243492
317.132381
318.034671
318.804762
319.540952
320.264286
321.341633
321.988571
322.919048
323.825079
324.724580
325.407937
326.394603
327.285397
327.961905
329.442540
330.295556
331.096825
331.959048
332.741270
333.571565
334.374286
335.201361
336.285714
336.917007
337.826984
338.472063
342.388254
345.953605
348.209252
352.219728
356.024626
358.199683
360.482857
362.938413
365.731837
368.808844
