1.720136
4.568707
7.103764
9.425351
12.333472
14.969751
17.668345
19.991701
22.800952
25.145079
27.423175
29.994830
32.698730
34.618095
36.914966
38.968254
41.563265
43.963810
46.199127
48.436190
51.034331
53.732698
55.773651
58.141270
60.683492
63.237460
65.430476
68.038095
70.104222
72.150204
74.145034
76.257370
78.517506
83.829887
86.050159
88.774422
90.765941
93.099320
95.709070
98.146961
100.034059
102.083968
104.557188
106.903220
109.105624
110.679184
112.072925
113.448571
114.825896
116.193968
117.483401
118.785170
120.122630
121.396508
122.621361
123.791565
125.028571
126.385578
127.469660
129.162993
131.544051
133.486893
135.606757
137.590249
139.484898
141.444203
143.149070
145.475238
146.279955
146.918322
147.565805
148.211519
148.886349
149.553832
150.230431
150.912426
151.596281
152.276508
152.956735
153.584218
154.333469
155.022812
155.697483
156.394331
157.123673
157.844717
158.567846
159.300113
159.984671
160.653923
161.455510
162.030476
162.816327
163.566485
164.305465
165.112018
166.235964
166.839093
167.427982
168.192812
168.776372
169.414467
170.435374
170.980635
171.682449
172.445850
173.175102
173.831791
174.680680
175.379592
176.129977
178.025986
180.618912
182.972109
185.092653
187.799864
189.938503
192.775918
194.939184
197.378639
199.696327
202.556981
208.023673
213.908435
220.392063
221.125215
221.800499
222.513197
223.220091
223.876644
224.544943
225.220000
225.872381
226.641361
227.814422
228.938367
230.824444
231.814603
233.275034
235.008571
236.259683
237.302494
238.417460
239.232517
239.919864
240.622993
241.375238
242.080408
242.742177
243.425714
244.164898
244.840076
245.500442
246.159320
246.809932
247.498776
248.200000
248.842721
249.515102
250.459728
253.058367
256.462041
260.763537
264.788435
267.922177
271.250884
274.740317
278.369138
281.513424
286.560136
290.707347
296.655238
304.064444
305.744444
307.304127
308.982857
310.296190
311.870159
313.483696
315.009569
316.705397
317.586984
318.403492
319.119048
319.974671
320.744762
321.460952
322.188571
323.441633
324.228571
325.039048
325.825079
326.604580
327.347937
328.154603
328.856190
329.481905
330.582540
331.315556
331.874603
332.579048
333.210635
333.817188
334.434286
335.141361
335.785714
336.417007
337.126984
337.912063
341.420635
345.373605
348.249252
353.239728
356.984626
359.319683
361.582857
364.218413
367.591837
372.368844
