0.740136
4.168707
7.143764
10.445351
13.757642
17.309751
20.328345
23.651701
26.460952
28.805079
30.923175
33.454830
36.718730
39.398095
42.509932
45.808254
49.763265
52.723810
55.296508
57.996190
61.460317
64.812698
67.753651
70.641270
73.983492
76.957460
79.870476
82.598095
85.742222
88.790204
91.385034
93.957370
96.297506
99.649887
101.130159
102.454422
103.785941
105.099320
106.409070
107.706961
109.014059
110.323968
111.637188
112.983220
114.325624
115.559184
116.712925
117.874286
119.005896
120.253968
121.425850
122.525170
123.642630
124.736508
125.801361
126.911565
128.228571
129.545578
130.949660
133.082993
135.452154
137.766893
140.226757
142.690249
145.044898
147.305215
149.609070
152.015238
152.819955
153.538322
154.245805
154.931519
155.606349
156.313832
157.010431
157.732426
158.436281
159.136508
159.836735
160.544218
161.273469
161.962812
162.637483
163.294331
163.983673
164.664717
165.347846
166.040113
166.744671
167.473923
168.277551
168.990476
169.776327
170.746485
171.550930
172.448073
173.775964
174.799093
175.687982
176.725624
177.596372
178.434467
179.635374
180.520635
181.322449
182.225850
182.955102
183.611791
184.500680
185.299592
186.009977
187.765986
190.558912
193.232109
196.192653
198.939864
201.778503
204.995918
208.039184
211.418639
214.896327
218.531701
223.503673
228.928435
234.452063
235.305215
236.100499
236.913197
237.720091
238.496644
239.264943
240.000000
240.792381
241.641361
242.934422
243.918367
245.404444
246.374603
247.875034
248.868571
250.219683
251.222494
252.317460
253.052517
253.709932
254.362993
255.055238
255.660408
256.322177
257.005714
257.684898
258.380227
259.221769
259.979320
260.749932
261.498776
262.400000
263.122721
263.915102
264.759728
266.318367
268.382041
272.683537
276.288435
278.722177
281.930884
284.300317
286.949138
289.573424
291.940136
295.967347
300.495238
305.564444
306.844444
308.104127
309.302857
310.476190
311.685079
312.863696
314.069569
315.545397
316.286984
317.023492
317.912381
318.974671
319.664762
320.380952
321.188571
322.481633
323.108571
323.779048
324.485079
325.404580
326.267937
327.014603
327.705397
328.441905
329.762540
330.595556
331.316825
332.099048
332.881270
333.631565
334.354286
335.081361
335.725714
336.357007
337.086984
337.732063
340.200635
343.453605
345.369252
349.879728
353.484626
356.139683
358.582857
361.178413
363.911837
366.188844
