1.851270
7.034830
11.994558
17.460272
22.120000
27.459592
32.921905
37.976871
43.741224
49.014558
53.994830
59.294150
64.879728
69.788299
75.237823
80.462313
86.420272
91.274286
96.529796
101.435918
106.962721
112.045850
117.049388
121.546531
125.527755
129.823401
134.405986
139.540000
145.758367
150.853061
156.598912
161.381769
166.978912
172.081633
177.207075
182.051156
186.740136
191.566395
196.234286
201.989796
207.816735
213.647823
221.375646
224.610431
229.216825
233.274286
237.280000
241.206349
245.326667
248.892336
252.375329
256.186259
260.197098
263.354150
267.124308
270.758730
274.248118
277.617687
280.873197
283.865624
286.889116
289.934286
293.160952
296.159048
299.515374
302.267710
306.007211
309.312018
313.976236
318.576508
323.265805
327.735465
332.564762
337.199819
341.916463
346.623900
351.881315
356.833016
361.869660
366.690476
372.021451
377.107392
381.795283
386.287075
390.895601
395.233424
399.983356
405.555465
412.421224
418.259274
425.213107
431.064490
436.463583
441.124853
445.554331
449.541315
453.420000
457.449524
462.090839
466.620000
471.204218
476.897188
484.040000
