0.331270
5.734966
11.034558
16.720272
22.274966
27.219592
33.081905
38.376871
44.721224
49.754558
54.774830
59.614150
65.419728
69.848299
75.097823
80.105578
86.681633
91.814286
96.996599
101.588980
106.962721
112.305850
117.289796
121.906531
126.067755
129.783401
133.625986
138.580000
144.278367
149.113061
154.238912
158.881769
164.398912
169.281633
174.347075
178.931156
183.300136
187.466395
191.531429
197.227347
203.056735
208.967823
215.395646
218.630431
222.876825
226.514286
230.400000
234.166349
237.946667
241.692336
245.415329
249.286259
252.757098
256.094150
259.504308
262.718730
265.928118
269.017687
271.933197
274.945624
277.909116
280.634286
283.480952
286.419048
289.395374
292.387710
295.847211
299.152018
303.556236
308.856508
314.185805
319.155465
324.284762
329.359819
334.316463
339.623900
345.561315
350.773016
355.809660
360.750476
366.201451
371.427392
376.055283
380.707075
384.995601
389.053424
393.263356
398.035465
404.641224
409.579274
416.773107
425.264490
430.943583
436.224853
440.714331
445.381315
449.688390
454.089524
458.830839
463.748322
467.664218
474.697188
484.660295
