0.331270
5.214966
10.134558
15.340272
20.434966
23.939592
29.421905
34.210612
40.381224
44.954558
49.494830
53.714150
58.579728
62.788299
67.037823
71.371156
77.600272
82.134286
86.896599
91.108980
96.322721
100.725850
105.049796
109.006531
112.847755
116.540000
120.345986
124.800000
131.338367
136.373061
140.918912
145.581769
150.557823
154.721633
159.047075
162.691156
166.260136
169.586395
173.151429
178.429796
184.036735
190.047823
197.695646
200.930431
204.636825
208.634286
212.240000
215.766349
219.186667
222.472336
225.520000
229.026259
232.297098
235.614150
238.844308
241.678730
244.468118
246.817687
248.960000
251.065624
252.989116
254.920000
256.760952
258.779048
260.775374
262.927710
265.427211
268.112018
273.116236
277.496508
282.025805
285.915465
290.324762
294.359819
298.556463
302.903900
308.221315
312.693016
317.509660
321.750476
326.781451
331.227392
335.455283
339.487075
343.435601
347.253424
351.243356
355.935465
362.721224
368.859274
375.053107
380.684490
385.383583
390.344853
393.994331
397.940000
401.128390
404.649524
408.890839
412.928322
417.544218
423.457188
432.340295
