0.711270
6.709660
12.254558
18.180272
24.354966
30.519592
36.681905
43.080544
49.821224
56.409116
62.274830
68.754150
76.479728
82.148299
88.057823
94.285578
102.020272
107.914286
113.816599
119.648980
125.502721
131.465850
137.589796
143.386531
148.455510
152.923401
157.645986
163.340000
170.398367
175.793061
182.698912
188.241769
195.098912
201.121633
207.267075
212.696599
218.880136
224.226395
229.431429
236.614694
244.676735
252.167823
261.835646
265.770431
271.136825
276.094286
281.340000
286.286349
291.526667
296.560363
301.355329
306.646259
311.277098
315.594150
320.144308
324.278730
328.389297
331.957687
335.453197
338.425624
341.429116
344.534286
347.340952
350.079048
352.775374
355.467710
358.367211
361.932018
367.536236
372.836508
378.145805
383.055465
388.840000
393.439819
398.476463
403.703900
409.701315
415.413016
421.129660
426.630476
432.301451
438.427392
443.975283
449.327075
454.515601
459.273424
464.383356
471.295465
479.541224
485.579274
493.353107
500.604490
506.783583
512.824853
518.454331
524.161315
529.488390
535.409524
541.690839
547.488322
553.849524
561.597188
572.240295
