0.831270
6.354966
11.874558
17.280272
22.774966
28.679592
33.921905
39.628707
45.321224
50.714558
55.894830
61.294150
66.519728
71.448299
77.277823
82.556735
89.020272
94.294286
100.036599
104.828980
110.362721
115.385850
120.489796
125.106531
129.427755
133.663401
137.925986
142.860000
149.778367
154.853061
160.178912
165.581224
170.738912
175.761633
181.167075
186.051156
190.800136
195.606395
199.951429
205.809796
211.976735
218.527823
227.535646
230.770431
235.516825
240.134286
244.800000
249.046349
253.926667
258.272336
262.535329
266.746259
270.737098
274.534150
278.384308
281.978730
285.820590
289.577687
293.333197
297.105624
300.789116
304.674286
308.500952
312.219048
316.287619
320.447710
324.687211
329.032018
334.916236
339.636508
344.105805
348.815465
353.484762
357.999819
362.656463
367.143900
372.361315
377.313016
382.608299
387.420952
392.341451
397.507392
402.175283
406.867075
411.395601
415.553424
419.843356
424.760000
432.701224
438.879274
445.873107
452.264490
458.003583
464.044853
468.634331
473.181315
477.268390
481.649524
486.290839
491.468322
496.804218
503.717188
513.980295
