1.491270
6.514966
11.234558
16.680272
21.600000
27.059592
32.401905
37.861224
43.661224
48.749116
54.234830
59.034150
64.499728
69.488299
74.777823
80.262313
86.160272
90.754286
96.256599
101.028980
106.142721
111.065850
116.089796
120.626531
124.927755
129.183401
133.645986
138.580000
144.178367
148.953061
153.958912
158.610612
163.518912
167.881633
172.967075
177.631156
182.480136
187.006395
191.191429
196.629796
201.976735
207.347823
214.575646
217.810431
222.476825
226.794286
230.720000
234.666349
238.586667
242.712336
246.415329
250.186259
253.737098
257.434150
260.997234
264.218730
267.400590
270.697687
273.853197
277.005624
280.289116
283.194286
286.340952
289.539048
292.685986
295.547710
298.987211
303.032018
307.496236
311.956508
316.465805
320.615465
325.264762
329.239819
333.696463
338.063900
343.021315
347.653016
352.329660
356.890476
361.601451
366.407392
371.055283
375.387075
379.735601
383.873424
388.023356
392.695465
399.021224
403.719274
409.593107
415.604490
420.543583
424.884853
429.474331
434.121315
438.428390
443.109524
448.070839
452.668322
457.824218
463.457188
471.360295
