0.311270
5.854966
11.094558
16.500272
21.754966
26.379592
33.161905
38.436871
44.901224
50.414558
55.934830
61.014150
66.579728
71.628299
76.737823
82.065578
88.700272
94.014286
99.559592
104.528980
109.702721
114.445850
119.369796
123.926531
127.787755
131.483401
135.477959
140.720000
148.238367
152.313061
157.858912
162.301769
167.718912
172.381633
177.487075
181.791156
186.500136
190.346395
194.242857
200.769796
206.536735
212.087823
219.455646
222.690431
227.276825
231.154286
235.100000
238.766349
242.346667
246.052336
249.435329
253.246259
256.597098
260.014150
263.484308
266.658730
270.068118
273.177687
276.213197
279.205624
282.329116
285.334286
288.640952
292.079048
295.655374
298.967710
302.787211
306.672018
311.360000
315.936508
320.565805
325.015465
329.544762
333.959819
338.336463
342.943900
348.081315
352.993016
357.829660
362.290476
366.961451
371.367392
375.635283
379.627075
383.600000
387.213424
391.523356
397.835465
406.681224
412.599274
419.893107
426.524490
432.203583
437.224853
441.434331
445.721315
449.368390
453.300000
457.750839
461.908322
466.244218
471.877188
479.200295
