0.731270
5.734966
10.281905
15.340272
19.880000
24.619592
29.161905
33.496871
39.181224
43.934558
48.314830
52.774150
57.799728
61.768299
66.477823
70.625578
75.860272
80.094286
84.416599
88.628980
93.242721
97.545850
101.769796
105.846531
109.687755
113.323401
117.285986
121.600000
126.498367
130.913061
135.458912
139.641769
144.398912
148.581633
152.827075
156.631156
160.300136
163.886395
167.651429
172.249796
176.596735
181.007823
187.155646
190.390431
194.896825
197.774286
201.080000
204.526349
207.966667
211.312336
214.635329
217.866259
221.557098
224.474150
228.124308
231.378730
235.008118
238.097687
240.833197
243.365624
245.809116
248.214286
250.560952
253.119048
255.755374
258.247710
260.947211
263.952018
268.036236
272.156508
276.325805
280.860000
284.444762
288.399819
292.336463
296.203900
300.741315
304.913016
309.329660
313.360000
317.681451
321.767392
325.695283
329.467075
333.175601
336.853424
340.743356
345.375465
351.421224
355.959274
361.553107
366.264490
370.383583
375.100000
378.720000
382.240000
385.988390
389.969524
393.950839
397.480000
401.424218
406.637188
413.800295
