1.281451
3.807891
6.352063
9.039955
11.601587
14.390295
17.042766
19.784082
22.810476
25.789796
28.959093
31.980726
35.840000
39.265079
43.363129
47.277052
51.355102
55.580408
59.290612
63.161361
66.895510
71.013016
74.919048
78.870068
82.899184
87.923628
90.844082
93.874603
96.241633
98.845034
101.731429
105.780000
109.917642
113.979456
118.948254
122.255510
125.509569
128.694558
132.231837
134.946122
137.811746
140.622857
143.521224
146.313243
149.192381
152.280408
155.220045
158.511701
160.987483
163.681633
166.276463
168.848571
171.920000
175.075238
178.421542
182.881633
186.739637
190.622358
194.370794
198.163129
202.020045
206.118639
210.136372
213.923855
218.409841
222.456190
226.684444
230.985714
235.057823
239.403265
244.944626
249.695556
254.038503
257.726259
261.992381
266.426077
271.935193
