0.981451
3.227891
5.572063
7.999955
10.321587
12.770295
15.142766
17.544082
20.290476
23.769796
26.899093
29.320726
33.393016
37.545079
42.503129
46.877052
51.215102
55.760408
60.150612
64.441361
68.711020
72.913016
76.959048
80.810068
84.959184
89.903628
92.680000
95.734603
98.041633
100.515011
103.071429
107.980000
111.757642
115.539456
120.564127
124.855510
128.729569
132.274558
136.051020
138.966122
141.611746
144.202857
146.821224
149.513243
152.052381
154.800408
157.480045
160.931701
163.587483
166.101633
168.716463
171.188571
174.514104
177.680000
181.321542
186.341633
190.839637
195.422358
200.010794
204.023129
208.520045
212.778639
217.076372
221.403855
226.009841
230.616190
234.904444
239.545714
243.537823
247.952653
253.064626
259.755556
264.798503
269.406259
274.212381
278.786077
283.815193
