1.401451
3.927891
6.552063
9.279909
11.861587
14.670295
17.362766
20.144082
22.930476
26.369796
29.379093
32.100726
35.873016
39.485079
43.283129
46.697052
50.315102
54.180408
58.030612
61.681361
65.295510
69.353016
73.259048
77.150068
81.099184
85.983628
89.304082
92.974603
95.841633
98.855011
101.871429
106.779456
111.417642
115.539456
120.744127
125.195510
129.129569
133.174558
138.011837
141.306122
144.591746
147.882857
151.061224
154.279728
157.492381
161.480408
165.260045
169.883401
173.907483
177.741633
181.576463
184.868571
188.634104
192.475238
196.201542
200.441633
204.299637
208.422358
212.470794
216.543129
220.920045
224.918639
228.816372
232.763855
236.849841
240.956190
244.924444
249.065714
252.917823
257.155510
262.284626
266.795556
272.258503
276.346259
282.372381
287.646077
296.935193
