1.001451
3.207891
5.452063
7.719955
9.881587
12.150295
14.342766
16.684082
19.150476
22.029796
24.839093
27.320726
30.860000
34.565079
38.563129
42.277052
46.315102
50.340816
54.250612
58.081361
61.835510
65.613016
69.519048
73.470068
77.279184
81.483628
83.844082
86.734603
89.081633
91.615011
94.251429
98.519456
102.737642
106.837279
111.160000
114.495510
117.709569
120.794558
124.191837
126.886122
129.671746
132.302857
134.981224
137.833243
140.672381
143.460408
146.340045
149.611701
152.267483
154.961633
157.516463
159.988571
163.080000
166.240000
169.741542
174.621633
179.399637
183.962358
188.390794
192.703129
197.220045
201.478639
205.798231
209.543855
213.929841
218.156190
222.284444
226.525714
230.437823
234.843265
240.040000
244.811111
249.438503
254.326259
259.212381
264.226077
269.855193
