0.941451
3.187891
5.472063
7.779955
10.021587
12.430295
14.782766
17.264082
19.870476
23.089796
25.599093
28.060726
31.513016
34.985079
39.043129
43.157052
47.575102
51.840408
56.150612
60.141361
64.335510
68.553016
72.819048
76.890068
81.079184
85.483628
87.924082
91.034603
93.341633
95.555011
98.031429
103.039456
106.877642
110.539456
114.744127
117.435510
120.349569
123.494558
126.911837
129.826122
132.691746
135.622857
138.621224
141.753243
144.692381
147.820408
150.960091
155.111701
157.627483
160.221633
162.816463
165.128571
167.894104
170.515238
173.601542
178.001633
182.319637
186.622358
190.610794
194.023129
198.020045
201.918639
206.056372
209.743855
214.509841
218.516190
222.704444
226.825714
230.717823
235.283265
240.664626
246.435556
250.918503
255.346259
259.352381
263.886077
269.095193
