2.121451
4.667891
7.272063
9.879955
12.361587
15.050295
17.702766
20.364082
23.650476
26.989796
30.339093
33.100726
36.993016
41.385079
46.183129
50.277052
54.715102
59.160408
63.550612
67.741361
72.335510
76.233016
80.679048
84.970068
89.059184
93.643628
95.904082
99.054603
101.541633
104.195011
106.951429
110.999456
115.257642
118.999456
123.544127
126.855510
130.109569
133.334558
136.671837
139.326122
142.051746
144.802857
147.461224
150.693243
153.912381
157.340408
160.880045
165.371701
168.227483
170.981633
173.656463
176.060000
179.014104
182.255238
185.881542
190.300000
194.719637
199.322358
203.750794
207.903129
212.660045
217.438639
221.776372
226.363855
231.189841
235.356190
240.164444
244.745714
249.117823
254.019184
259.904626
264.915556
269.558503
273.766259
278.252381
283.246077
288.475193
