0.830113
4.257098
7.591746
11.193741
14.802993
18.970159
23.027211
27.026531
30.812245
35.136463
38.667347
42.694785
46.055941
49.763696
53.604263
57.940454
61.769342
65.609932
69.493016
73.372744
77.466032
81.922540
86.410136
90.615102
93.805374
96.846395
99.617778
102.842653
105.745510
108.893719
111.784603
114.831361
117.779819
120.572630
122.932585
125.422812
127.720635
129.984785
132.055646
133.931066
135.963039
137.781088
139.915646
142.875646
145.292517
147.523265
149.749819
151.871587
154.002290
156.039977
158.328730
160.129388
162.640000
165.807755
168.570635
171.637188
174.992494
181.302630
184.299592
187.058526
189.698844
192.371542
195.159546
197.587778
200.325533
203.073379
205.594717
208.146780
210.308005
212.481519
215.143265
218.334739
221.672971
224.900000
228.567800
232.466848
236.159388
240.674671
244.740000
250.050794
254.280000
257.721905
260.855011
263.858050
267.019048
270.510068
273.785714
277.909206
281.536825
284.890431
288.110159
291.476508
294.709524
297.903492
301.134558
304.407347
307.382993
310.864127
314.034240
316.978413
320.059592
323.254467
326.412744
329.399433
332.216440
334.713946
337.549841
340.230159
342.785283
345.516259
348.228730
350.913696
353.596667
356.865193
359.886145
362.827959
365.625714
368.130272
371.660454
374.548957
377.580907
380.658095
383.403492
385.436327
387.510340
389.578005
391.425692
392.967211
394.397098
395.980000
397.493946
398.867619
400.745079
402.601950
405.450159
408.980635
411.480952
414.599365
418.440000
422.441270
429.663175
433.601746
437.404762
441.114603
445.571950
448.878413
452.360952
455.931429
459.440000
463.078730
468.073968
472.064603
476.133333
479.850658
483.996190
487.641270
491.142857
494.820000
498.520000
502.329070
506.862063
510.472721
514.550930
520.567098
524.245420
527.941179
531.458050
535.396508
539.498889
542.936440
547.353923
550.874399
554.928005
558.044807
561.070476
564.507619
568.695646
573.162676
577.209138
581.068277
584.708277
588.242245
591.537460
594.630907
596.883673
599.375374
604.341905
609.524762
616.669796
620.705850
624.985850
628.950385
634.085034
637.902177
641.376735
645.748027
649.309388
652.970839
656.753741
661.239728
664.889524
670.185306
683.301995
