0.220000
3.037098
5.971746
9.233741
12.322993
16.470159
19.627211
23.295510
26.532245
29.640000
32.827347
36.374785
39.915941
43.580000
47.524263
51.280454
54.929342
58.589932
62.953016
66.692744
71.866032
75.882540
80.250136
82.795102
85.525374
88.040000
90.537778
93.242653
95.805510
98.453719
101.124603
103.651361
106.139819
108.872630
111.352585
113.982812
116.620635
119.264785
121.535646
123.691066
125.923039
127.901088
129.855646
131.900000
133.812517
135.783265
137.780000
139.811587
141.780000
143.739977
145.588730
147.389388
150.155896
152.473469
154.970635
157.517188
160.412494
164.842630
168.339592
171.718526
174.838844
178.231542
181.559546
184.707778
188.105533
191.333379
194.014717
196.626780
199.208005
201.781519
205.043265
208.834739
213.432971
217.049524
220.927800
225.406848
229.279388
234.854671
238.660000
243.660000
246.680000
250.181905
253.055011
256.218050
259.519048
262.810068
266.125714
270.569206
273.676825
277.150431
280.450159
283.796508
286.849524
290.143492
293.504853
296.847347
300.182993
303.444127
306.754240
309.938413
312.979592
315.974467
319.052744
322.179433
324.996440
327.373946
329.909841
332.260000
334.545283
336.896259
339.268730
341.633696
344.016667
346.505193
349.066145
351.627959
354.345714
357.030272
360.000454
362.568957
365.800907
368.718095
370.966984
372.996327
374.950340
377.098005
379.045692
380.887211
382.677098
384.459660
386.413946
388.467619
390.405079
392.501950
395.870159
399.360635
401.860952
405.199365
409.298095
413.441270
419.283175
423.181746
426.904762
430.694603
434.731950
438.338413
442.180952
446.031429
450.298730
454.518730
460.513968
464.424603
468.733333
472.200000
476.216190
480.201270
484.162857
488.226803
492.688571
496.849070
501.082063
504.592721
508.730930
515.747098
518.865420
521.521179
524.078050
526.856508
529.678889
532.616440
535.693923
538.700000
541.868005
544.544807
547.863492
551.347619
555.315646
559.922676
563.649138
567.368277
571.028277
575.022245
577.960000
580.350907
582.563673
584.915374
588.581905
592.067619
598.709796
602.245850
606.245850
609.790385
615.045034
618.670884
621.844082
625.968027
629.387347
632.950839
636.333741
640.539728
644.329524
648.605306
655.461995
