0.830113
3.997098
7.051746
10.340000
12.962993
16.450159
19.367211
23.295510
26.952245
30.376463
33.767347
36.134785
39.335941
42.563696
45.804263
49.000454
52.109342
55.589932
59.193016
62.852744
66.386032
70.122540
74.490136
77.275102
79.965374
82.626395
84.897778
87.462653
89.885510
92.413719
94.700000
97.311361
99.879819
102.392630
104.592585
107.022812
109.200635
111.584785
113.795646
115.931066
118.043039
120.101088
122.175646
124.455646
126.372517
128.443265
130.449819
132.471587
134.582290
136.480000
138.548730
140.240000
142.715896
145.113469
147.370635
149.757188
152.052494
158.382630
161.299592
163.918526
166.538844
169.211542
172.060000
174.507778
177.245533
179.893379
182.454717
184.886780
187.508005
189.781519
192.523265
195.594739
198.732971
201.569524
205.047800
207.966848
210.720000
214.474671
218.260000
223.350794
227.660000
230.961905
234.015011
236.878050
240.499048
243.930068
247.265714
251.249206
253.956825
256.850431
259.450159
261.976508
264.680000
267.323492
270.004853
272.687347
275.162993
277.644127
280.174240
282.598413
284.900000
287.254467
289.472744
291.619433
294.056440
296.073946
298.429841
300.690159
302.845283
305.276259
307.188730
309.253696
311.576667
314.065193
316.626145
318.947959
321.365714
323.610272
326.140454
328.508957
331.040907
333.578095
335.803492
337.916327
340.130340
342.258005
344.165692
346.247211
348.057098
349.879660
351.513946
353.307619
355.085079
356.901950
359.390159
362.920635
365.480952
368.639365
372.258095
376.061270
383.483175
387.201746
390.864762
394.134603
397.611950
400.238413
403.060952
406.291429
409.718730
412.758730
417.633968
420.164603
424.033333
427.690658
431.096190
434.001270
436.842857
440.226803
443.368571
446.649070
450.042063
453.212721
456.950930
462.787098
465.985420
469.181179
472.438050
475.736508
479.038889
481.996440
485.253923
488.260000
491.568005
494.464807
497.263492
499.747619
503.155646
506.902676
510.389138
513.488277
516.628277
519.282245
521.697460
523.750907
525.783673
528.695374
532.741905
536.989524
542.969796
546.689252
550.685850
553.970385
558.485034
561.602177
564.284082
567.520000
570.547347
573.910839
577.293741
581.359728
584.929524
589.465306
598.381995
