0.830113
4.157098
7.471746
10.993741
14.242993
17.710159
21.387211
24.575510
28.292245
32.196463
35.687347
39.134785
42.795941
46.623696
50.864263
54.700454
58.089342
61.569932
65.793016
69.532744
73.686032
77.842540
82.630136
85.175102
87.820000
90.406395
92.897778
95.782653
98.385510
100.973719
103.540000
106.011361
108.619819
111.412630
113.932585
116.762812
119.240635
121.704785
123.955646
126.051066
128.203039
130.061088
132.015646
134.015646
135.772517
137.643265
139.480000
141.331587
143.222290
144.880000
146.968730
148.389388
150.835896
153.113469
155.170635
157.457188
160.312494
166.542630
169.499592
172.398526
175.198844
178.091542
180.959546
183.687778
186.405533
189.193379
191.554717
193.786780
195.768005
197.601519
199.883265
202.754739
205.252971
207.920000
211.087800
214.106848
217.059388
221.294671
224.575556
230.430794
233.380000
236.401905
239.235011
241.958050
244.659048
247.440000
250.260000
253.449206
256.360000
259.050431
261.670159
264.216508
266.909524
269.503492
272.044853
274.727347
277.262993
279.844127
282.594240
285.178413
287.619592
290.114467
292.772744
295.279433
297.696440
299.953946
302.309841
304.790159
307.205283
309.616259
311.968730
314.373696
316.756667
319.285193
321.966145
324.587959
326.885714
329.490272
332.220454
334.728957
337.260907
340.098095
342.403492
344.436327
346.670340
348.758005
350.505692
352.327211
353.877098
355.619660
357.373946
358.987619
360.605079
362.361950
364.890159
368.540635
371.140952
373.839365
377.058095
379.701270
385.303175
389.841746
393.844762
397.120000
401.351950
404.578413
407.940952
411.611429
415.238730
418.818730
424.273968
427.784603
431.293333
435.250658
439.296190
442.781270
446.742857
450.906803
454.888571
458.809070
462.460000
465.752721
469.330930
475.540000
478.605420
481.641179
484.518050
487.496508
490.398889
493.376440
496.533923
499.480000
502.688005
505.264807
507.663492
510.207619
513.515646
516.822676
519.889138
522.688277
525.748277
528.742245
531.397460
533.610907
535.923673
538.235374
541.801905
545.149524
550.880000
555.445850
558.960000
562.630385
567.405034
570.799592
573.824082
577.468027
580.807347
584.330839
587.713741
591.319728
594.529524
598.465306
607.401995
