0.830113
4.137098
7.451746
11.053741
14.400000
18.290159
21.207211
24.815510
28.592245
32.576463
36.007347
39.814785
43.555941
47.463696
51.244263
54.861361
58.889342
62.809932
66.473016
70.092744
74.286032
78.162540
82.350136
84.875102
87.865374
90.546395
93.237778
96.102653
98.885510
101.673719
104.324603
107.171361
109.979819
112.212630
113.932585
116.342812
118.100635
120.084785
121.855646
123.731066
125.520000
127.341088
129.315646
131.495646
133.572517
135.643265
137.789819
139.951587
142.080000
144.180000
146.388730
148.220000
150.915896
153.273469
155.730635
158.157188
160.872494
166.962630
170.659592
173.998526
177.078844
180.191542
183.479546
186.347778
189.425533
192.393379
194.914717
197.326780
199.508005
201.321519
203.863265
207.334739
211.012971
214.189524
217.767800
221.186848
224.540000
228.954671
232.535556
237.370794
241.160000
244.621905
248.275011
251.218050
254.219048
257.290068
260.240000
263.820000
266.376825
269.070431
271.610159
274.400000
276.829524
279.583492
282.044853
285.027347
287.460000
290.024127
292.454240
294.638413
296.879592
298.994467
301.172744
303.239433
305.536440
307.873946
310.249841
312.630159
314.885283
317.476259
319.888730
322.073696
324.636667
327.325193
329.846145
332.487959
335.045714
337.360000
340.280000
342.688957
345.540907
348.418095
350.703492
352.416327
354.000000
355.898005
357.440000
359.167211
360.557098
362.259660
363.853946
365.607619
367.385079
369.401950
372.250159
375.380635
378.040952
381.179365
384.718095
388.581270
393.663175
397.821746
401.664762
405.534603
409.671950
413.438413
416.580000
419.571429
422.498730
425.978730
430.933968
433.920000
437.593333
441.490658
445.496190
449.061270
452.742857
456.326803
459.848571
463.809070
467.962063
471.572721
475.470930
480.927098
484.845420
488.883537
492.798050
496.676508
500.978889
504.596440
508.573923
512.174399
516.128005
519.024807
522.223492
525.607619
528.795646
532.542676
536.429138
540.408277
544.268277
548.142245
551.497460
554.490907
557.023673
559.495374
563.901905
567.789524
574.969796
578.565850
582.625850
585.610385
590.565034
593.982177
596.824082
600.640000
603.967347
607.430839
610.953741
615.259728
618.909524
623.145306
628.341995
