0.520000
3.717098
7.031746
10.733741
14.482993
19.230159
23.247211
26.915510
30.652245
34.636463
38.187347
42.054785
46.255941
50.183696
54.484263
58.380454
62.953424
67.429932
71.773016
76.152744
80.606032
85.222540
90.330136
93.195102
96.765374
99.986395
103.237778
106.562653
109.965510
113.333719
116.764603
119.951361
123.299819
126.672630
129.452585
132.622812
135.360635
138.264785
140.835646
142.971066
145.523039
147.741088
150.175646
152.475646
154.672517
157.143265
159.529819
161.831587
164.222290
166.519977
168.788730
170.829388
173.775896
176.313469
178.930635
181.797188
185.112494
190.822630
194.179184
197.418526
200.358844
203.591542
206.779546
209.847778
213.025533
215.993379
218.634717
221.454240
223.888005
226.341519
228.863265
231.994739
234.780000
237.709524
241.287800
244.626848
248.219388
253.534671
257.080000
262.500000
265.680000
269.001905
272.375011
275.478050
278.839048
282.230068
285.525714
288.829206
291.916825
295.190431
298.230159
301.376508
304.289524
307.523492
310.804853
314.007347
317.202993
320.264127
323.308481
326.458413
329.319592
332.714467
335.972744
338.959433
341.916440
344.773946
347.709841
350.650159
353.445283
356.296259
359.188730
362.033696
364.816667
367.905193
371.146145
373.867959
376.745714
379.330272
383.040454
386.108957
389.240907
392.538095
395.623492
397.956327
400.710340
403.278005
405.585692
407.787211
409.857098
412.199660
414.253946
416.267619
418.165079
420.261950
422.850159
426.120635
428.840000
431.999365
436.278095
439.861270
446.463175
450.821746
454.684762
458.794603
463.151950
467.418413
471.196190
475.991429
480.578730
485.378730
492.123810
496.164603
500.693333
504.810658
509.656190
513.701270
518.265714
522.726803
527.448571
531.929070
536.942063
541.572721
546.610930
554.987098
558.765420
562.701179
566.258050
570.056508
574.018889
577.785760
581.633923
585.594399
589.968005
593.544807
597.123492
601.267619
605.635646
611.002676
615.369138
619.768277
623.948277
628.182245
632.157460
636.690907
640.723673
644.635374
650.441905
655.729524
665.629796
669.345850
673.685850
677.370385
681.905034
685.322177
689.004082
693.108027
696.947347
700.610839
704.553741
708.779728
712.029524
716.505306
723.901995
