0.620000
3.577098
6.831746
10.433741
13.962993
18.130159
22.147211
26.135510
29.892245
34.696463
38.127347
42.114785
46.155941
49.923696
54.664263
58.600454
63.009342
67.749932
72.693016
77.112744
81.426032
86.162540
91.390136
94.615102
97.945374
100.926395
103.997778
107.222653
110.285510
113.453719
116.564603
119.802721
122.879819
125.972630
128.272585
130.782812
133.060635
135.404785
137.515646
139.431066
141.600000
143.541088
145.735646
148.075646
150.352517
152.603265
154.989819
157.331587
159.662290
161.879977
164.168730
166.169388
168.835896
171.473469
173.930635
176.617188
179.612494
186.702630
190.079592
193.418526
196.758844
200.211542
203.539546
206.627778
210.045533
213.193379
216.074717
218.606780
221.468005
224.061519
226.903265
230.234739
233.752971
237.500000
242.087800
246.826848
251.140000
255.694671
259.495556
264.450794
269.040000
272.861905
276.115011
279.318050
282.419048
285.750068
289.245714
293.309206
296.876825
300.330431
303.570159
306.836508
310.489524
313.743492
317.444853
320.867347
324.982993
328.464127
332.054240
335.698413
338.979592
342.534467
345.712744
348.399433
351.596440
354.133946
356.929841
359.710159
362.085283
364.936259
367.408730
370.253696
372.856667
375.985193
378.866145
381.747959
384.665714
387.550272
390.660454
393.668957
396.900907
400.198095
402.823492
405.076327
407.450340
409.778005
411.965692
414.067211
416.057098
418.079660
420.153946
422.427619
424.825079
427.001950
430.330159
433.703810
436.440952
440.019365
443.958095
448.021270
453.923175
457.581746
461.344762
465.194603
469.531950
473.318413
477.460952
481.651429
485.138730
489.277460
494.773968
497.824603
501.753333
505.510658
509.716190
514.041270
518.102857
522.506803
526.528571
530.689070
535.702063
540.412721
545.650930
552.687098
557.065420
561.441179
565.818050
570.416508
575.398889
579.656440
584.633923
589.554399
594.348005
598.289615
601.883492
605.747619
608.795646
612.285351
616.189138
620.228277
623.868277
627.562245
631.177460
634.450907
637.103673
639.615374
644.061905
647.889524
655.809796
660.075102
664.225850
667.810385
672.405034
675.362177
678.096327
682.068027
685.547347
689.310839
693.153741
697.539728
701.489524
706.065306
714.701995
