0.462857
1.015510
1.750204
2.451973
3.202993
3.962653
4.650552
5.340680
6.083265
6.814150
7.529388
8.293356
8.990794
9.717551
10.423810
11.161224
11.844286
12.604898
13.336871
14.055782
14.827755
15.535510
16.277279
17.003129
17.786395
18.492653
19.261088
19.971020
20.708980
21.433469
22.121361
22.894150
23.637959
24.355102
25.056327
25.777143
26.504626
27.239592
27.981361
28.695918
29.422041
30.114603
30.881995
31.562948
32.266349
33.011565
33.720408
34.468435
35.208707
35.939546
36.663129
37.435510
38.150884
38.872381
39.597596
40.357732
41.049478
41.767891
42.478639
43.189524
43.931156
44.584626
45.328707
46.071973
46.796054
47.174558
47.937415
48.720816
49.856508
50.660612
51.422313
52.164354
52.944082
53.680862
54.463673
55.249388
56.014286
56.755918
57.546667
58.269116
59.031882
59.789252
60.498821
61.274694
62.031565
62.786667
63.568707
64.342041
65.103265
65.859184
66.590748
67.351020
68.104354
68.830748
69.557959
70.315646
71.041587
71.816190
72.601769
73.355556
74.162449
74.872109
75.643265
76.384626
77.159048
77.937460
78.726735
79.480680
80.240952
80.935102
81.708254
82.540816
83.251020
84.018912
84.746531
85.529660
86.302993
87.107211
87.877551
88.634694
89.384898
90.142041
90.925306
91.617188
92.315646
93.079320
93.812109
94.514512
95.269932
95.974014
96.688481
97.446531
98.244127
99.023809
99.772245
100.525079
101.300045
102.045646
102.818095
103.593061
104.311746
105.053742
105.796190
106.564082
107.324082
107.969388
108.853469
109.632789
110.369660
111.116054
111.867619
112.666122
113.476372
114.213617
115.105442
116.075374
116.757143
117.612245
118.380816
119.259184
120.113061
120.893878
121.585397
122.518775
123.289388
124.109569
124.809342
125.644218
126.508980
127.281225
128.077143
128.865714
129.634014
130.386939
131.140272
131.972789
132.811429
133.749116
135.197405
136.402177
137.194694
138.087551
138.914694
139.960968
140.792064
141.925986
142.992336
144.031746
144.807256
145.733968
146.637108
147.713741
148.778073
149.890748
150.862177
151.890340
152.854513
154.259093
155.913560
156.902222
157.804603
158.844233
159.572608
160.647755
161.355031
162.312381
163.354263
164.262676
165.167007
165.967710
166.924082
167.813333
168.642939
169.520136
170.396599
171.352426
172.328798
173.565986
175.254966
176.037596
176.786440
177.584444
178.312971
179.078594
179.795510
180.533197
181.255918
182.026213
182.731111
183.465079
184.243356
185.027075
185.814898
186.538775
187.497551
188.181905
188.835102
189.522993
190.320907
191.071429
191.784127
192.522018
193.256326
194.001927
194.714014
195.460544
196.222494
196.954286
197.693696
198.480907
199.313333
200.279592
201.047438
201.787937
202.502313
203.264762
204.023175
204.784671
205.574399
206.295238
207.016825
207.784444
208.487347
209.202902
210.013061
210.753061
211.557846
212.277551
213.107755
213.873379
214.633832
215.341723
216.134399
216.891746
217.644218
218.456100
219.312336
220.216281
221.292698
223.306122
224.299002
225.151429
225.992245
226.974422
228.048980
229.038231
230.367347
232.149796
233.455102
234.456898
235.468571
236.587755
237.308163
238.246939
239.149150
240.208163
241.038413
241.828571
242.544898
243.274286
244.020408
244.743265
245.466531
246.194921
246.953469
247.668571
248.350159
249.118095
249.835102
250.620000
251.323674
251.993878
252.734286
253.431020
254.148254
254.824898
255.565306
256.246259
257.013061
257.765714
258.517143
259.248571
260.012653
260.724082
261.478367
262.177551
262.907755
263.591429
264.341905
265.054694
265.821224
266.545850
267.291020
268.011020
268.734286
269.460816
270.180408
270.882449
271.627347
272.382041
273.130204
273.851837
274.584082
275.316508
276.059184
276.799683
277.576190
278.325714
279.092653
279.833129
280.559615
281.338775
282.090794
282.849184
283.616735
284.356508
285.129660
285.830204
286.588571
287.294286
288.065714
288.758367
289.523673
290.258481
290.999388
291.738367
292.449796
293.265714
293.964490
294.686122
295.418367
296.112517
296.707755
297.457415
298.228390
299.012245
299.737143
300.499592
301.180816
301.930612
302.835612
303.861995
306.877551
