1.722857
2.455510
3.150204
3.831973
4.522993
5.245306
5.891655
6.590340
7.283265
7.994150
8.689388
9.413356
10.055397
10.757551
11.423810
12.101224
12.764286
13.484898
14.176871
14.855782
15.587755
16.295510
16.977279
17.683129
18.426395
19.092653
19.801088
20.491020
21.188980
21.873469
22.541361
23.294150
23.997959
24.635102
25.316327
26.017143
26.684626
27.379592
28.021361
28.755918
29.462041
30.094603
30.801995
31.462948
32.146349
32.831565
33.540408
34.228435
34.948707
35.639546
36.343129
37.075510
37.750884
38.432381
39.117596
39.737732
40.469478
41.167891
41.818639
42.509524
43.171156
43.844626
44.568707
45.291973
45.936054
46.654558
47.337415
48.080816
48.796508
49.490612
50.262313
51.032177
51.824082
52.530431
53.303673
54.149388
54.894286
55.635918
56.426667
57.189116
57.971882
58.669252
59.498821
60.274694
61.071565
61.883333
62.668707
63.441020
64.203265
64.939184
65.730748
66.491020
67.264354
68.030748
68.777959
69.535646
70.283175
71.036190
71.801769
72.535556
73.282449
73.932109
74.683265
75.384626
76.119048
76.837460
77.553469
78.320680
79.060952
79.797551
80.568254
81.300816
82.011020
82.738912
83.473265
84.189660
84.922993
85.647211
86.397551
87.114694
87.844898
88.562041
89.292653
89.917188
90.615646
91.379320
92.092109
92.731504
93.469932
94.154014
94.848481
95.526531
96.264127
96.963809
97.692245
98.385079
99.120045
99.831293
100.538095
101.273061
101.991746
102.676871
103.416190
104.184082
104.924082
105.549388
106.393469
107.132789
107.849660
108.576054
109.327619
110.066122
110.816372
111.534467
112.305442
113.075374
113.917143
114.752245
115.420816
116.299184
117.113061
117.933878
118.685397
119.658775
120.369388
121.249569
121.949342
122.644218
123.508980
124.160816
124.957143
125.665714
126.374014
127.126939
127.860272
128.652789
129.511429
130.638445
131.748186
132.922177
134.014694
134.907551
136.014694
137.182902
137.812063
139.025986
140.112336
141.155873
142.107256
143.233968
144.253968
145.273741
146.538073
147.750748
148.842177
149.850340
150.974513
152.139093
153.393560
154.410556
155.384603
156.392698
157.376304
158.367755
159.285714
160.352381
161.414263
162.382676
163.221168
164.227710
165.344082
166.353333
167.334694
168.450068
169.496599
170.532426
171.554399
172.685986
174.134966
175.037596
175.806440
176.804444
177.632970
178.478594
179.255510
180.013197
180.795918
181.566213
182.275556
183.005079
183.703356
184.403537
185.094898
185.738776
186.477551
187.127619
187.815102
188.482993
189.200907
189.871429
190.584127
191.242018
191.916326
192.601927
193.287007
193.960544
194.662494
195.354286
196.053696
196.800907
197.557778
198.279592
199.047438
199.787937
200.462313
201.204762
201.943175
202.644671
203.354399
204.035238
204.736825
205.424444
206.107347
206.802903
207.553061
208.253061
208.998923
209.637551
210.387755
211.093379
211.793832
212.461723
213.194399
213.891746
214.604218
215.316100
216.112336
216.956281
217.972698
219.946122
220.939002
222.231429
223.332245
224.354422
225.867755
227.458231
229.047347
230.829796
232.535102
233.544490
234.568571
236.127755
237.428163
238.826939
240.149796
241.748163
243.038413
244.848571
245.944898
247.034286
248.080408
249.103265
250.106531
251.094921
252.093469
253.022857
254.050476
254.958095
256.035102
257.100000
258.103674
258.953878
259.874286
260.771020
261.688254
262.524898
263.385306
264.166259
264.993061
265.785714
266.557143
267.288571
268.072653
268.824082
269.598367
270.368776
271.067755
271.811429
272.561905
273.294694
274.041224
274.765850
275.511020
276.231020
276.914286
277.640816
278.340408
278.982449
279.667347
280.342041
281.035102
281.705918
282.424082
283.076508
283.739184
284.439683
285.116191
285.805714
286.452653
287.133129
287.819615
288.478776
289.150794
289.789184
290.476735
291.096508
291.769660
292.370204
293.048571
293.614286
294.245714
294.838367
295.503673
296.158481
296.799388
297.458367
298.089796
298.865714
299.472245
300.093061
300.698367
301.293129
301.787755
302.468707
303.188390
303.912245
304.617143
305.299592
305.900816
306.630612
307.402449
308.750998
311.397551
