2.322857
2.995510
3.710204
4.411973
5.102993
5.765306
6.411655
7.070340
7.743265
8.394150
9.049388
9.733356
10.370794
10.897551
11.663810
12.321224
13.004286
13.704898
14.396871
15.035782
15.747755
16.415510
17.077279
17.743129
18.406395
19.052653
19.721088
20.351020
21.008980
21.631156
22.321361
22.994150
23.637959
24.275102
24.896327
25.537143
26.204626
26.879592
27.541361
28.135918
28.775510
29.407302
30.061995
30.731474
31.366349
32.031565
32.700408
33.388435
34.088707
34.779546
35.463129
36.135510
36.790884
37.452381
38.117596
38.797732
39.469478
40.127891
40.758639
41.409524
42.071156
42.704626
43.388707
44.071973
44.736054
45.414558
46.097415
46.800816
47.496508
48.200612
48.862313
49.544354
50.244082
50.920862
51.643673
52.388231
53.074286
53.731973
54.486667
55.169116
55.871882
56.569252
57.258821
57.994694
58.691565
59.403333
60.148707
60.900510
61.583265
62.299184
62.970748
63.685510
64.364354
65.070748
65.737959
66.435646
67.123175
67.798095
68.560590
69.215556
69.942449
70.592109
71.303265
72.044626
72.759048
73.457460
74.153469
74.840680
75.540952
76.195102
76.888254
77.540816
78.215510
78.958912
79.606531
80.309660
81.002993
81.727211
82.417551
83.114694
83.784898
84.440510
85.125306
85.788594
86.395646
86.999320
87.732109
88.418171
89.149932
89.714014
90.308481
91.006531
91.624127
92.323809
93.012245
93.645079
94.320045
94.971293
95.638095
96.313061
96.971746
97.633741
98.316190
99.024082
99.724082
100.369388
101.193469
101.852789
102.549660
103.236054
103.927619
104.606122
105.316372
106.014467
106.745442
107.635374
108.419048
109.192245
110.060816
110.819184
111.579229
112.233878
113.105397
113.998775
114.709388
115.429569
116.169342
116.864218
117.688980
118.382449
119.237143
119.945714
120.634014
121.294490
122.006757
122.738197
123.551429
124.756568
125.457170
126.482177
127.574694
128.447551
129.534694
130.462902
131.432063
132.505986
133.452336
134.611746
135.607256
136.653968
137.673968
138.633741
139.718073
140.830748
141.962177
143.090340
144.194513
145.639093
147.491187
148.542222
149.489206
150.552698
151.432608
152.407755
153.315238
154.272381
155.274263
156.182676
157.103503
158.147710
159.064082
159.973333
160.874694
161.820136
162.798866
163.852426
164.884399
166.045986
167.434966
168.148798
168.806440
169.504444
170.192971
170.878594
171.547755
172.213197
172.875918
173.546213
174.211111
174.885079
175.583356
176.287075
176.987449
177.718775
178.577551
179.207619
179.875102
180.482993
181.220907
181.871429
182.484127
183.141009
183.785442
184.421927
185.074014
185.740544
186.422494
187.094286
187.793696
188.500907
188.879333
189.959592
190.667438
191.407937
192.021156
192.784762
193.443175
194.144671
194.854399
195.515238
196.176825
196.884444
197.547347
198.222903
198.933061
199.653061
200.337846
201.017551
201.727755
202.413379
203.133832
203.801723
204.534399
205.231746
205.944218
206.696100
207.512336
208.496281
209.358175
211.126122
212.179002
213.211429
213.847612
214.534422
215.608980
216.638231
218.047347
219.809796
220.935102
221.981122
222.948571
224.147755
225.248163
226.306939
227.629796
228.967041
230.118413
231.728571
232.524898
233.414286
234.160408
234.943265
235.686531
236.434921
237.173469
237.908571
238.610476
239.338095
240.015102
240.760000
241.443674
242.086939
242.794286
243.471020
244.168254
244.804898
245.505306
246.166258
246.893061
247.625714
248.317143
249.008571
249.732653
250.444082
251.158367
251.837551
252.547755
253.211429
253.921905
254.614694
255.341224
256.065170
256.751020
257.451020
258.174286
258.900816
259.600408
260.282449
260.987347
261.702041
262.410204
263.131837
263.884082
264.636508
265.399184
266.179683
266.916191
267.665714
268.372653
269.113129
269.839614
270.578776
271.330794
272.069184
272.796735
273.516508
274.289660
274.990204
275.688571
276.374286
277.105714
277.758367
278.443673
279.138481
279.839388
280.558367
281.209796
282.025714
282.684490
283.386122
284.078367
284.712517
285.287755
286.077415
286.888390
287.772245
288.657143
289.439592
290.060816
290.870612
291.942449
293.281995
295.917551
