1.087619
1.775510
2.530204
3.231973
3.982993
4.685306
5.411655
6.120680
6.841633
7.554150
8.269388
8.986678
9.690794
10.397551
11.083810
11.801224
12.504286
13.244898
13.956871
14.655782
15.427755
16.135510
16.857279
17.583129
18.346395
19.032653
19.781088
20.491020
21.208980
21.933469
22.641361
23.394150
24.117959
24.815102
25.516327
26.237143
26.964626
27.699592
28.421361
29.135918
29.862041
30.554603
31.281995
31.982948
32.706349
33.451565
34.180408
34.928435
35.708707
36.439546
37.283129
38.015510
38.770884
39.512381
40.257596
40.997732
41.709478
42.427891
43.098639
43.809524
44.551156
45.244626
46.008707
46.751973
47.456054
48.194558
48.957415
49.720816
50.732169
51.510612
52.222313
52.952177
53.744082
54.480862
55.241837
56.044694
56.768571
57.525306
58.266667
59.009116
59.731882
60.449252
61.178821
61.954694
62.711565
63.446667
64.208707
64.981020
65.703265
66.459184
67.190748
67.931020
68.684354
69.410748
70.157959
70.895646
71.623175
72.388095
73.160884
73.887778
74.662449
75.332109
76.103265
76.784626
77.499048
78.177460
78.953469
79.700680
80.460952
81.175102
82.048254
82.840816
83.371020
84.158912
84.906531
85.649660
86.402993
87.187211
87.957551
88.674694
89.364898
90.042041
90.765306
91.477188
92.175646
92.939320
93.672109
94.387256
95.149932
95.854014
96.548481
97.266531
98.004127
98.763809
99.472245
100.165079
100.900045
101.631293
102.339048
103.093061
103.831746
104.533742
105.276190
106.024082
106.744082
107.649388
108.593469
109.332789
110.069660
110.836054
111.587619
112.355374
113.116372
113.874467
114.745442
115.615374
116.477143
117.212245
118.080816
118.659184
119.593061
120.473878
121.265397
122.119694
122.889388
123.709569
124.429342
125.204218
125.948980
126.642449
127.577143
128.285714
129.047007
129.806939
130.570136
131.392789
132.271429
133.229116
134.788418
135.962177
137.114694
138.247551
139.254694
140.482902
141.712063
143.065986
144.352336
145.631746
146.767256
147.993968
149.253968
150.453742
151.898073
153.210748
154.542177
155.750340
157.114513
158.479093
160.433560
161.622222
162.769206
163.912698
164.992608
166.087755
167.185714
168.332381
169.428526
170.482676
171.527007
172.647710
173.684082
174.746667
175.774694
176.840136
177.856599
178.892426
179.948798
181.265986
182.657483
183.417596
184.166440
184.884444
185.612971
186.338594
187.075510
187.813197
188.555918
189.286213
190.011111
190.745079
191.503356
192.267075
193.034898
193.778775
194.577551
195.307619
196.015102
196.702993
197.460907
198.151429
198.884127
199.562018
200.256326
200.981927
201.674014
202.400544
203.142494
203.874286
204.613696
205.380907
206.213333
207.479592
208.387438
209.127937
209.822313
210.604762
211.343175
212.106168
212.774399
213.495238
214.196825
214.944444
215.623673
216.342903
217.113061
217.833061
218.617846
219.317551
220.107755
220.833379
221.553832
222.281723
223.054399
223.791746
224.524218
225.336100
226.192336
227.196281
228.372698
230.426122
231.419002
232.231429
233.152245
234.194422
235.308980
236.318231
237.887347
239.649796
240.855102
241.876449
242.768571
243.947755
244.908163
246.166939
247.449796
248.368163
249.018413
250.068571
250.764898
251.517143
252.240408
252.963265
253.686531
254.414921
255.153469
255.868571
256.590476
257.298095
258.015102
258.780000
259.523674
260.193878
260.934286
261.611020
262.348254
263.044898
263.765306
264.466258
265.233061
265.985714
266.717143
267.468571
268.232653
268.984082
269.718367
270.477551
271.227755
271.951429
272.701905
273.434694
274.201224
274.945850
275.731020
276.471020
277.214286
277.980816
278.700408
279.402449
280.127347
280.862041
281.610204
282.331837
283.064082
283.776508
284.479184
285.239683
285.976191
286.685714
287.392653
288.153129
288.879615
289.658776
290.410794
291.169184
291.936735
292.676508
293.429660
294.130204
294.888571
295.594286
296.345714
297.058367
297.803674
298.538481
299.259388
299.998367
300.729796
301.585714
302.304490
303.066122
303.758367
304.472517
305.147755
305.997415
306.828390
307.652245
308.437143
309.339592
310.060816
310.770612
311.722449
312.661995
315.617551
