1.042857
1.675510
2.350204
2.991973
3.662993
4.365306
5.011655
5.660680
6.343265
7.014150
7.649388
8.333356
8.970794
9.637551
10.263810
10.941224
11.584286
12.264898
12.916871
13.575782
14.287755
14.915510
15.597279
16.223129
16.926395
17.552653
18.221088
18.851020
19.488980
20.173469
20.741361
21.454150
22.117959
22.815102
23.356327
23.997143
24.624626
25.259592
25.901361
26.578639
27.242041
27.834603
28.461995
29.102948
29.726349
30.391565
31.060408
31.708435
32.368707
33.059546
33.923129
34.595510
35.285442
35.952381
36.617596
37.237732
37.889478
38.587891
39.198639
39.849524
40.591156
41.084626
41.788707
42.491973
43.116054
43.774558
44.457415
45.180816
45.976508
46.780306
47.362313
47.984354
48.764082
49.460862
50.163673
50.947347
51.634286
52.387184
53.153333
53.867279
54.611882
55.276417
56.029410
56.814694
57.811565
58.606667
59.308707
60.042041
60.723265
61.439184
62.150748
62.871020
63.604354
64.275374
65.008980
65.735646
66.463175
67.178730
67.901769
68.595556
69.322449
69.972109
70.663265
71.404626
71.999524
72.757460
73.393469
74.100680
74.800952
75.475102
76.148254
76.840816
77.491020
78.198912
78.846531
79.589660
80.302993
81.027211
81.737551
82.434694
83.104898
83.782041
84.482653
85.137188
85.795646
86.479320
87.172109
87.814512
88.509932
89.174014
89.848481
90.506531
91.244127
91.943809
92.552245
93.205079
93.940045
94.631293
95.338095
96.073061
96.771746
97.453741
98.176191
98.904082
99.584082
100.209388
101.113469
101.832789
102.509660
103.236054
103.947619
104.706122
105.456372
106.214467
107.145442
108.135374
109.057143
109.892245
110.760816
111.639184
112.573061
113.433878
114.285397
115.178776
115.909388
116.789569
117.689342
118.464218
119.328980
120.080612
120.977143
121.805714
122.534014
123.306939
124.060272
125.012789
125.951429
126.916912
128.307347
129.602177
130.554694
131.687551
132.614694
133.742902
134.672064
135.645986
136.892336
138.051746
138.747256
139.833968
140.908995
142.033741
143.098073
144.130748
145.302177
146.370340
147.414513
148.859093
150.153560
151.302222
152.389206
153.552698
154.712608
155.747755
156.785714
157.892381
159.034263
160.142676
161.287007
162.447710
163.604082
164.793333
165.994694
167.240136
168.609796
169.812426
170.948798
172.205986
174.054966
174.817596
175.473220
176.204444
176.832971
177.529297
178.195510
178.913197
179.555918
180.266213
180.931111
181.625079
182.343356
183.067075
183.774898
184.698775
185.497551
186.104603
186.735102
187.422993
188.120907
188.811429
189.484127
190.102018
190.776326
191.421927
192.074014
192.740544
193.402494
194.074286
194.753696
195.440907
196.233333
197.319592
197.927438
198.527937
199.202313
199.984762
200.503175
201.264671
201.914399
202.575238
203.196825
203.904444
204.547347
205.182903
205.893061
206.593061
207.257846
207.937551
208.667755
209.373379
210.073832
210.721723
211.414399
212.111746
212.821406
213.536100
214.272336
214.996281
215.772698
217.306122
218.179002
219.031429
219.854031
220.514422
221.688980
222.718231
223.983907
224.989796
226.355102
227.277784
227.988571
229.035918
229.808163
230.846939
232.229796
233.628163
234.458413
235.428571
235.964898
236.674286
237.320408
238.043265
238.706531
239.374921
240.076735
240.788571
241.530476
242.218095
242.915102
243.660000
244.331837
244.973878
245.674286
246.291020
246.984127
247.604898
248.265306
248.886258
249.593061
250.325714
251.017143
251.688571
252.412653
253.084082
253.798367
254.517551
255.227755
255.891429
256.581905
257.254694
258.001224
258.665850
259.403673
260.071020
260.774286
261.480816
262.180408
262.842449
263.547347
264.242041
264.970204
265.651837
266.384082
267.076508
267.799184
268.499683
269.216191
269.925714
270.632653
271.353129
272.069807
272.758776
273.470794
274.149184
274.836735
275.516508
276.229660
276.870204
277.568571
278.214286
278.925714
279.578367
280.263673
280.958481
281.639388
282.358367
283.029796
283.845714
284.524490
285.206122
285.916735
286.612517
287.187755
287.837415
288.628390
289.412245
290.177143
290.959592
291.600816
292.350612
293.042449
293.861995
295.797551
