2.662857
3.395510
4.150204
4.931973
5.682993
6.445306
7.171655
7.880680
8.663265
9.422449
10.189388
10.953356
11.690794
12.397551
13.143810
13.901224
14.624286
15.384898
16.156871
16.875782
17.647755
18.395510
19.137279
19.863129
20.646395
21.392653
22.161088
22.871020
23.628980
24.373469
25.121361
25.874150
26.617959
27.355102
28.076327
28.817143
29.544626
30.299592
31.101361
31.815918
32.482041
33.214603
33.950998
34.702948
35.446349
36.171565
36.920408
37.688435
38.468707
39.239546
40.003129
40.755510
41.470884
42.232381
42.977596
43.757732
44.469478
45.227891
45.998639
46.649524
47.391156
48.064626
48.808707
49.571973
50.296054
51.074558
51.837415
52.640816
53.496508
54.301224
55.082313
55.784354
56.624082
57.340862
58.103673
58.929388
59.647143
60.435918
61.246667
62.009116
62.771882
63.514626
64.278821
65.074694
65.871565
66.701667
67.488707
68.262041
69.083265
69.859184
70.590748
71.371020
72.144354
72.910748
73.677959
74.435646
75.183175
75.976190
76.801769
77.575556
78.382449
79.072109
79.843265
80.604626
81.399048
82.197460
82.953469
83.740680
84.540952
85.315102
86.088254
86.860816
87.611020
88.398912
89.186531
89.989660
90.782993
91.627211
92.437551
93.234694
93.964898
94.662041
95.405306
96.157188
96.875646
97.699320
98.432109
99.174512
99.969932
100.694014
101.448481
102.173061
102.944127
103.723809
104.492245
105.225079
106.000045
106.771293
107.518095
108.313061
109.071746
109.833742
110.616191
111.404082
112.124082
112.809388
113.753469
114.552789
115.369660
116.176054
116.967619
117.766122
118.596372
119.414467
120.265442
121.115374
122.017143
122.872245
123.740816
124.699184
125.693061
126.553878
127.165397
128.158775
128.929388
129.789569
130.609342
131.404218
132.288980
133.022449
133.857143
134.625714
135.454014
136.266939
137.040272
137.912789
138.811429
140.349116
141.307347
142.722177
143.814694
144.947551
146.054694
147.262902
148.332064
149.645986
150.792336
152.051746
153.127256
154.353968
155.593968
156.733742
158.038073
159.261497
160.562177
161.870340
163.054513
164.839093
166.793560
167.962222
169.069206
170.472698
171.412608
172.527755
173.585714
174.832381
175.914263
177.142676
178.267007
179.487710
180.564490
181.773333
182.874694
184.140136
185.336599
186.492426
187.708798
188.985986
190.914966
191.717596
192.446440
193.264444
194.032971
194.778594
195.595510
196.293197
197.075918
197.826213
198.591111
199.345079
200.143356
200.947075
201.734898
202.536326
203.397551
204.127619
204.875102
205.562993
206.420907
207.191429
207.944127
208.642018
209.396326
210.261927
210.914014
211.660544
212.402494
213.154286
213.913696
214.680907
215.473333
216.599796
217.387438
218.207936
218.902313
219.724762
220.483175
221.304671
222.074399
222.795238
223.516825
224.344444
225.107347
225.882903
226.693061
227.533061
228.357846
229.137551
229.987755
230.793379
231.613832
232.321723
233.154399
233.971746
234.744218
235.576100
236.432336
237.376281
238.472698
240.546122
241.539002
242.391429
243.192245
244.414422
245.568980
246.458231
247.967347
249.349796
250.855102
252.124490
253.148571
254.487755
255.588163
256.926939
258.509796
259.908163
260.898413
262.368571
263.204898
264.054286
264.860408
265.703265
266.486531
267.274921
268.073469
268.868571
269.650476
270.478095
271.255102
272.120000
272.903674
273.673878
274.474286
275.191020
275.988254
276.724898
277.485306
278.206258
279.013061
279.845714
280.657143
281.428571
282.252653
283.024082
283.818367
284.637551
285.447755
286.271429
287.061905
287.894694
288.721225
289.505850
290.311020
291.131020
291.934286
292.720816
293.500408
294.262449
295.047347
295.842041
296.630204
297.391837
298.184082
298.956508
299.759184
300.519682
301.316191
302.085714
302.852653
303.633129
304.399614
305.238776
306.030794
306.809184
307.596735
308.376508
309.169660
309.890204
310.688571
311.394286
312.165714
312.896735
313.683673
314.438481
315.219388
315.998367
316.749796
317.605714
318.344490
319.126122
319.938367
320.572517
321.147755
321.937415
322.768390
323.612245
324.417143
325.239592
325.980816
326.830612
327.702449
328.901995
331.548776
