0.422857
1.075510
1.730204
2.391973
3.022993
3.661769
4.291655
4.960680
5.623265
6.254150
6.889388
7.553356
8.190794
8.777551
9.403810
10.041224
10.664286
11.324898
11.956871
12.595782
13.267755
13.875510
14.497279
15.103129
15.766395
16.048844
16.160822
16.164444
16.168209
16.172007
16.175721
16.179460
16.205423
16.435102
16.666054
17.097143
17.644626
17.993663
18.174418
18.389320
18.586601
18.596209
18.961995
19.402948
19.786349
20.215782
20.400306
20.405973
20.411884
20.417724
20.743129
21.495510
22.090884
22.752381
23.377596
24.057732
24.689478
25.367891
25.959320
26.609524
27.271156
27.884626
28.508707
29.211973
29.856054
30.511519
31.208707
31.940816
32.636508
33.341224
34.002313
34.724354
35.444082
36.140862
36.943673
37.709388
38.374286
39.115918
39.886667
40.609116
41.311882
42.009252
42.689410
43.434694
44.171565
44.906667
45.588707
46.344408
46.983265
47.699184
48.390748
49.091020
49.784354
50.510748
51.197959
51.935646
52.643175
53.378095
54.141769
54.815556
55.542449
56.112109
56.863265
57.524626
58.239048
58.897460
59.553469
60.280680
61.000952
61.647551
62.308254
63.000816
63.731020
64.438912
65.146531
65.869660
66.582993
67.327211
68.037551
68.734694
69.404898
70.122041
70.775102
71.457188
72.075646
72.719320
73.452109
74.154512
74.829932
75.514014
76.148481
76.846531
77.504127
78.171973
78.812245
79.505079
80.190023
80.871292
81.538095
82.253061
82.891746
83.573741
84.276190
84.964082
85.632041
86.189388
86.933469
87.632789
88.329660
88.976054
89.667619
90.366122
91.096372
91.814467
92.485442
93.295374
94.077143
94.912245
95.660816
96.159184
97.133061
97.973878
98.665079
99.438775
100.149388
100.749569
101.429342
102.064218
102.908980
103.502449
104.277143
104.965714
105.674014
106.306939
107.060272
107.852789
108.651429
109.295588
109.517842
110.642177
110.854694
111.667551
112.274694
112.678876
112.742057
112.751169
112.792336
112.907125
112.915122
113.313968
113.997989
114.105932
114.113581
114.140307
114.262177
114.424818
114.431076
114.479093
115.413560
115.508707
115.517616
115.546349
115.577459
115.702072
115.753143
116.150794
116.894263
117.542676
118.165401
119.023855
119.684082
120.493333
121.154558
121.846259
122.578299
123.292426
124.204800
124.705986
125.454966
126.077596
126.746440
127.424444
128.152971
128.738594
129.375510
130.033197
130.655918
131.326213
131.975556
132.685079
133.363356
134.047075
134.734898
135.378775
136.097551
136.747619
137.395102
137.962993
138.620907
139.291429
140.004825
140.582018
141.256326
141.941927
142.534014
143.200544
143.922494
144.574286
145.253696
145.960024
146.053333
147.379592
148.074573
148.707936
149.364463
150.084762
150.763175
151.444671
152.174399
152.795238
153.496825
154.184444
154.802449
155.422902
156.191020
156.873061
157.577846
158.177551
158.867755
159.573379
160.273832
160.941723
161.614399
162.291746
162.962109
163.656100
164.512336
165.278141
166.192698
167.926122
168.819002
169.570476
170.292245
171.294422
172.208980
173.238231
174.387347
175.769796
176.575102
177.493832
178.088571
179.207755
180.308163
181.503469
182.769796
184.068163
185.218413
186.648571
187.324898
188.054286
188.760408
189.463265
190.166531
190.854921
191.573469
192.268571
193.010476
193.698095
194.435102
195.160000
195.843674
196.453878
197.094286
197.751020
198.348254
199.004898
199.665306
200.266258
200.973061
201.665714
202.277143
202.761896
202.768842
202.775492
202.818367
202.842031
202.844096
202.846143
202.848209
202.850227
202.852282
202.854278
202.856330
202.858314
202.884370
203.248082
203.428345
203.458830
203.598186
203.782041
204.230204
204.418994
204.884082
205.536508
206.199592
206.879683
207.536191
208.165714
208.772653
209.393129
210.009807
210.618776
211.230794
211.829184
212.456735
213.036508
213.689660
214.250204
214.828571
215.354286
215.925714
216.458367
217.043673
217.658481
218.239388
218.858367
219.509796
220.205714
220.884490
221.346122
221.998367
222.572517
223.067755
223.617415
224.128390
224.672245
225.137143
225.679898
226.380816
226.744193
226.822449
227.841995
230.517551
