2.022857
2.755510
3.490204
4.231973
4.982993
5.745306
6.471655
7.200680
7.943265
8.674150
9.389388
10.173356
10.890794
11.617551
12.323810
13.081224
13.824286
14.604898
15.356871
16.095782
16.907755
17.635510
18.377279
19.103129
19.886395
20.592653
21.341088
22.071020
22.808980
23.573469
24.281361
25.094150
25.817959
26.515102
27.276327
28.057143
28.824626
29.619592
30.381361
31.115918
31.862041
32.594603
33.381995
34.102948
34.926349
35.671565
36.480408
37.268435
38.068707
38.839546
39.603129
40.375510
41.130884
41.712381
42.597596
43.417732
44.189478
44.927891
45.658639
46.409524
47.171156
47.884626
48.648707
49.451973
50.196054
51.014558
51.777415
52.220816
53.356508
54.161224
54.962313
55.764354
56.604082
57.380862
58.203673
59.049388
59.814286
60.615918
61.446667
62.249116
63.051882
63.849252
64.638821
65.454694
66.311565
67.126667
67.908707
68.682041
69.483265
70.279184
71.070748
71.851020
72.624354
73.450748
74.217959
75.015646
75.823175
76.636190
77.481769
78.295556
79.162449
79.892109
80.703265
81.484626
82.299048
83.137460
83.913469
84.720680
85.520952
86.295102
87.108254
87.960816
88.711020
89.498912
90.306531
91.109660
91.902993
92.687211
93.457551
94.234694
94.944898
95.662041
96.422653
97.137188
97.855646
98.659320
99.428435
100.274512
101.049932
101.774014
102.428481
103.306531
103.984127
104.803809
105.632245
106.425079
107.200045
107.991293
108.778095
109.573061
110.351746
111.133741
111.916190
112.744082
113.504082
114.229388
115.213469
116.012789
116.829660
117.636054
118.447619
119.246122
120.096372
120.934467
121.745442
122.655374
123.557143
124.596735
125.520816
126.339184
127.273061
128.313878
129.285397
130.398775
131.189388
132.129569
133.029342
133.884218
134.808980
135.622449
136.517143
137.425714
138.214014
139.066939
139.880272
140.812789
141.731429
142.773823
144.157798
145.402177
146.554694
147.567551
148.674694
149.942902
151.032063
152.325986
153.432336
154.551746
156.007256
157.193968
158.473968
159.773741
161.058073
162.290748
163.702177
164.930340
166.174513
167.679093
170.013560
171.042222
172.009206
172.952698
173.832608
174.707755
175.622857
176.552381
177.474263
178.302676
179.207007
180.147710
181.084082
181.933333
182.794694
183.740136
184.596599
185.532426
186.588798
187.668662
189.554966
190.477596
191.206440
192.024444
192.772971
193.558594
194.315510
195.093197
195.815918
196.586213
197.351111
198.165079
198.943356
199.727075
200.554898
201.298776
202.117551
202.807619
203.555102
204.302993
205.060907
205.822857
206.544127
207.282018
208.016326
208.741927
209.494014
210.260544
211.002494
211.814286
212.593696
213.360907
214.173333
214.959592
215.767438
216.647936
217.302313
218.084762
218.863175
219.684671
220.434399
221.195238
221.936825
222.744444
223.467347
224.302903
225.173061
225.973061
226.837846
227.637551
228.507755
229.353379
230.173832
230.941723
231.794399
232.571746
233.324218
234.136100
234.952336
235.896281
236.459739
238.106122
239.079002
240.191429
241.412245
242.594422
243.648980
244.718231
246.107347
247.449796
248.695102
249.564490
250.588571
251.687755
252.788163
254.026939
255.429796
256.828163
257.838413
259.368571
260.084898
260.934286
261.700408
262.503265
263.306531
264.129841
264.893469
265.648571
266.430476
267.278095
268.115102
268.980000
269.763674
270.473878
271.274286
272.031020
272.808254
273.564898
274.325306
275.066259
275.893061
276.745714
277.517143
278.345714
279.172653
279.984082
280.798367
281.617551
282.447755
283.251429
284.101905
284.914694
285.741224
286.565850
287.391020
288.251020
289.074286
289.940816
290.760408
291.562449
292.347347
293.182041
294.010204
294.811837
295.644082
296.496508
297.319184
298.159683
298.976191
299.845714
300.652653
301.533129
302.339614
303.178776
304.010794
304.909184
305.716735
306.536508
307.409660
308.130204
308.968571
309.774286
310.605714
311.398367
312.243673
313.058481
313.878776
314.698367
315.489796
316.405714
317.264490
318.066122
318.778367
319.592517
320.207755
321.097415
322.008390
322.912245
323.737143
324.619592
325.400816
326.270612
327.201225
328.501995
331.557551
