0.382857
1.175510
1.950204
2.691973
3.482993
4.282653
5.011655
5.740680
6.503265
7.234150
7.969388
8.753356
9.470794
10.197551
10.923810
11.701224
12.404286
13.164898
13.916871
14.655782
15.427755
16.175510
16.937279
17.683129
18.466395
19.232653
20.021088
20.771020
21.568980
22.333469
23.101361
23.874150
24.697959
25.455102
26.156327
26.917143
27.704626
28.519592
29.261361
30.015918
30.802041
31.554603
32.341995
33.082948
33.866349
34.631565
35.440408
36.228435
37.088707
37.919546
38.863129
39.635510
40.370884
41.192381
41.997596
42.777732
43.589478
44.355782
45.118639
45.889524
46.671156
47.424626
48.228707
49.031973
49.816054
50.614558
51.477415
52.320816
53.336508
54.201224
54.982313
55.744354
56.584082
57.360862
58.183673
58.989388
59.774286
60.555918
61.386667
62.149116
62.951882
63.709252
64.518821
65.314694
66.151565
66.966667
67.768707
68.562041
69.343265
70.119184
70.910748
71.691020
72.464354
73.270748
74.017959
74.815646
75.603175
76.376190
77.181769
77.935556
78.742449
79.472109
80.246531
81.024626
81.819048
82.597460
83.373469
84.180680
84.940952
85.715102
86.508254
87.300816
88.131020
88.938912
89.766531
90.589660
91.442993
92.287211
93.097551
93.894694
94.664898
95.424082
96.225306
96.937188
97.695646
98.499320
99.264218
100.074512
100.889932
101.614014
102.368481
103.286531
104.064127
104.843809
105.592245
106.385079
107.180045
107.991293
108.758095
109.573061
110.391746
111.233741
112.056190
112.904082
113.748163
114.549388
115.553469
116.372789
117.169660
118.016054
118.847619
119.646122
120.456372
121.294467
122.045442
122.995374
123.838571
124.672245
125.540816
126.419184
127.293061
128.173878
128.985397
129.871755
130.609388
131.489569
132.329342
133.024218
133.948980
134.762449
135.617143
136.445714
137.254014
138.106939
138.960272
139.872789
140.831429
142.649116
143.673469
144.882177
146.074694
147.267551
148.474694
149.722902
150.832064
152.165986
153.472336
154.831746
155.967256
157.313968
158.733968
160.073742
161.618073
162.990748
164.442177
165.790340
167.374513
168.979093
170.933560
172.142222
173.509206
174.792698
176.072608
177.327755
178.585714
179.872381
181.094263
182.242676
183.427007
184.607710
185.844082
186.953333
188.014694
189.280136
190.536599
191.812426
193.168798
194.705986
197.129932
197.937596
198.706440
199.464444
200.252971
200.998594
201.755510
202.493197
203.255918
204.006213
204.751111
205.525079
206.363356
207.227075
208.134898
208.998775
209.937551
210.627619
211.375102
212.125986
212.920907
213.714286
214.484127
215.222018
215.976326
216.741927
217.494014
218.280544
219.042494
219.814286
220.613696
221.460907
222.293333
223.479592
224.247438
224.987936
225.842313
226.664762
227.432698
228.304671
229.054399
229.875238
230.636825
231.524444
232.247347
233.002903
233.893061
234.673061
235.497846
236.277551
237.107755
237.913379
238.733832
239.501723
240.294399
241.091746
241.844218
242.656100
243.432336
244.276281
245.152698
246.926122
247.919002
248.611429
249.532245
250.474422
251.488980
252.498231
253.747347
255.209959
256.375102
257.314927
258.388571
259.507755
260.028163
261.066939
261.989977
263.168163
263.963683
265.148571
265.904898
266.734286
267.480408
268.303265
269.086531
269.854921
270.633469
271.408571
272.190476
273.018095
273.775102
274.600000
275.423674
276.153878
276.914286
277.671020
278.488254
279.204898
279.965306
280.726259
281.533061
282.385714
283.177143
283.928571
284.792653
285.564082
286.338367
287.117551
287.907755
288.671429
289.461905
290.214694
291.001224
291.765850
292.571020
293.331020
294.134286
294.980816
295.780408
296.582449
297.427347
298.222041
299.050204
299.871837
300.704082
301.476508
302.279184
303.039683
303.896190
304.685714
305.472653
306.273129
307.079614
307.898775
308.670794
309.449184
310.256735
311.056508
311.869660
312.630204
313.428571
314.174286
314.965714
315.698367
316.563673
317.318481
318.139388
318.918367
319.699592
320.625714
321.488980
322.306122
323.038367
323.732517
324.607755
325.457415
326.308390
327.212245
328.077143
329.139592
329.940816
330.870612
331.862449
332.941995
335.297551
