0.842857
1.515510
2.230204
2.931973
3.602993
4.325306
4.971655
5.640680
6.323265
7.014150
7.709388
8.393356
9.090794
9.717551
10.383810
11.061224
11.724286
12.424898
13.096871
13.795782
14.507755
15.195510
15.877279
16.583129
17.326395
17.992653
18.681088
19.351020
20.048980
20.753469
21.441361
22.174150
22.897959
23.555102
24.256327
24.897143
25.601542
26.299592
26.961361
27.675918
28.362041
29.034603
29.741995
30.382948
31.046349
31.771565
32.500408
33.208435
33.968707
34.699546
35.503129
36.255510
36.930884
37.672381
38.397596
39.037732
39.729478
40.447891
41.098639
41.789524
42.511156
43.124626
43.848707
44.591973
45.296054
46.054558
46.817415
47.620816
48.396508
49.161224
49.922313
50.624354
51.404082
52.140862
52.863673
53.649796
54.354286
55.155918
55.906667
56.629116
57.371882
58.129252
58.838821
59.594694
60.391565
61.166667
61.948707
62.720510
63.441633
64.139184
64.870748
65.591020
66.324354
67.090748
67.757959
68.495646
69.223175
69.976190
70.761769
71.475556
72.262449
72.972109
73.723265
74.464626
75.199048
75.917460
76.693469
77.460680
78.240952
78.955102
79.708254
80.440816
81.131020
81.918912
82.706531
83.509660
84.282993
85.087211
85.877551
86.694694
87.424898
88.162041
88.965306
89.657188
90.375646
91.119320
91.872109
92.594512
93.349932
94.074014
94.768481
95.546531
96.284127
97.001905
97.672245
98.405079
99.160045
99.865646
100.598095
101.373061
102.111746
102.813741
103.556190
104.324082
105.044082
105.909388
106.993469
107.732789
108.529660
109.276054
110.027619
110.786122
111.576372
112.374467
113.182721
114.015374
114.877143
115.692245
116.500816
117.119184
118.053061
118.913878
119.825397
120.718775
121.489388
122.369569
123.149342
123.884218
124.748980
125.482449
126.397143
127.185714
127.934014
128.721735
129.500091
130.292789
131.191429
132.129116
133.385469
134.422177
135.314694
136.447551
137.317347
138.342902
139.332064
140.625986
141.312336
142.411746
143.407256
144.538995
145.553968
146.413741
147.738073
148.770748
149.962177
151.110340
152.134512
153.519093
155.333560
156.342222
157.229206
158.372698
159.312608
160.287755
161.325714
162.372381
163.494263
164.442676
165.387007
166.467710
167.464082
168.413333
169.414694
170.400136
171.516599
172.612426
173.788798
175.065986
177.574966
178.352789
179.106440
179.844444
180.592971
181.338594
182.095510
182.793197
183.535918
184.306213
185.031111
185.765079
186.543356
187.307075
188.094898
188.916326
189.737551
190.307619
191.075102
191.862993
192.600454
193.291429
194.024127
194.702018
195.436326
196.161927
196.774014
197.460544
198.222494
198.954286
199.693696
200.460907
201.293333
202.259592
203.007438
203.747937
204.462313
205.424762
206.143175
206.884671
207.654399
208.375238
209.076825
209.844444
210.547347
211.242903
212.093061
212.813061
213.617846
214.337551
215.147755
215.913379
216.653832
217.361723
218.134399
218.851746
219.604218
220.436100
221.252336
222.196281
223.212698
225.446122
226.439002
227.451429
228.512245
229.554422
230.668980
231.818231
233.087347
234.429796
236.035102
237.244490
238.308571
239.467755
240.528163
241.676735
242.989796
244.528163
245.698413
247.268571
248.084898
248.954286
249.740408
250.523265
251.286531
252.034921
252.813469
253.568571
254.330476
255.098095
255.835102
256.640000
257.403674
258.133878
258.894286
259.611020
260.368254
261.064898
261.805306
262.486259
263.293061
264.065714
264.837143
265.548571
266.332653
267.104082
267.878367
268.657551
269.407755
270.171429
270.941905
271.674694
272.421224
273.165850
273.931020
274.671020
275.414286
276.180816
276.920408
277.662449
278.407347
279.182041
279.950204
280.691837
281.464082
282.236508
283.038367
283.799683
284.596191
285.345714
286.112653
286.873129
287.619615
288.418776
289.170794
289.949184
290.736735
291.516508
292.269660
292.970204
293.708571
294.414286
295.165714
295.858367
296.583673
297.298481
298.019388
298.758367
299.489796
300.345714
301.044490
301.766122
302.458367
303.272517
303.927755
304.757415
305.608390
306.552245
307.537143
308.499592
309.220816
309.734119
310.322449
311.118100
314.117551
