0.422857
1.135510
1.890204
2.631973
3.402993
4.145306
4.851655
5.580680
6.323265
7.094150
7.829388
8.553356
9.270794
9.997551
10.703810
11.461224
12.184286
12.944898
13.676871
14.395782
15.167755
15.875510
16.617279
17.343129
18.106395
18.812653
19.581088
20.291020
21.048980
21.793469
22.521361
23.274150
24.017959
24.755102
25.456327
26.197143
26.924626
27.679592
28.401361
29.115918
29.842041
30.554603
31.301995
32.022948
32.746349
33.451565
34.180408
34.928435
35.688707
36.459546
37.383129
38.155510
38.890884
39.612381
40.337596
41.077732
41.829478
42.527891
43.218639
43.969524
44.711156
45.384626
46.148707
46.911973
47.636054
48.374558
49.117415
49.920816
50.696508
51.461224
52.202313
52.944354
53.704082
54.440862
55.147891
55.929388
56.674286
57.397959
58.186667
58.969116
59.711882
60.482313
61.218821
61.974694
62.771565
63.583333
64.368707
65.141020
65.903265
66.659184
67.395374
68.151020
68.924354
69.690748
70.437959
71.215646
71.943175
72.696190
73.481769
74.175556
74.962449
75.672109
76.383265
77.124626
77.839048
78.617460
79.353469
80.100680
80.860952
81.595102
82.348254
83.080816
83.831020
84.578912
85.346531
86.109660
86.882993
87.667211
88.437551
89.214694
89.924898
90.642041
91.425306
92.077188
92.775646
93.599320
94.332109
95.074512
95.829932
96.534014
97.256961
97.966531
98.744127
99.483809
100.212245
100.905079
101.660045
102.371292
103.098095
103.853061
104.551746
105.293741
106.036191
106.784082
107.524082
108.209388
109.193469
109.992789
110.769660
111.556054
112.347619
113.126122
113.916372
114.687234
115.525442
116.475374
117.177143
117.972245
118.840816
119.679184
120.646122
121.553878
122.205397
123.118775
123.889388
124.769569
125.529342
126.324218
127.108980
127.822449
128.557143
129.385714
130.154014
130.886939
131.640272
132.472789
133.331429
134.209116
135.455475
136.502177
137.374694
138.407551
139.234694
140.182902
141.084021
142.145986
143.039234
144.191746
144.887256
145.993968
146.893968
147.813741
148.938073
149.970748
150.882177
151.950340
153.044314
154.239093
155.933560
156.975556
157.776402
158.912698
159.612608
160.607755
161.388132
162.230794
163.087131
164.042676
164.835876
165.727710
166.544082
167.431111
168.294694
169.200136
170.076599
170.992426
171.808798
172.925986
174.734966
175.537596
176.266440
177.024444
177.772971
178.498594
179.255510
179.973197
180.735918
181.466213
182.171111
182.905079
183.723356
184.487075
185.254898
186.158775
187.097551
187.807619
188.555102
189.282993
190.060907
190.831429
191.584127
192.322018
193.076326
193.821927
194.554014
195.280544
196.042494
196.774286
197.533696
198.280907
199.113333
200.119592
200.974875
201.747937
202.502313
203.304762
204.063175
204.904671
205.674399
206.435238
207.176825
208.004444
208.767347
209.522903
210.333061
211.153061
211.977846
212.677551
213.507755
214.273379
215.053832
215.761723
216.614399
217.351746
218.124218
218.976100
219.692336
220.596281
221.532698
223.166122
224.159002
225.051429
226.112245
227.154422
228.228980
229.258231
230.507347
231.594898
232.775102
233.678449
234.648571
235.707755
236.548163
237.673469
238.888299
239.848163
240.698413
242.348571
243.104898
243.934286
244.740408
245.483265
246.266531
247.034921
247.813469
248.588571
249.350476
250.158095
250.935102
251.800000
252.583674
253.313878
254.074286
254.811020
255.588254
256.304898
257.065306
257.806259
258.593061
259.445714
260.197143
260.988571
261.792653
262.544082
263.338367
264.137551
264.927755
265.731429
266.541905
267.314694
268.101225
268.865850
269.691020
270.491020
271.274286
272.100816
272.880408
273.642449
274.407347
275.222041
275.990204
276.751837
277.544082
278.296508
279.099184
279.879683
280.696191
281.465714
282.252653
283.013129
283.799615
284.598776
285.410794
286.209184
286.996735
287.776508
288.609660
289.330204
290.088571
290.814286
291.605714
292.338367
293.083673
293.878481
294.679388
295.418367
296.189796
297.065714
297.844490
298.606122
299.338367
300.072517
300.667755
301.477415
302.268390
303.072245
303.877143
304.699592
305.420816
306.210612
307.002449
308.061995
310.877551
