1.182857
1.915510
2.590204
3.271973
4.022993
4.725306
5.451655
6.120680
6.843265
7.574150
8.289388
9.033356
9.750794
10.437551
11.163810
11.841224
12.544286
13.264898
13.956871
14.635782
15.407755
16.135510
16.857279
17.543129
18.306395
18.992653
19.701088
20.391020
21.128980
21.853469
22.541361
23.254150
23.977959
24.675102
25.376327
26.097143
26.784626
27.519592
28.221361
28.935918
29.642041
30.314603
31.101995
31.802948
32.466349
33.231565
33.980408
34.688435
35.468707
36.199546
36.983129
37.755510
38.430884
39.172381
39.897596
40.597732
41.309478
42.047891
42.698639
43.409524
44.171156
44.844626
45.588707
46.351973
47.056054
47.794558
48.517415
49.280816
50.376508
50.924245
51.662313
52.404354
53.208027
53.940862
54.681837
55.509388
56.274286
57.055918
57.873333
58.629116
59.391882
60.129252
60.898821
61.714694
62.531565
63.326667
64.148707
64.882041
65.641088
66.379184
67.110748
67.831020
68.564354
69.290748
69.997959
70.755646
71.491587
72.232063
73.020884
73.775556
74.482449
75.172109
75.903265
76.644626
77.419048
78.197460
78.933469
79.700680
80.440952
81.195102
81.948254
82.700816
83.451020
84.238912
85.046531
85.769660
86.542993
87.287211
88.077551
88.834694
89.524898
90.222041
90.965306
91.677188
92.375646
93.099320
93.832109
94.537256
95.289932
96.014014
96.828481
97.466531
98.224127
98.983809
99.752245
100.445079
101.180045
101.931292
102.678095
103.433061
104.171746
104.893742
105.616191
106.424082
107.144082
107.903129
108.873469
109.652789
110.409660
111.156054
111.887619
112.666122
113.456372
114.194467
115.070907
115.955374
116.777143
117.552245
118.420816
119.119184
120.053061
120.853878
121.761349
122.518775
123.169388
123.889569
124.589342
125.304218
126.068980
126.802449
127.697143
128.465714
129.214014
130.006939
130.740272
131.552789
132.371429
133.449116
135.010918
136.162177
137.254694
138.387551
139.494694
140.462902
141.532063
142.865986
143.912336
145.071746
145.987256
147.213968
148.333968
149.293742
150.618073
151.750748
153.082177
154.270340
155.507256
156.919093
158.916780
160.062222
161.169206
162.312698
163.412608
164.447755
165.505714
166.552381
167.754263
168.822676
169.927007
171.027710
172.324082
173.353333
174.434694
175.660136
176.816599
177.912426
179.068798
180.425986
182.394966
183.157596
183.886440
184.644444
185.372971
186.098594
186.815510
187.533197
188.235918
188.966213
189.651111
190.365079
191.083356
191.827075
192.554898
193.238776
194.017551
194.707619
195.415102
196.082993
196.800907
197.511429
198.224127
198.922018
199.616326
200.341927
201.054014
201.800544
202.582494
203.294286
203.993696
204.740907
205.513333
206.559592
207.047438
207.747937
208.442313
209.224762
209.963175
210.604671
211.334399
212.055238
212.736825
213.442222
214.127347
214.842903
215.673061
216.413061
217.157846
217.857551
218.647755
219.373379
220.093832
220.801723
221.554399
222.271746
223.004218
223.756100
224.492336
225.398141
226.352698
227.986122
228.979002
229.831429
230.597224
231.554422
232.668980
233.538231
234.667347
236.209796
237.555102
238.564490
239.469524
240.547755
241.388163
242.526939
243.472828
244.668163
245.878413
247.428571
248.104898
248.874286
249.580408
250.303265
251.006531
251.754921
252.473469
253.188571
253.943492
254.658095
255.375102
256.180000
256.943674
257.633878
258.354286
259.071020
259.788254
260.504898
261.265306
261.966258
262.733061
263.485714
264.217143
264.928571
265.692653
266.424082
267.158367
267.937551
268.647755
269.391429
270.121905
270.854694
271.601225
272.345850
273.091020
273.811020
274.554286
275.320816
276.080408
276.782449
277.547347
278.322041
279.050204
279.811837
280.564082
281.316508
282.059184
282.799683
283.556191
284.305714
285.072653
285.813129
286.579614
287.358776
288.110794
288.889184
289.636735
290.356508
291.169660
291.870204
292.588571
293.294286
294.025714
294.698367
295.443673
296.178481
296.919388
297.678367
298.409796
299.265714
299.984490
300.786122
301.558367
302.352517
302.927755
303.717415
304.454195
305.252245
305.997143
306.899592
307.620816
308.390612
309.128921
310.061995
312.937551
