1.102857
1.815510
2.610204
3.371973
4.122993
4.885306
5.631655
6.380680
7.123265
7.894150
8.649388
9.413356
10.110794
10.877551
11.623810
12.401224
13.164286
13.924898
14.696871
15.435782
16.203878
16.935510
17.657279
18.383129
19.126395
19.832653
20.561088
21.251020
21.988980
22.713469
23.441361
24.214150
24.977959
25.715102
26.436327
27.197143
27.884626
28.599592
29.321361
30.055918
30.802041
31.494603
32.241995
33.022948
33.706349
34.431565
35.160408
35.888435
36.628707
37.399546
38.183129
38.935510
39.670884
40.412381
41.157596
41.877732
42.609478
43.367891
44.038639
44.769524
45.571156
46.244626
47.008707
47.751973
48.476054
49.174558
49.897415
50.660816
51.516508
52.321224
53.082313
53.824354
54.604082
55.380862
56.123673
56.923129
57.634286
58.375918
59.166667
59.924558
60.651882
61.404626
62.139410
62.954694
63.751565
64.566667
65.354354
66.122041
66.883265
67.659184
68.370748
69.151020
69.904354
70.650748
71.378980
72.135646
72.883175
73.656190
74.460590
75.195556
76.022449
76.732109
77.501088
78.204626
78.979048
79.757460
80.533469
81.340680
82.080952
82.855102
83.628254
84.400408
85.091020
85.878912
86.666531
87.469660
88.222993
89.007211
89.797551
90.554694
91.304898
92.022041
92.785306
93.497188
94.195646
94.999320
95.712109
96.454512
97.189932
97.914014
98.588481
99.366531
100.144127
100.883809
101.652245
102.385079
103.120045
103.871292
104.618095
105.373061
106.091746
106.853741
107.596190
108.364082
109.104082
109.869388
110.873469
111.652789
112.449660
113.256054
114.007619
114.786122
115.616372
116.374467
117.225442
118.037687
118.937143
119.752245
120.560816
121.399184
122.293061
123.193878
123.925397
124.872925
125.629388
126.489569
127.209342
127.984218
128.808980
129.542449
130.437143
131.345714
132.134014
132.986939
133.800272
134.692789
135.591429
137.109116
138.013673
139.142177
140.234694
141.127551
142.044898
143.062902
144.172064
145.185986
146.216168
147.211746
148.207256
149.373968
150.353968
151.273741
152.358073
153.330748
154.302177
155.270340
156.114513
157.299093
158.693560
159.722222
160.709206
161.852698
162.772608
163.707755
164.665714
165.692381
166.734263
167.682676
168.607007
169.567710
170.544082
171.493333
172.403673
173.425034
174.296599
175.212426
176.208798
177.325986
178.654966
179.417596
180.186440
180.964444
181.732971
182.478594
183.235510
184.013197
184.755918
185.526213
186.291111
187.045079
187.843356
188.607075
189.354898
190.198775
191.397551
192.069206
192.755102
193.382993
194.120907
194.851429
195.584127
196.322018
197.056326
197.801927
198.534014
199.280544
200.042494
200.774286
201.513696
202.220907
202.973333
204.159592
205.067438
205.827936
206.562313
207.344762
208.103175
208.884671
209.614399
210.375238
211.076825
211.884444
212.687347
213.402903
214.213061
215.053061
215.917846
216.637551
217.627755
218.433379
219.213832
219.941723
220.754399
221.531746
222.304218
223.116100
223.852336
224.729070
225.492698
227.146122
228.239002
229.211429
230.192245
231.234422
232.048980
232.938231
233.827347
235.309796
236.715102
237.704490
238.688571
239.727755
240.568163
241.666939
242.769796
244.013520
244.898413
246.468571
247.264898
248.134286
248.860408
249.643265
250.406531
251.194921
251.993469
252.808571
253.510476
254.318095
255.075102
255.920000
256.723674
257.453878
258.234286
258.951020
259.728254
260.444898
261.185306
261.886258
262.673061
263.465714
264.237143
264.977143
265.752653
266.504082
267.298367
268.097551
268.867755
269.631429
270.421905
271.174694
271.961224
272.765850
273.551020
274.311020
275.094286
275.860816
276.620408
277.342449
278.127347
278.902041
279.650204
280.411837
281.264082
282.136508
282.919184
283.679683
284.476191
285.225714
285.952653
286.713129
287.459614
288.238776
289.010794
289.809184
290.576735
291.356508
292.129660
292.870204
293.588571
294.314286
295.065714
295.738367
296.463673
297.198481
297.919388
298.658367
299.389796
300.245714
300.964490
301.686122
302.418367
303.092517
303.807755
304.697415
305.548390
306.492245
307.437143
308.579592
309.320816
310.170612
311.062449
312.381995
315.657551
