2.142857
2.815510
3.530204
4.271973
5.002993
5.705306
6.411655
7.110340
7.823265
8.534150
9.229388
9.973356
10.670794
11.357551
12.043810
12.761224
13.444286
14.164898
14.876871
15.575782
16.327755
17.035510
17.757279
18.463129
19.206395
19.892653
20.641088
21.331020
22.048980
22.793469
23.501361
24.254150
24.977959
25.655102
26.336327
27.077143
27.764626
28.459592
29.201361
29.895918
30.602041
31.274603
32.001995
32.702948
33.406349
34.111565
34.820408
35.548435
36.308707
37.039546
37.783129
38.555510
39.210884
39.952381
40.657596
41.397732
42.089478
42.827891
43.498639
44.209524
44.911156
45.584626
46.328707
47.051973
47.736054
48.474558
49.237415
50.020816
50.916508
51.681224
52.402313
53.104354
53.904082
54.640862
55.383673
56.222347
56.914286
57.667959
58.468889
59.189116
59.951882
60.664626
61.418821
62.154694
62.971565
63.666667
64.488707
65.242041
66.003265
66.779184
67.490748
68.215510
68.984354
69.670748
70.377959
71.095646
71.843175
72.588095
73.361769
74.075556
74.842449
75.552109
76.283265
77.024626
77.759524
78.537460
79.193469
79.980680
80.740952
81.495102
82.288254
83.020816
83.771020
84.438912
85.226531
85.989660
86.762993
87.547211
88.297551
89.074694
89.804898
90.522041
91.282653
91.957188
92.615646
93.379320
94.132109
94.874512
95.609932
96.294014
96.988481
97.726531
98.484127
99.203809
99.932245
100.685079
101.440045
102.191293
102.938095
103.693061
104.431746
105.173742
105.936190
106.724082
107.464082
108.249388
109.093469
109.872789
110.649660
111.396054
112.187619
112.946122
113.736372
114.494467
115.265442
116.075374
116.917143
117.792245
118.580816
119.459184
120.173061
121.033878
121.965397
122.898775
123.569388
124.449569
125.169342
125.964218
126.812245
127.582449
128.517143
129.225714
129.974014
130.706939
131.500272
132.392789
133.271429
134.249116
135.667279
136.842177
137.894694
139.027551
139.904898
141.022902
141.952064
143.165986
144.212336
145.371746
146.247256
147.413968
148.473968
149.533741
150.918073
152.010748
153.062177
154.170340
155.434513
156.619093
158.193560
159.331111
160.229206
161.372698
162.372608
163.327755
164.340952
165.332381
166.428526
167.402676
168.307007
169.347710
170.304082
171.304444
172.226939
173.280136
174.316599
175.312426
176.368798
177.545986
179.094966
179.817596
180.566440
181.264444
181.972971
182.658594
183.375510
184.053197
184.755918
185.466213
186.150370
186.865079
187.583356
188.327075
189.074898
189.878775
190.697551
191.387619
192.095102
192.762993
193.520907
194.231429
194.944127
195.602018
196.296326
197.021927
197.687007
198.400544
199.122494
199.854286
200.593696
201.380907
202.233333
203.419592
204.147438
204.847937
205.551156
206.284762
206.983175
207.744671
208.514399
209.155238
209.856825
210.604444
211.283673
211.962903
212.733061
213.513061
214.217846
214.917551
215.747755
216.413379
217.153832
217.841723
218.594399
219.371746
220.122109
220.956100
221.912336
223.036281
224.252698
226.646122
227.659002
228.531429
229.452245
230.194422
231.228980
232.178231
233.807347
235.669796
237.095102
238.164490
239.148571
240.267755
241.368163
242.626939
243.949796
245.348163
246.378413
247.824286
248.524898
249.334286
250.040408
250.763265
251.486531
252.214921
252.953469
253.648571
254.390476
255.098095
255.835102
256.600000
257.323674
257.993878
258.714286
259.411020
260.128254
260.804898
261.525306
262.206258
262.973061
263.705714
264.417143
265.108571
265.852653
266.584082
267.338367
268.097551
268.847755
269.591429
270.341905
271.094694
271.861224
272.605850
273.371020
274.151020
274.914286
275.660816
276.440408
277.182449
277.947347
278.722041
279.490204
280.251837
281.044082
281.816508
282.619184
283.399682
284.196191
284.945714
285.712653
286.493129
287.259614
288.018776
288.770794
289.569184
290.336735
291.096508
291.889660
292.590204
293.348571
294.074286
294.825714
295.538367
296.283673
297.058481
297.799388
298.578367
299.329796
300.205714
300.924490
301.666122
302.458367
303.112517
303.727755
304.537415
305.368390
306.252245
307.037143
307.999592
308.800816
309.630612
310.622449
311.850998
314.157551
