0.762857
1.395510
2.110204
2.771973
3.482993
4.165306
4.885828
5.560680
6.263265
6.974150
7.649388
8.373356
9.030794
9.697551
10.383810
11.061224
11.744286
12.464898
13.136871
13.835782
14.601939
15.215510
15.897279
16.563129
17.286395
17.912653
18.621088
19.271020
19.908980
20.573469
21.221361
21.904717
22.557959
23.215102
23.836327
24.524286
25.144626
25.819592
26.481361
27.135918
27.802041
28.434603
29.121995
29.762948
30.446349
31.151565
31.840408
32.528435
33.248707
33.979546
34.803129
35.475510
36.110884
36.812381
37.477596
38.137732
38.809478
39.487891
40.098639
40.769524
41.431156
42.084626
42.808707
43.491973
44.176054
44.874558
45.577415
46.300816
47.116508
47.882653
48.522313
49.224354
49.964082
50.660862
51.363673
52.142347
52.834286
53.535918
54.286667
55.009116
55.731882
56.409751
57.098821
57.854694
58.571565
59.346667
59.968707
60.682041
61.383265
62.059184
62.790748
63.491020
64.224354
64.890748
65.577959
66.295646
67.003175
67.676190
68.401769
69.095556
69.851224
70.512109
71.203265
71.924626
72.619048
73.317460
74.013469
74.760680
75.500952
76.215102
76.948254
77.620816
78.311020
79.018912
79.706531
80.429660
81.122993
81.847211
82.577551
83.257347
83.944898
84.642041
85.345306
85.997188
86.595646
87.379320
88.052109
88.774512
89.489932
90.174014
90.828481
91.526531
92.224127
93.001905
93.592245
94.345079
95.080045
95.791292
96.458095
97.173061
97.865873
98.573741
99.256191
99.944082
100.664082
101.309388
102.173469
102.912789
103.649660
104.396054
105.127619
105.866122
106.616372
107.354467
108.145442
108.955374
109.737143
110.512245
111.200816
111.979184
112.793061
113.633878
114.445397
115.438775
116.009388
116.809569
117.589342
118.404218
119.174490
119.942449
120.717143
121.485714
122.214014
122.962313
123.720272
124.532789
125.331429
126.738639
127.467347
128.682177
129.874694
130.947551
132.054694
133.442902
134.592063
135.965986
137.172336
138.531746
139.687256
140.913968
142.053968
143.273741
144.658073
145.870748
147.242177
148.470340
149.834513
151.299093
153.353560
154.462222
155.509206
156.712698
157.732608
158.767755
159.892857
160.932381
162.034263
163.102676
164.147007
165.247710
166.284082
167.313333
168.314694
169.440136
170.536599
171.632426
172.588798
173.845986
175.534966
176.277596
176.966440
177.644444
178.332971
179.018594
179.697755
180.373197
181.055918
181.746213
182.391111
183.072540
183.763356
184.483537
185.194898
185.858776
186.577551
187.227619
187.895102
188.542993
189.240907
189.891429
190.584127
191.202018
191.836326
192.501927
193.154014
193.840544
194.522494
195.234286
195.913696
196.660907
197.413333
198.099977
198.727438
199.467937
200.042313
200.744762
201.443175
202.204671
202.954399
203.435238
204.076825
204.784444
205.407347
206.104580
206.778265
207.453061
208.137846
208.777551
209.507755
210.193379
210.853832
211.481723
212.174399
212.831746
213.492109
214.256100
214.932336
215.816281
216.832698
219.206122
220.199002
221.071429
221.992245
223.054422
224.188980
225.238231
226.827347
228.369796
229.735102
230.744490
231.768571
232.847755
233.948163
235.166939
236.449796
237.868163
239.098413
240.648571
241.324898
242.074286
242.746803
243.443265
244.126531
244.834921
245.513469
246.228571
246.925238
247.638095
248.315102
249.060000
249.747891
250.373878
251.074286
251.751020
252.448254
253.104898
253.805306
254.446258
255.133061
255.845714
256.517143
257.188571
257.932653
258.604082
259.318367
259.977551
260.687755
261.371429
262.081905
262.774694
263.501224
264.185850
264.891020
265.591020
266.294286
267.020816
267.740408
268.402449
269.067347
269.762041
270.450204
271.131837
271.844082
272.556508
273.259184
273.959682
274.676191
275.392857
276.092653
276.813129
277.479615
278.198776
278.890794
279.609184
280.296735
280.976508
281.709660
282.370204
283.028571
283.694286
284.385714
285.038367
285.723674
286.398481
287.079388
287.758367
288.429796
289.205714
289.864490
290.566122
291.218367
291.972517
292.547755
293.277415
294.064195
294.832245
295.577143
296.319592
297.080816
297.810612
298.582449
299.881995
302.537551
