0.762857
1.495510
2.250204
2.991973
3.742993
4.465306
5.211655
5.940680
6.663265
7.394150
8.129388
8.873356
9.590794
10.337551
11.063810
11.781224
12.524286
13.244898
13.976871
14.695782
15.467755
16.195510
16.937279
17.663129
18.406395
19.112653
19.881088
20.611020
21.348980
22.073469
22.801361
23.554150
24.297959
24.995102
25.716327
26.437143
27.164626
27.879592
28.581361
29.315918
30.062041
30.734603
31.481995
32.222948
32.953175
33.691565
34.440204
35.148435
35.908707
36.679546
37.623129
38.375510
39.130884
39.872381
40.637596
41.397732
42.149478
42.927891
43.638639
44.389524
45.171156
45.864626
46.668707
47.431973
48.196054
48.954558
49.737415
50.540816
51.576508
52.381224
53.142313
53.884354
54.664082
55.400862
56.183673
57.009388
57.754286
58.495918
59.326667
60.069116
60.831882
61.589252
62.358821
63.134694
63.991565
64.766667
65.588707
66.382041
67.143265
67.919184
68.690748
69.451020
70.224354
71.010748
71.797959
72.575646
73.351587
74.136190
74.961769
75.735556
76.542449
77.252109
78.083265
78.844626
79.619048
80.417460
81.153469
81.980680
82.780952
83.575102
84.348254
85.160816
85.951020
86.718912
87.526531
88.289660
89.062993
89.847211
90.637551
91.434694
92.164898
92.902041
93.725306
94.537188
95.235646
96.019320
96.812109
97.594512
98.429932
99.154014
99.968481
100.706531
101.504127
102.283809
103.092245
103.845079
104.640045
105.431292
106.198095
107.013061
107.771746
108.533742
109.336191
110.144082
110.904082
111.609388
112.533469
113.312789
114.089660
114.836054
115.607619
116.406122
117.196372
117.994467
118.845442
119.635374
120.377143
121.212245
122.160816
122.719184
123.493061
124.333878
125.205397
125.998775
126.729388
127.569569
128.249342
128.984218
129.868980
130.462449
131.357143
132.145714
132.974014
133.806939
134.600272
135.452789
136.331429
137.449116
138.763907
139.982177
141.014694
142.147551
143.034694
144.202902
145.152063
146.285986
147.392336
148.491746
149.447256
150.653968
151.748995
152.873741
154.098073
155.130748
156.362177
157.470340
158.614513
159.879093
161.133560
162.182222
163.269206
164.432698
165.492608
166.527755
167.605714
168.672381
169.734263
170.722676
171.734014
172.807710
173.824082
174.833333
175.834694
176.920136
177.976599
179.072426
180.108798
181.200399
183.214966
183.997596
184.806440
185.604444
186.392971
187.178594
187.955510
188.753197
189.535918
190.346213
191.091111
191.885079
192.723356
193.527075
194.334898
195.117551
196.037551
196.727619
197.475102
198.182993
198.960907
199.771429
200.484127
201.340404
201.956326
202.681927
203.414014
204.180544
204.962494
205.714286
206.473696
207.260907
208.053333
208.879592
209.827438
210.747937
211.402313
212.144762
212.943175
213.664671
214.454399
215.195238
215.916825
216.724444
217.507347
218.242903
219.073061
219.913061
220.677846
221.397551
222.267755
223.093379
223.873832
224.621723
225.434399
226.191746
226.964218
227.816100
228.652336
229.576281
230.572698
232.386122
233.339002
234.291429
235.206122
236.654422
237.988980
238.998231
240.687347
242.389796
243.535102
244.684490
245.708571
246.847755
247.968163
249.111156
250.369796
251.728163
252.918413
254.637143
255.564898
256.414286
257.180408
258.003265
258.766531
259.574921
260.353469
261.117143
261.890476
262.698095
263.495102
264.380000
265.203674
266.013878
266.814286
267.611020
268.428254
269.244898
270.025306
270.806259
271.653061
272.525714
273.377143
274.188571
275.072653
275.884082
276.738367
277.577551
278.387755
279.231429
280.061905
280.894694
281.721225
282.565850
283.371020
284.191020
285.014286
285.840816
286.660408
287.442449
288.247347
289.042041
289.890204
290.671837
291.484082
292.296508
293.099184
293.899682
294.696191
295.485714
296.272653
297.053129
297.859615
298.698776
299.530794
300.349184
301.196735
301.936508
302.749660
303.530204
304.328571
305.114286
305.925714
306.698367
307.483674
308.278481
309.059388
309.898367
310.669796
311.525714
312.344490
313.086122
313.876735
314.692517
315.407755
316.197415
317.048390
317.932245
318.757143
319.659592
320.520816
321.095374
321.642449
322.678875
325.677551
