1.782857
2.495510
3.250204
3.991973
4.762993
5.505306
6.211655
6.940680
7.663265
8.394150
9.109388
9.873356
10.590794
11.317551
12.023810
12.741224
13.484286
14.224898
14.956871
15.675782
16.443878
17.155510
17.877279
18.583129
19.346395
20.052653
20.801088
21.511020
22.268980
23.013469
23.721361
24.514150
25.277959
25.975102
26.656327
27.377143
28.064626
28.799592
29.541361
30.255918
30.962041
31.614603
32.381995
33.081474
33.806349
34.531565
35.280408
36.068435
36.968707
37.799546
38.783129
39.575510
40.290884
41.012381
41.757596
42.497732
43.229478
43.947891
44.618639
45.329524
46.051156
46.744626
47.508707
48.251973
48.976054
49.814558
50.657415
51.560816
52.656508
53.521224
54.322313
55.104354
55.944082
56.700862
57.543673
58.336463
59.134286
59.915918
60.726667
61.494558
62.291882
63.049252
63.858821
64.714694
65.531565
66.366667
67.448707
68.282041
69.063265
69.839184
70.630748
71.391020
72.164354
72.930748
73.697959
74.455646
75.203175
75.996190
76.801769
77.555556
78.362449
79.072109
79.863265
80.624626
81.379048
82.137460
82.913469
83.660680
84.440952
85.195102
85.968254
86.780816
87.551020
88.398912
89.286531
90.149660
91.022993
91.927211
92.817551
93.614694
94.324898
95.002041
95.765306
96.437188
97.115646
97.859320
98.592109
99.314512
100.009932
100.734014
101.468481
102.166531
102.904127
103.683809
104.412245
105.105079
105.880045
106.631293
107.358095
108.153061
108.911746
109.713741
110.516190
111.384082
112.204082
113.069388
114.073469
114.892789
115.689660
116.456054
117.227619
118.026122
118.936372
119.854467
121.085442
122.075374
122.897143
123.772245
124.700816
125.579184
126.513061
127.453878
128.425397
129.418775
130.149388
131.029569
131.889342
132.704218
133.508980
134.302449
135.197143
135.905714
136.714014
137.506939
138.360272
139.252789
140.231429
141.449116
143.947347
145.402177
146.554694
148.127551
149.234694
150.682902
152.052064
153.445986
154.872336
156.431746
157.607256
159.013968
160.873968
162.153741
163.932290
165.524490
167.042177
168.290340
169.714513
171.539093
174.053560
175.222222
176.236402
177.432698
178.472608
179.487755
180.525714
181.652381
182.854263
183.842676
184.847007
185.907710
187.024082
188.093333
189.194694
190.360136
191.776599
193.092426
194.488798
196.285986
198.854966
199.677596
200.386440
201.104444
201.812971
202.529297
203.235510
203.953197
204.675918
205.426213
206.151111
206.925079
207.763356
208.567075
209.394898
210.218775
211.097551
211.767619
212.395102
213.082993
213.840907
214.591429
215.304127
216.022018
216.716326
217.461927
218.154014
218.900544
219.662494
220.414286
221.253696
222.160907
222.993333
224.159592
224.907438
225.627937
226.302313
227.044762
227.783175
228.544671
229.274399
230.030476
230.716825
231.484444
232.187347
232.882903
233.673061
234.413061
235.237846
235.977551
236.787755
237.593379
238.413832
239.141723
239.914399
240.671746
241.444218
242.316100
243.232336
244.416281
245.552698
248.506122
249.579002
250.791429
251.752245
252.854422
254.088980
255.138231
257.267347
259.729796
261.075102
262.144490
263.168571
264.387755
265.520817
266.926939
268.669796
270.088163
271.438413
273.428571
274.244898
275.014286
275.780408
276.563265
277.326531
278.094921
278.853469
279.588571
280.390476
281.158095
281.915102
282.740000
283.483674
284.173878
284.914286
285.611020
286.348254
287.044898
287.785306
288.486259
289.273061
290.085714
290.857143
291.588571
292.392653
293.164082
293.958367
294.697551
295.427755
296.171429
296.901905
297.634694
298.361224
299.105850
299.851020
300.611020
301.354286
302.140816
302.860408
303.602449
304.327347
305.082041
305.810204
306.551837
307.304082
308.036508
308.819184
309.579682
310.376191
311.125714
311.852653
312.593129
313.299615
314.058776
314.810794
315.569184
316.316735
317.056508
317.809660
318.510204
319.248571
319.934286
320.685714
321.378367
322.103674
322.878481
323.599388
324.358367
325.109796
325.945714
326.664490
327.386122
328.118367
328.812517
329.467755
330.317415
331.148390
332.012245
332.857143
333.839592
334.640816
335.590612
336.562449
337.650998
340.357551
