0.502857
1.235510
1.970204
2.711973
3.442993
4.205306
4.911655
5.660680
6.403265
7.134150
7.889388
8.653356
9.370794
10.137551
10.843810
11.621224
12.364286
13.144898
13.936871
14.655782
15.467755
16.215510
16.957279
17.703129
18.486395
19.192653
19.961088
20.691020
21.428980
22.193469
22.941361
23.714150
24.477959
25.215102
25.936327
26.717143
27.444626
28.139592
28.941361
29.695918
30.462041
31.174603
31.941995
32.702948
33.446349
34.211565
34.960408
35.688435
36.468707
37.179546
38.083129
38.715510
39.410884
40.172381
40.917596
41.637732
42.389478
43.167891
43.858639
44.589524
45.351156
46.044626
46.808707
47.571973
48.276054
49.014558
49.777415
50.540816
51.256508
52.021224
52.742313
53.504354
54.264082
55.040862
55.783673
56.624694
57.334286
58.115918
58.906667
59.649116
60.411882
61.149252
61.918821
62.714694
63.511565
64.346667
65.108707
65.862041
66.623265
67.399184
68.150748
68.931020
69.644354
70.430748
71.177959
71.935646
72.703175
73.496190
74.321769
75.095556
75.922449
76.632109
77.443265
78.224626
79.019048
79.817460
80.593469
81.380680
82.180952
82.955102
83.748254
84.540816
85.331020
86.177823
86.986531
87.789660
88.562993
89.367211
90.177551
90.934694
91.684898
92.442041
93.225306
93.917188
94.655646
95.419320
96.168435
96.954512
97.729932
98.494014
99.233923
100.006531
100.804127
101.583809
102.352245
103.105079
103.880045
104.671293
105.438095
106.233061
106.971746
107.733741
108.496190
109.284082
110.024082
110.749388
111.713469
112.452789
113.249660
114.036054
114.807619
115.586122
116.376372
117.194467
118.005442
118.875374
119.657143
120.492245
121.320816
121.959184
122.893061
123.793878
124.725397
125.498775
126.129388
127.009569
127.769342
128.544218
129.291497
130.062449
130.957143
131.725714
132.514014
133.266939
134.050136
134.872789
135.711429
137.429116
138.246239
139.562177
140.714694
141.787551
142.854694
143.982902
145.032063
146.285986
147.552336
148.731746
149.867256
151.093968
152.073968
153.253741
154.498073
155.550748
156.682177
157.790340
158.894513
159.979093
161.257853
162.322222
163.409206
164.572698
165.652608
166.687755
167.785714
168.952381
170.094263
171.142676
172.207007
173.287710
174.384082
175.473333
176.474694
177.580136
178.696599
179.792426
180.888798
182.085986
183.854966
184.677596
185.446440
186.264444
187.052971
187.818594
188.635510
189.413197
190.195918
191.006213
191.751111
192.505079
193.263356
194.007075
194.754898
195.478775
196.317551
197.007619
197.715102
198.402993
199.160907
199.871429
200.704127
201.382018
202.116326
202.901927
203.614014
204.360544
205.102494
205.854286
206.593696
207.380907
208.173333
208.899592
209.627438
210.387936
211.142313
211.924762
212.723175
213.404671
214.174399
214.925714
215.656825
216.444444
217.147347
217.882903
218.713061
219.493061
220.297846
221.037551
221.847755
222.653379
223.513832
224.221723
225.034399
225.811746
226.604218
227.496100
228.292336
229.276281
230.192698
232.066122
232.919002
233.791429
234.652245
235.574422
236.668980
237.718231
239.227347
239.969796
241.115102
242.036449
242.928571
244.047755
245.108163
246.166939
247.169796
248.548163
249.718413
251.465714
252.244898
253.074286
253.860408
254.663265
255.426531
256.214921
257.013469
257.788571
258.550476
259.358095
260.135102
260.940000
261.703674
262.393878
263.154286
263.891020
264.668254
265.364898
266.125306
266.846258
267.653061
268.425714
269.197143
269.988571
270.812653
271.584082
272.398367
273.177551
273.967755
274.731429
275.541905
276.294694
277.081224
277.865850
278.651020
279.451020
280.214286
281.020816
281.780408
282.542449
283.307347
284.062041
284.850204
285.611837
286.364082
287.136508
287.918367
288.699682
289.496191
290.265714
291.032653
291.793129
292.559615
293.338775
294.110794
294.889184
295.656735
296.396508
297.189660
297.890204
298.628571
299.354286
300.105714
300.818367
301.563673
302.298481
303.059388
303.818367
304.569796
305.445714
306.144490
306.866122
307.598367
308.352517
308.927755
309.638708
310.448390
311.292245
312.117143
312.979592
313.700816
314.530612
315.522449
316.841995
319.364847
