0.602857
1.295510
2.050204
2.791973
3.542993
4.265306
4.991655
5.720680
6.463265
7.174150
7.889388
8.653356
9.370794
10.057551
10.763810
11.481224
12.184286
12.924898
13.676871
14.395782
15.147755
15.875510
16.577279
17.303129
18.026395
18.732653
19.450544
20.111020
20.828980
21.513469
22.241361
22.974150
23.717959
24.455102
25.156327
25.917143
26.604626
27.359592
28.101361
28.895918
29.762041
30.474603
31.081995
31.802948
32.526349
33.291565
34.040408
34.828435
35.608707
36.359546
37.103129
37.875510
38.590884
39.332381
40.057596
40.788866
41.549478
42.287891
42.958639
43.723175
44.431156
45.124626
45.908707
46.671973
47.396054
48.154558
48.917415
49.720816
50.456508
51.261224
51.982313
52.724354
53.504082
54.260862
55.023673
55.769388
56.514286
57.275918
58.066667
58.809116
59.591882
60.309252
61.078821
61.874694
62.671565
63.506667
64.268707
65.042041
65.863265
66.639184
67.410748
68.191020
68.964354
69.710748
70.457959
71.235646
72.003175
72.776190
73.581769
74.355556
75.202449
75.912109
76.683265
77.444626
78.219048
78.977460
79.773469
80.600680
81.420952
82.195102
82.968254
83.740816
84.491020
85.278912
86.026531
86.849660
87.622993
88.427211
89.197551
89.974694
90.744898
91.482041
92.265306
93.017188
93.715646
94.499320
95.252109
95.994512
96.749932
97.474014
98.205442
98.926531
99.724127
100.503809
101.212245
101.945079
102.700045
103.451292
104.198095
104.973061
105.731746
106.473742
107.256191
108.024082
108.824082
109.489388
110.373469
111.152789
111.929660
112.676054
113.447619
114.246122
115.016372
115.834467
116.645442
117.575374
118.377143
119.172245
120.060816
120.759184
121.693061
122.573878
123.305397
124.278775
125.049388
125.769569
126.569342
127.324218
128.108980
128.862449
129.737143
130.465714
131.254014
132.026939
132.800272
133.672789
134.571429
135.509116
136.527347
137.522177
138.474694
139.347551
140.394694
141.322902
142.072064
143.065986
144.075389
145.031746
145.947256
146.893968
147.753968
148.593741
149.758073
150.750748
151.722177
152.650340
153.634512
154.919093
156.373560
157.222222
158.009206
159.072698
159.932608
160.767755
161.569107
162.442476
163.314263
164.181338
164.886092
165.627710
166.564082
167.373333
168.128299
169.048904
169.776599
170.712426
171.648798
172.785986
174.434966
175.517596
176.246440
176.944444
177.282943
177.678594
178.395510
179.093197
180.095918
180.846213
181.537037
182.265079
182.983356
183.687075
184.434898
185.118775
185.937551
186.627619
187.287551
187.902993
188.660907
189.351429
190.064127
190.762018
191.456326
192.161927
192.814014
193.540544
194.262494
194.954286
195.673696
196.400907
197.193333
198.119864
198.887438
199.627937
200.282313
201.024762
201.743175
202.504671
203.234399
203.915238
204.596825
205.344444
206.027347
206.722903
207.513061
208.233061
208.997846
209.697551
210.487755
211.213379
211.953832
212.661723
213.437200
214.151746
214.904218
215.716100
216.572336
217.616281
218.932698
221.486122
222.639002
224.031429
224.972245
225.994422
227.108980
228.158231
229.827347
232.309796
233.695102
235.144490
236.688571
237.807755
238.928163
240.426939
241.749796
243.388163
244.598413
246.488571
247.204898
248.034286
248.740408
249.503265
250.266531
251.014921
251.733469
252.488571
253.225238
253.998095
254.715102
255.500000
256.243674
256.953878
257.714286
258.411020
259.208254
259.924898
260.685306
261.386258
262.153061
262.925714
263.617143
264.348571
265.112653
265.864082
266.618367
267.397551
268.187755
268.971429
269.761905
270.514694
271.301224
272.085850
272.891020
273.651020
274.454286
275.260816
276.040408
276.782449
277.607347
278.342041
279.170204
279.951837
280.704082
281.456508
282.219184
282.959682
283.656191
284.345714
285.032653
285.736565
286.419615
287.178776
287.910794
288.649184
289.376735
290.116508
290.829660
291.510204
292.228571
292.914286
293.665714
294.358367
295.083673
295.818481
296.539388
297.278367
298.029796
298.885714
299.564490
300.286122
300.998367
301.692517
302.287755
303.077415
303.884195
304.692245
305.477143
306.279592
306.940816
307.790612
308.762449
310.041995
313.177551
