0.502857
1.115510
1.910204
2.711973
3.522993
4.445306
5.111655
5.980680
6.783265
7.574150
8.349388
9.213356
10.010794
10.797551
11.563810
12.321224
13.104286
13.904898
14.696871
15.475782
16.307755
17.095510
17.877279
18.703129
19.506395
20.292653
21.121088
21.871020
22.688980
23.433469
24.221361
25.034150
25.815918
26.595102
27.356327
28.117143
28.904626
29.659592
30.481361
31.315918
32.082041
32.814603
33.641995
34.422948
35.186349
35.991565
36.780408
37.596871
38.448707
39.299546
40.243129
41.135510
41.890884
42.712381
43.577596
44.337732
45.149478
45.947891
46.718639
47.489524
48.311156
49.004626
49.808707
50.651973
51.416054
52.234558
53.097415
53.940816
54.884127
55.681224
56.502313
57.364354
58.264082
59.100862
60.003673
60.929388
61.774286
62.655918
63.566667
64.449116
65.291882
66.129252
67.038821
67.954694
68.831565
69.786667
70.628707
71.482041
72.363265
73.239184
74.110748
74.951020
75.864354
76.710748
77.557959
78.395646
79.263175
80.116190
80.981769
81.795556
82.642449
83.392109
84.243265
85.024626
85.899048
86.737460
87.533469
88.380680
89.220952
90.015102
90.868254
91.700816
92.351020
93.138912
94.026531
94.949660
95.822993
96.707211
97.577551
98.454694
99.204898
99.962041
100.845306
101.617188
102.415646
103.219320
104.052109
104.874512
105.689932
106.474014
107.168481
107.966531
108.844127
109.743809
110.512245
111.285079
112.120045
113.011292
113.798095
114.653061
115.471746
116.313741
117.156190
118.044082
118.824082
119.569388
120.513469
121.352789
122.169660
122.996054
123.827619
124.646122
125.496372
126.314467
127.165442
128.235374
129.137143
130.012245
131.040816
131.979184
132.913061
134.033878
134.965397
136.138775
136.909388
137.789569
138.609342
139.424218
140.368980
141.242449
142.197143
143.085714
143.894014
144.746939
145.580272
146.512789
147.431429
148.409116
149.549116
150.842177
152.214694
153.387551
154.534694
155.942902
157.252063
158.785986
160.072336
161.411746
162.587256
164.013968
165.293968
166.513742
168.498073
169.710748
171.122177
172.330340
173.694513
175.219093
176.673560
177.782222
178.789206
179.932698
180.932608
181.947755
183.045714
184.092381
185.334263
186.542676
187.667007
188.887710
190.004082
191.053333
192.194694
193.320136
194.616599
195.712426
196.988798
197.665986
199.554966
200.377596
201.186440
202.004444
202.812971
203.618594
204.435510
205.233197
206.035918
206.826213
207.591111
208.405079
209.223356
210.047075
210.874898
211.638775
212.557551
213.287619
214.075102
214.842993
215.640907
216.431429
217.224127
218.022018
218.796326
219.581927
220.334014
221.140544
221.902494
222.694286
223.473696
224.300907
225.093333
226.199592
227.007438
227.827936
228.582313
229.404762
230.123175
231.044671
231.814399
232.595238
233.376825
234.224444
235.007347
235.802903
236.633061
237.473061
238.237846
239.077551
239.907755
240.713379
241.513832
242.301723
243.114399
243.931746
244.724218
245.596100
246.652336
247.696281
249.065397
252.366122
254.639002
255.491429
256.912245
257.954422
259.248980
261.398231
262.987347
265.429796
267.155102
268.284490
269.848571
271.167755
272.468163
273.946939
276.109796
277.708163
278.918413
281.388571
282.204898
283.094286
283.920408
284.783265
285.666531
286.514921
287.373469
288.237143
289.130476
290.034286
290.915102
291.840000
292.663674
293.473878
294.274286
295.071020
295.888254
296.704898
297.525306
298.306259
299.173061
300.045714
300.877143
301.648571
302.512653
303.344082
304.158367
304.995102
305.847755
306.651429
307.501905
308.334694
309.181224
310.025850
310.911020
311.751020
312.614286
313.480816
314.360408
315.162449
316.027347
316.862041
317.730204
318.571837
319.424082
320.276508
321.119184
321.999683
322.856191
323.717143
324.532653
325.413129
326.279614
327.158776
328.050794
328.918367
329.816735
330.676508
331.609660
332.470204
333.248571
334.094286
334.905714
335.738367
336.563673
337.378481
338.259388
339.078367
339.849796
340.685714
341.684490
342.446122
343.138367
344.272517
344.847755
345.757415
346.728390
347.672245
348.557143
349.539592
350.340816
351.330612
352.362449
354.361995
357.737551
