0.522857
1.255510
1.990204
2.711973
3.442993
4.145306
4.871655
5.580680
6.283265
6.994150
7.709388
8.453356
9.150794
9.837551
10.543810
11.241224
11.964286
12.704898
13.416871
14.135782
14.887755
15.595510
16.317279
17.023129
17.746395
18.452653
19.181088
19.891020
20.608980
21.333469
22.041361
22.794150
23.557959
24.235102
24.916327
25.617143
26.344626
27.079592
27.801361
28.495918
29.242041
29.914603
30.621995
31.322948
32.046349
32.751565
33.480408
34.188435
34.944354
35.619546
36.343129
37.075510
37.790884
38.512381
39.257596
39.977732
40.689478
41.447891
42.118639
42.829524
43.531156
44.224626
44.968707
45.691973
46.396054
47.114558
47.837415
48.600816
49.436508
50.240306
50.981156
51.732177
52.544082
53.280862
54.101224
54.863129
55.634286
56.355918
57.166667
57.929116
58.651882
59.449252
60.198821
61.014694
61.791565
62.626667
63.364354
64.122041
64.903265
65.679184
66.430748
67.191020
67.964354
68.710748
69.468980
70.195646
70.963175
71.756190
72.481769
73.195556
73.942449
74.632109
75.363265
76.044626
76.819048
77.537460
78.293469
79.080680
79.840952
80.555102
81.328254
82.080816
82.771020
83.538912
84.226531
85.009660
85.742993
86.527211
87.248776
87.974694
88.704898
89.402041
90.165306
90.877188
91.575646
92.339320
93.092109
93.814512
94.569932
95.274014
95.968481
96.766531
97.504127
98.263809
99.032245
99.785079
100.500045
101.231292
101.958095
102.693061
103.391746
104.113742
104.836191
105.604082
106.324082
107.089388
107.973469
108.712789
109.449660
110.176054
110.927619
111.626122
112.336372
113.097234
113.902721
114.875374
115.697143
116.572245
117.360816
118.239184
119.173061
119.953878
120.885397
121.778775
122.569388
123.449569
124.349342
125.184218
126.068980
126.942449
127.837143
128.565714
129.357007
130.126939
130.920272
131.752789
132.531429
133.309116
134.655573
135.802177
136.954694
138.007551
139.074694
139.942902
140.832064
141.945986
142.932336
144.051746
144.907256
145.913968
146.733968
147.673742
148.798073
149.830748
150.822177
151.570340
152.734513
154.019093
155.413560
156.402222
157.249206
158.226349
159.132608
160.067755
160.861429
161.812381
162.754263
163.635669
164.567007
165.422570
166.304082
167.208333
167.997347
168.855034
169.719575
170.632426
171.348798
172.425986
173.174966
173.937596
174.666440
175.424444
176.152971
176.898594
177.635510
178.353197
179.095918
179.826213
180.531111
181.265079
181.983356
182.747075
183.494898
184.198775
185.017551
185.727619
186.475102
187.182993
188.000907
188.731429
189.504127
190.242018
190.956326
191.701927
192.434014
193.180544
193.902494
194.634286
195.373696
196.120907
196.833333
197.839949
198.607438
199.347937
200.062313
200.844762
201.603175
202.424671
203.134399
203.855238
204.556825
205.304444
206.047347
206.762902
207.593061
208.333061
209.097846
209.797551
210.587755
211.353379
212.053832
212.801723
213.557200
214.211746
214.924218
215.694025
216.392336
217.296281
218.252698
220.426122
221.959002
222.811429
223.812245
224.798605
225.788980
226.578231
227.727347
228.909796
230.255102
231.284490
232.325714
233.487755
234.348163
235.415646
236.234898
237.588163
238.718413
240.088571
240.784898
241.514286
242.260408
243.023265
243.766531
244.494921
245.233469
245.968571
246.730476
247.518095
248.275102
249.180000
249.943674
250.653878
251.394286
252.131020
252.888254
253.604898
254.342653
255.026259
255.813061
256.585714
257.337143
258.088571
258.912653
259.684082
260.458367
261.237551
262.007755
262.751429
263.521905
264.254694
265.021224
265.745850
266.491020
267.231020
267.974286
268.720816
269.460408
270.182449
270.927347
271.682041
272.430204
273.151837
273.904082
274.636508
275.419184
276.179683
276.956190
277.705714
278.472653
279.233129
279.959614
280.738776
281.490794
282.269184
283.016735
283.756508
284.529660
285.230204
285.968571
286.654286
287.425714
288.118367
288.863674
289.598481
290.339388
291.118367
291.849796
292.745714
293.504490
294.226122
294.958367
295.712517
296.347755
297.197415
298.008390
298.852245
299.657143
300.619592
301.360816
302.210612
303.035612
304.061995
306.897551
