0.442857
1.135510
1.870204
2.551973
3.302993
4.045306
4.771655
5.480680
6.203265
6.948299
7.689388
8.433356
9.150794
9.857551
10.583810
11.301224
12.064286
12.824898
13.536871
14.295782
15.067755
15.795510
16.517279
17.263129
18.026395
18.752653
19.521088
20.251020
21.028980
21.793469
22.521361
23.314150
24.057959
24.855102
25.536327
26.337143
27.064626
27.819592
28.561361
29.315918
30.062041
30.734603
31.541995
32.282948
33.026349
33.811565
34.580408
35.348435
36.128707
36.899546
37.843129
38.475510
39.190884
39.972381
40.737596
41.497732
42.249478
43.047891
43.737279
44.589524
45.271156
45.944626
46.748707
47.531973
48.272109
49.034558
49.457415
50.240816
51.376508
52.161224
52.922313
53.664354
54.464082
55.200862
55.983673
56.809388
57.534286
58.315918
59.126667
59.869116
60.671882
61.429252
62.198821
62.974694
63.851565
64.686667
65.688707
66.462041
67.283265
68.079184
68.870748
69.651020
70.464354
71.210748
71.997959
72.775646
73.543175
74.356190
75.121769
75.875556
76.682449
77.392109
78.163265
78.924626
79.739048
80.537460
81.313469
82.140680
82.940952
83.755102
84.588254
85.400816
86.151020
86.978912
87.786531
88.609660
89.402993
90.207211
90.997551
91.794694
92.584898
93.382041
94.205306
94.977188
95.735646
96.539320
97.372109
98.134512
98.929932
99.694014
100.405442
101.246531
102.044127
102.801905
103.552245
104.305079
105.100045
105.911293
106.698095
107.493061
108.291746
109.073741
109.876190
110.724082
111.564082
112.449388
113.553469
114.372789
115.189660
115.996054
116.807619
117.626122
118.476372
119.254467
120.145442
121.135374
121.817143
122.692245
123.560816
124.379184
125.313061
126.153878
127.045397
127.978775
128.689388
129.569569
130.429342
131.164218
131.928980
132.742449
133.557143
134.305714
135.094014
135.786939
136.620272
137.432789
138.311429
139.229116
140.727347
141.842177
142.674694
143.707551
144.634694
145.642902
146.672064
147.742993
148.912336
149.911746
150.847256
151.953968
153.153968
154.253741
155.239786
156.450748
157.542177
158.630340
159.654513
161.139093
162.413560
163.462222
164.389206
165.512698
166.432608
167.387755
168.366571
169.232381
170.294263
171.222676
171.867007
172.967710
173.944082
174.893333
175.774694
176.700136
177.636599
178.592426
179.542933
180.625986
181.814966
182.597596
183.366440
184.164444
184.992971
185.798594
186.595510
187.393197
188.195918
189.026213
189.811111
190.605079
191.463356
192.327075
193.174898
193.978775
194.857551
195.707619
196.555102
197.182993
197.920907
198.691429
199.504127
200.222018
201.016326
201.781927
202.514014
203.320544
204.122494
204.914286
205.693696
206.460907
207.273333
208.399592
209.247438
210.027937
210.822313
211.604762
212.343175
213.184671
213.974399
214.735238
215.516825
216.324444
217.087347
217.822902
218.653061
219.493061
220.297846
221.057551
221.927755
222.693379
223.473832
224.221723
225.074399
225.811746
226.604218
227.456100
228.292336
229.236281
230.292698
232.644490
233.839002
234.731429
235.632245
236.674422
237.828980
238.898231
239.967347
241.329796
242.615102
243.684490
244.688571
245.887755
246.908163
248.046939
248.969796
250.148163
251.158413
252.728571
253.564898
254.454286
255.240408
256.023265
256.806531
257.574921
258.353469
259.148571
259.910476
260.718095
261.595102
262.500000
263.363674
264.113878
264.934286
265.671020
266.468254
267.224898
268.025306
268.766258
269.626122
270.485714
271.237143
272.008571
272.892653
273.724082
274.538367
275.377551
276.187755
277.011429
277.841905
278.614694
279.441224
280.245850
281.051020
281.851020
282.654286
283.520816
284.320408
285.122449
285.947347
286.822041
287.650204
288.531837
289.344082
290.176508
290.999184
291.839682
292.676191
293.545714
294.377959
295.213129
295.999615
296.818776
297.650794
298.489184
299.296735
300.076508
300.889660
301.650204
302.448571
303.234286
304.045714
304.818367
305.623673
306.418481
307.259388
308.098367
308.889796
309.825714
310.653469
311.466122
312.238367
313.052517
313.667755
314.557415
315.468390
316.372245
317.217143
318.119592
318.920816
319.710612
320.682449
322.081995
324.937551
