0.448980
0.955510
1.650204
2.371973
3.122993
3.842653
4.511655
5.220680
5.863265
6.594150
7.289388
8.016678
8.690794
9.357551
10.023810
10.721224
11.404286
12.124898
12.816871
13.495782
14.247755
14.935510
15.617279
16.303129
17.046395
17.712653
18.421088
19.111020
19.808980
20.513469
21.201361
21.934150
22.637959
23.315102
23.976327
24.677143
25.404626
26.119592
26.861361
27.535918
28.262041
28.934603
29.661995
30.362948
31.066349
31.771565
32.500408
33.248435
34.028707
34.819546
35.763129
36.515510
37.230884
37.972381
38.757596
39.497732
40.249478
41.007891
41.698639
42.429524
43.211156
43.904626
44.608707
45.411973
46.136054
46.894558
47.657415
48.480816
49.476508
50.281224
51.082313
51.844354
52.624082
53.400862
54.203673
55.009388
55.814286
56.575918
57.406667
58.189116
58.971882
59.729252
60.498821
61.294694
62.171565
63.046667
64.088707
64.862041
65.723265
66.499184
67.270748
68.071020
68.864354
69.630748
70.352653
71.135646
71.923175
72.688095
73.481769
74.215556
74.982449
75.692109
76.463265
77.244626
78.039048
78.854921
79.633469
80.480680
81.280952
82.055102
82.868254
83.740816
84.531020
85.397823
86.206531
87.109660
87.962993
88.847211
89.677551
90.514694
91.304898
92.102041
92.922653
93.657188
94.355646
95.159320
96.032109
96.797256
97.609932
98.334014
99.008481
99.906531
100.664127
101.503809
102.352245
103.145079
103.940045
104.731292
105.558095
106.393061
107.171746
107.973742
108.816190
109.624082
110.464082
111.169388
112.073469
112.852789
113.649660
114.416054
115.207619
116.006122
116.836372
117.674467
118.525442
119.435374
120.357143
121.256735
122.240816
123.119184
124.053061
125.013878
125.945397
127.018775
127.829388
128.749569
129.649342
130.444218
131.408980
132.262449
133.157143
133.965714
134.774014
135.586939
136.400272
137.352789
138.351429
139.469116
141.167347
142.502177
143.714694
144.987551
146.174694
147.382902
148.645079
150.525986
151.912336
153.351746
154.527256
155.933968
157.313968
158.533741
159.978073
161.350748
162.722177
164.190340
165.574513
167.259093
168.973560
170.202222
171.489206
172.732698
173.552608
174.567755
175.665714
176.912381
177.974263
178.962676
180.107007
181.207710
182.384082
183.573333
184.594694
185.840136
187.016599
188.112426
189.388798
190.705986
192.557483
193.317596
194.086440
194.884444
195.612971
196.318594
197.075510
197.773197
198.495918
199.246213
199.991111
200.765079
201.563356
202.367075
203.154898
203.937551
204.777551
205.507619
206.255102
206.962993
207.780907
208.571429
209.341376
210.022018
210.756326
211.521927
212.274014
213.020544
213.762494
214.514286
215.273696
216.060907
216.893333
217.959592
218.767438
219.547936
220.262313
221.104762
221.863175
222.664671
223.434399
224.155238
224.916825
225.724444
226.447347
227.182903
228.013061
228.793061
229.677846
230.397551
231.267755
232.013379
232.893832
233.641723
234.514399
235.271746
236.104218
236.916100
237.792336
238.776281
240.012698
242.066122
243.099002
244.031429
245.112245
246.154422
247.228980
248.418231
249.667347
250.829796
252.175102
253.244490
254.128571
255.247755
256.348163
257.646939
258.969796
260.528163
261.858413
263.888571
264.644898
265.454286
266.200408
267.003265
267.786531
268.594921
269.393469
270.168571
270.970476
271.758095
272.515102
273.340000
274.083674
274.753878
275.514286
276.231020
276.968254
277.684898
278.425306
279.146258
279.913061
280.705714
281.457143
282.228571
283.032653
283.784082
284.578367
285.417551
286.207755
286.971429
287.761905
288.554694
289.361224
290.125850
290.951020
291.751020
292.554286
293.400816
294.200408
294.947347
295.767347
296.582041
297.370204
298.131837
298.964082
299.773016
300.619184
301.419683
302.296191
303.085714
303.872653
304.693129
305.559615
306.338775
307.190794
308.089184
308.936735
309.676508
310.669660
311.470204
312.308571
313.094286
313.905714
314.678367
315.503673
316.298481
317.139388
317.958367
318.729796
319.625714
320.464490
321.266122
322.098367
322.832517
323.527755
324.397415
325.368390
326.352245
327.297143
328.219592
328.960816
329.810612
330.822449
332.161995
334.937551
