0.722857
1.455510
2.250204
3.011973
3.782993
4.525306
5.251655
5.980680
6.723265
7.474150
8.209388
8.973356
9.690794
10.397551
11.143810
11.881224
12.624286
13.384898
14.136871
14.875782
15.627755
16.355510
17.117279
17.843129
18.606395
19.312653
20.081088
20.791020
21.508980
22.233469
22.961361
23.714150
24.437959
25.155102
25.856327
26.597143
27.304626
28.079592
28.781361
29.635918
30.362041
30.958651
31.661995
32.362948
33.126349
33.871565
34.620408
35.368435
36.148707
36.899546
37.883129
38.475510
39.210884
39.952381
40.697596
41.477732
42.209478
42.767891
43.778639
44.489524
45.251156
45.764626
46.528707
47.291973
48.016054
48.774558
49.177415
50.000816
51.276508
52.121224
52.922313
53.704354
54.544082
55.320862
56.203673
57.049388
57.854286
58.675918
59.546667
60.329116
61.131882
61.949252
62.758821
63.594694
64.451565
65.286667
66.108707
66.902041
67.723265
68.519184
69.290748
70.071020
70.884354
71.710748
72.517959
73.315646
74.103175
74.896190
75.741769
76.515556
77.362449
78.072109
78.903265
79.704626
80.559048
81.377460
82.193469
83.000680
83.820952
84.595102
85.428254
86.240816
86.991020
87.838912
88.646531
89.449660
90.242993
91.047211
91.857551
92.634694
93.444898
94.242041
95.005306
95.777188
96.495646
97.279320
98.052109
98.794512
99.609932
100.334014
101.048481
101.766531
102.564127
103.363809
104.132245
104.845079
105.640045
106.431292
107.178095
107.993061
108.771746
109.533742
110.316190
111.108163
111.884082
112.669388
113.673469
114.452789
115.249660
116.076054
116.867619
117.666122
118.516372
119.334467
120.265442
121.255374
122.157143
123.072245
124.000816
124.699184
125.953061
126.873878
127.845397
128.918775
129.909388
130.809569
131.709342
132.524218
133.408980
134.222449
135.157143
136.045714
136.834014
137.666939
138.480272
139.392789
140.331429
141.269116
141.874558
143.662177
144.814694
145.947551
146.992449
148.062902
149.132063
150.305986
151.332336
152.491746
153.407256
154.533968
155.713968
156.613742
157.898073
159.010748
160.122177
161.250340
162.474513
163.779093
165.233560
166.302222
167.269206
168.412698
169.352608
170.347755
171.311429
172.252381
173.314263
174.262676
175.267007
176.287710
177.224082
178.193333
179.114694
180.100136
181.116599
182.196213
183.308798
184.625986
186.354966
187.197596
187.986440
188.764444
189.552971
190.338594
191.135510
191.913197
192.695918
193.486213
194.251111
195.025079
195.823356
196.647075
197.414898
198.257551
199.137551
199.927619
200.555102
201.262993
202.020907
202.762857
203.484127
204.254006
204.916326
205.641927
206.354014
207.120544
207.862494
208.594286
209.333696
210.120907
210.573333
211.839592
212.687438
213.467937
214.202313
215.044762
215.823175
216.624671
217.414399
218.175238
218.896825
219.704444
220.447347
221.185805
222.053061
222.833061
223.657846
224.377551
225.207755
226.013379
226.793832
227.541723
228.334399
229.111746
229.904218
230.776100
231.612336
232.656281
233.752698
235.726122
237.019002
238.111429
239.532245
240.774422
242.013878
243.138231
244.707347
246.529796
248.175102
249.624490
250.668571
252.387755
253.588163
254.986939
256.509796
257.908163
259.058413
260.248571
260.964898
261.794286
262.540408
263.323265
264.086531
264.854921
265.673469
266.428571
267.210476
267.978095
268.735102
269.600000
270.403674
271.133878
271.954286
272.711020
273.508254
274.264898
275.065306
275.806259
276.633061
277.405714
278.157143
278.928571
279.752653
280.504082
281.338367
282.157551
283.007755
283.791429
284.621905
285.414694
286.241224
287.045850
287.891020
288.671020
289.474286
290.300816
291.080408
291.842449
292.627347
293.422041
294.210204
294.971837
295.744082
296.536508
297.299184
298.079682
298.856191
299.625714
300.372653
301.113129
301.919615
302.758776
303.510794
304.349184
305.116735
305.916508
306.719320
307.450204
308.248571
308.954286
309.725714
310.475102
311.223674
311.958481
312.699388
313.458367
314.189796
315.065714
315.804490
316.586122
317.338367
318.072517
318.707755
319.577415
320.388390
321.252245
322.068571
322.959592
323.700816
324.530612
325.450612
326.590998
329.597551
