0.702857
1.335510
2.050204
2.671973
3.382993
4.025306
4.671655
5.300680
5.981633
6.634150
7.289388
7.973356
8.630794
9.257551
9.923810
10.581224
11.244286
11.924898
12.596871
13.235782
13.927755
14.575510
15.257279
15.923129
16.626395
17.272653
17.961088
18.591020
19.248980
19.913469
20.581361
21.274150
21.977959
22.635102
23.276327
24.017143
24.584626
25.286531
25.921361
26.617959
27.282041
27.874603
28.561995
29.222948
29.846349
30.511565
31.200408
31.908435
32.608707
33.279546
33.983129
34.695510
35.290884
36.012381
36.697596
37.377732
38.049478
38.769297
39.398639
40.069524
40.771156
41.424626
42.088707
42.791973
43.456054
44.154558
44.857415
45.300816
46.356508
47.107075
47.822313
48.514785
49.264082
49.940862
50.643673
51.409388
52.074286
52.815918
53.586667
54.329116
55.051882
55.809252
56.518821
57.294694
58.071565
58.866667
59.628707
60.382041
61.163265
61.899184
62.610748
63.351020
64.084354
64.790748
65.477959
66.215646
66.923175
67.656190
68.461769
69.175556
69.962449
70.652109
71.383265
72.084626
72.819048
73.557460
74.293469
75.060680
75.820952
76.555102
77.328254
78.040816
78.771020
79.518912
80.286531
81.069660
81.822993
82.627211
83.417551
84.194694
84.924898
85.642041
86.385306
87.077188
87.775646
88.459320
89.152109
89.854512
90.529932
91.254014
91.908481
92.606531
93.284127
94.021905
94.692245
95.405079
96.100045
96.851292
97.558095
98.293061
98.991746
99.693742
100.416190
101.144082
101.864082
102.629388
103.553469
104.272789
105.029660
105.776054
106.527619
107.266122
108.016372
108.794467
109.565442
110.355374
111.177143
111.952245
112.660816
113.399184
114.313061
115.033878
115.785397
116.578775
117.349388
118.209569
118.629342
119.444218
120.168980
120.842449
121.617143
122.345714
123.094014
123.826939
124.526757
125.332789
126.131429
127.029116
128.137497
129.322177
130.194694
131.127551
131.984898
132.917146
133.704021
134.765986
135.752336
136.635873
137.527256
138.553968
139.613968
140.473741
141.618073
142.670748
143.802177
144.850340
146.051504
147.639093
149.493560
150.382222
151.229206
152.332698
152.972608
153.827755
154.465714
155.426599
156.154263
156.995334
157.567007
158.527710
159.424082
160.153333
160.934694
161.820136
162.716599
163.732426
164.768798
166.125986
167.974966
168.677596
169.346440
170.064444
170.732971
171.438594
172.155510
172.773197
173.435918
174.126213
174.791111
175.445079
176.143356
176.827075
177.514898
178.158775
178.937551
179.547619
180.255102
180.882993
181.560907
182.251429
182.964127
183.602018
184.196326
184.881927
185.514014
186.180544
186.861247
187.534286
188.233696
189.000907
189.733333
190.599592
191.367438
192.147936
192.735578
193.404762
194.043175
194.804671
195.534399
196.178810
196.816825
197.564444
198.267347
198.922902
199.693061
200.413061
201.117846
201.777551
202.507755
203.233379
203.973832
204.641723
205.394399
206.091746
206.784218
207.498700
208.212336
209.136281
210.072698
211.906122
212.939002
213.791429
214.372245
215.354422
216.688980
218.098231
219.607347
221.409796
222.775102
223.702245
224.576190
225.567755
226.608163
227.866939
229.269796
230.628163
231.278413
232.768571
233.484898
234.277143
234.960408
235.723265
236.426531
237.134921
237.853469
238.548571
239.270476
239.998095
240.715102
241.480000
242.223674
242.893878
243.614286
244.291020
245.014127
245.702449
246.385306
247.046258
247.773061
248.525714
249.197143
249.948571
250.672653
251.404082
252.158367
252.877551
253.587755
254.291429
255.060952
255.714694
256.441224
257.165850
257.911020
258.651020
259.394286
260.140816
260.820408
261.502449
262.187347
262.922041
263.635102
264.311837
265.064082
265.796508
266.559184
267.339682
268.116191
268.885714
269.652653
270.373129
271.099615
271.838775
272.570794
273.309184
274.076735
274.796508
275.549660
276.210204
276.928571
277.594286
278.305714
278.958367
279.663674
280.378481
281.079388
281.818367
282.509796
283.265714
283.924490
284.593061
285.258367
285.932517
286.507755
287.197415
287.988390
288.792245
289.577143
290.459592
291.140816
291.990612
293.002449
294.441995
297.757551
