0.842857
1.595510
2.390204
3.151973
3.942993
4.745306
5.491655
6.260680
7.083265
7.874150
8.649388
9.453356
10.230794
11.017551
11.783810
12.601224
13.364286
14.184898
14.996871
15.775782
16.607755
17.395510
18.177279
18.963129
19.786395
20.532653
21.321088
22.071020
22.848980
23.613469
24.361361
25.134150
25.915918
26.655102
27.376327
28.157143
28.904626
29.699592
30.441361
31.215918
31.982041
32.654603
33.461995
34.202948
34.946349
35.731565
36.480408
37.268435
38.108707
38.919546
39.763129
40.575510
41.330884
42.092381
42.877596
43.637732
44.409478
45.207891
45.937279
46.709524
47.471156
48.204626
48.988707
49.791973
50.556054
51.354558
52.197415
53.020816
53.976508
54.921224
55.782313
56.644354
57.484082
58.300862
59.303673
60.229388
61.094286
61.915918
62.846667
63.669116
64.571882
65.389252
66.258821
67.174694
68.051565
68.926667
69.788707
70.642041
71.523265
72.359184
73.190748
74.051020
74.904354
75.750748
76.577959
77.435646
78.283175
79.156190
80.061769
80.855556
81.722449
82.532109
83.383265
84.224626
85.079048
85.917460
86.713469
87.560680
88.380952
89.195102
90.068254
90.880816
91.631020
92.438912
93.246531
94.169660
95.022993
95.887211
96.757551
97.594694
98.344898
99.122041
99.925306
100.697188
101.435646
102.239320
103.012109
103.794512
104.609932
105.394014
106.128481
106.886531
107.692381
108.503809
109.352245
110.165079
111.000045
111.851292
112.638095
113.453061
114.271746
115.093741
115.936190
116.804082
117.584082
118.445878
119.393469
120.212789
121.059320
121.916054
122.747619
123.566122
124.436372
125.274467
126.205442
127.157687
128.057143
128.892245
129.760816
130.579184
131.553061
132.413878
133.245397
134.138775
135.009388
135.969569
136.749342
137.564218
138.468980
139.362449
140.417143
141.325714
142.174014
143.026939
143.880272
144.812789
145.731429
146.849116
148.187347
149.502177
150.914694
152.187551
153.594694
154.882902
156.252063
157.725986
159.132336
160.451746
161.707256
162.993968
164.573968
165.853742
167.238073
168.570748
170.042177
171.250340
172.702902
174.119093
175.713560
176.842222
178.109206
179.392698
180.672608
181.867755
183.105714
184.332381
185.614263
186.822676
188.067007
189.367710
190.564082
191.713333
192.834694
194.100136
195.276599
196.432426
197.768798
199.085986
200.774966
201.537596
202.286440
203.084444
203.832971
204.598594
205.375510
206.133197
206.895918
207.686213
208.451111
209.225079
210.043356
210.827075
211.634898
212.457551
213.337551
214.047619
214.795102
215.562993
216.340907
217.071429
217.884127
218.622018
219.376326
220.121927
220.874014
221.640544
222.422494
223.194286
223.973696
224.800907
225.653333
226.699592
227.407438
228.187937
228.924626
229.764762
230.563175
231.364671
232.194399
232.955238
233.716825
234.524444
235.327347
236.105805
236.993061
237.773061
238.597846
239.357551
240.207755
241.013379
241.833832
242.561723
243.394399
244.191746
244.984218
245.836100
246.664671
247.576281
248.512698
250.306122
251.299002
252.251429
253.332245
254.434422
255.588980
256.638231
258.087347
259.664898
260.755102
262.024490
263.108571
264.427755
265.308163
266.526939
267.929796
269.368163
270.353651
271.768571
272.564898
273.414286
274.240408
275.063265
275.846531
276.654921
277.473469
278.248571
279.050476
279.878095
280.695102
281.640000
282.423674
283.173878
283.994286
284.771020
285.568254
286.344898
287.125306
287.866259
288.693061
289.485714
290.217143
290.988571
291.792653
292.564082
293.358367
294.217551
295.007755
295.771429
296.621905
297.394694
298.181224
299.005850
299.791020
300.591020
301.434286
302.220816
303.040408
303.762449
304.607347
305.382041
306.210612
306.971837
307.744082
308.536508
309.339184
310.159683
310.976191
311.745714
312.532653
313.333129
314.119615
314.958776
315.730794
316.549184
317.396735
318.196508
319.009660
319.730204
320.528571
321.274286
322.085714
322.858367
323.623673
324.458481
325.239388
326.038367
326.809796
327.685714
328.444490
329.226122
330.018367
330.692517
331.447755
332.317415
333.188390
334.172245
335.117143
336.279592
337.160816
338.070612
339.082449
340.421995
343.157551
