0.982857
1.715510
2.430204
3.171973
3.882993
4.625306
5.331655
6.020680
6.763265
7.454150
8.149388
8.873356
9.530794
10.217551
10.903810
11.581224
12.264286
12.984898
13.716871
14.395782
15.087755
15.775510
16.497279
17.163129
17.886395
18.572653
19.261088
19.931020
20.588980
21.333469
21.981361
22.714150
23.397959
24.035102
24.696327
25.408571
26.084626
26.779592
27.501361
28.215918
28.862041
29.514603
30.221995
30.882948
31.586349
32.251565
32.960408
33.668435
34.408707
35.159546
35.903129
36.635510
37.330884
38.032381
38.757596
39.437732
40.149478
40.867891
41.518639
42.209524
42.911156
43.544626
44.268707
44.971973
45.616054
46.334558
47.017415
47.760816
48.496508
49.280612
49.962313
50.672177
51.404082
52.140862
52.843673
53.584694
54.294286
55.015918
55.766667
56.489116
57.191882
57.889252
58.638821
59.374694
60.091565
60.835556
61.608707
62.322041
63.063265
63.819184
64.530748
65.271020
66.004354
66.750748
67.477959
68.197823
68.943175
69.656190
70.401769
71.155556
71.902449
72.552109
73.283265
74.004626
74.739048
75.477460
76.193469
76.940680
77.700952
78.395102
79.128254
79.860816
80.511020
81.278912
81.966531
82.689660
83.422993
84.127211
84.857551
85.594694
86.284898
86.982041
87.705306
88.397188
89.055646
89.719320
90.512653
91.234512
92.009932
92.714014
93.416961
94.126531
94.864127
95.603809
96.312245
96.972540
97.640045
98.351292
99.038095
99.753061
100.451746
101.133741
101.876190
102.584082
103.304082
103.949388
104.773469
105.512789
106.209660
106.956054
107.687619
108.446122
109.236372
109.994467
110.785442
111.775374
112.677143
113.352245
114.060816
114.939184
115.813061
116.653878
117.317914
118.098775
118.829388
119.709569
120.429342
121.204218
122.000898
122.642449
123.417143
124.165714
124.914014
125.666939
126.400272
127.192789
128.071429
128.889116
130.235334
131.271088
132.374694
133.067551
133.987347
134.922902
135.952064
136.925986
137.852336
138.811746
139.687256
140.533968
141.553968
142.613742
143.518073
144.350748
145.462177
146.350340
146.931504
148.079093
148.998390
149.982222
150.809206
151.772698
152.772608
153.887755
154.660476
155.512381
156.514263
157.442676
158.187910
159.147710
160.124082
161.013333
161.994694
162.840136
163.816599
164.752426
165.648798
166.525986
167.494966
168.257596
169.006440
169.744444
170.472971
171.198594
171.935510
172.653197
173.355918
174.066213
174.751111
175.465079
176.203356
176.927075
177.654898
178.358776
179.137551
179.827619
180.555102
181.242993
182.000907
182.751429
183.444127
184.142018
184.836326
185.541927
186.214014
186.920544
187.642494
188.334286
189.033696
189.780907
190.513333
191.459592
192.047438
192.767936
193.482313
194.264762
194.883175
195.644671
196.374399
197.055238
197.756825
198.502222
199.187347
199.831451
200.593061
201.346122
202.097846
202.797551
203.527755
204.393379
205.013832
205.681723
206.414399
207.151746
207.824218
208.576100
209.412336
210.116281
210.810208
212.526122
213.479002
214.251429
215.212245
216.134422
217.068980
217.878231
219.187347
220.389796
221.555102
222.364490
223.188571
224.007755
225.068163
225.966939
227.289796
228.406707
228.729206
229.728571
230.444898
231.274286
231.980408
232.763265
233.526531
234.294921
235.053469
235.808571
236.550476
237.278095
238.035102
238.800000
239.541837
240.193878
240.934286
241.631020
242.348254
243.044898
243.745306
244.446258
245.193061
245.945714
246.657143
247.368571
248.132653
248.844082
249.578367
250.337551
251.047755
251.771429
252.501905
253.214694
253.941224
254.625850
255.351020
256.071020
256.774286
257.500816
258.220408
258.902449
259.627347
260.362041
261.090204
261.811837
262.544082
263.296508
264.039184
264.819365
265.556191
266.285714
267.012653
267.753129
268.479615
269.218776
269.950794
270.689184
271.436735
272.156508
272.889660
273.590204
274.308571
274.994286
275.725714
276.398367
277.103674
277.798481
278.499388
279.238367
279.909796
280.705714
281.372245
282.053061
282.738367
283.512517
284.007755
284.717415
285.528390
286.312245
287.037143
287.779796
288.480816
289.230612
289.962449
290.911100
293.137551
