6.462857
7.175510
7.915102
8.671973
9.422993
10.162653
10.891655
11.600680
12.383265
13.094150
13.809388
14.573356
15.290794
15.997551
16.703810
17.441224
18.164286
18.904898
19.636871
20.355782
21.107755
21.835510
22.537279
23.243129
24.006395
24.712653
25.461088
26.151020
26.888980
27.633469
28.361361
29.094150
29.857959
30.555102
31.236327
32.044286
32.684626
33.459592
34.141361
34.915918
35.622041
36.294603
37.041995
37.742948
38.466349
39.211565
39.940408
40.688435
41.448707
42.199546
42.923129
43.675510
44.390884
45.132381
45.877596
46.617732
47.329478
48.067891
48.778639
49.509524
50.251156
50.924626
51.688707
52.451973
53.136054
53.894558
54.657415
55.420816
56.156508
56.941224
57.662313
58.384354
59.184082
59.880862
60.643673
61.449796
62.174286
62.887959
63.666667
64.423039
65.191882
65.929252
66.678821
67.434694
68.251565
68.986667
69.828707
70.601020
71.323265
72.079184
72.810748
73.571020
74.284354
75.070748
75.777959
76.555646
77.303175
78.076190
78.881769
79.615556
80.422449
81.132109
81.923265
82.684626
83.499048
84.297460
85.073469
85.880680
86.700952
87.437551
88.288254
89.080816
89.831020
90.618912
91.386531
92.189660
92.982993
93.787211
94.557551
95.334694
96.084898
96.822041
97.605306
98.357188
99.055646
99.899320
100.632109
101.414512
102.189932
102.914014
103.688481
104.446531
105.224127
106.003809
106.772245
107.525079
108.300045
109.091292
109.838095
110.633061
111.411746
112.193742
112.976191
113.824082
114.584082
115.329388
116.253469
116.992789
117.789660
118.576054
119.347619
120.146122
120.976372
121.754467
122.562721
123.415374
124.257143
125.072245
125.940816
126.719184
127.573061
128.433878
129.225397
130.218775
130.929388
131.689569
132.489342
133.184218
133.908980
134.722449
135.477143
136.265714
137.054014
137.806939
138.580272
139.392789
140.251429
141.489116
143.467347
144.782177
145.934694
147.067551
148.254694
149.522902
150.692063
152.045986
153.332336
154.691746
155.827256
157.073968
158.368492
159.553742
160.838073
162.130748
163.542177
164.750340
166.034513
167.439093
169.513560
170.662222
171.749206
172.972698
174.052608
175.187755
176.345714
177.492381
178.594263
179.682676
180.727007
181.947710
183.084082
184.160000
185.214694
186.440136
187.556599
188.692426
189.822933
191.020333
192.594966
193.397596
194.146440
194.904444
195.692971
196.438594
197.155510
197.953197
198.695918
199.466213
200.191111
200.945079
201.723356
202.527075
203.314898
204.078776
204.857551
205.627619
206.375102
207.142993
207.940907
208.691429
209.504127
210.242018
210.996326
211.761927
212.514014
213.260544
214.082494
214.854286
215.613696
216.380907
217.213333
218.159592
218.907438
219.707936
220.462313
221.284762
222.043175
222.884671
223.668798
224.455238
225.216825
226.044444
226.807347
227.562903
228.373061
229.213061
230.037846
230.817551
231.647755
232.433379
233.233832
233.981723
234.794399
235.571746
236.324218
237.118050
237.972336
238.896281
239.892698
242.066122
243.019002
244.031429
244.952245
246.023265
247.301633
248.678231
250.107347
251.569796
252.915102
254.104490
255.168571
256.367755
257.492653
259.026939
260.349796
261.728163
262.918413
264.965714
266.004898
266.994286
267.780408
268.623265
269.406531
270.194921
270.973469
271.757143
272.530476
273.338095
274.095102
274.940000
275.703674
276.453878
277.214286
277.971020
278.768254
279.524898
280.285306
281.006259
281.833061
282.645714
283.417143
284.168571
285.012653
285.784082
286.578367
287.377551
288.187755
288.971429
289.801905
290.574694
291.381224
292.205850
293.011020
293.811020
294.594286
295.420816
296.200408
296.982449
297.787347
298.562041
299.390204
300.171837
301.004082
301.776508
302.599184
303.399682
304.156191
304.965714
305.752653
306.573129
307.339614
308.138776
308.990794
309.809184
310.616735
311.416508
312.229660
312.990204
313.768571
314.514286
315.325714
316.058367
316.823673
317.618481
318.419388
319.198367
320.009796
320.905714
321.684490
322.486122
323.218367
323.872517
324.607755
325.457415
326.348390
327.272245
328.357143
329.199592
329.940816
330.710612
331.682449
333.001995
336.037551
