0.682857
1.375510
2.075102
2.771973
3.482993
4.185306
4.905828
5.600680
6.323265
7.034150
7.749388
8.493356
9.190794
9.917551
10.603810
11.321224
12.024286
12.784898
13.536871
14.237891
15.007755
15.735510
16.457279
17.143129
17.886395
18.576327
19.321088
19.991020
20.728980
21.433469
22.101361
22.834150
23.497959
24.135102
24.796327
25.537143
26.384626
27.079592
27.801361
28.475918
29.182041
29.834603
30.561995
31.242948
31.966349
32.691565
33.400408
34.128435
34.888707
35.659546
36.463129
37.155510
37.870884
38.592381
39.317596
40.037732
40.769478
41.447891
42.138639
42.849524
43.571156
44.264626
44.988707
45.751973
46.456054
47.214558
47.977415
48.820816
49.756508
50.741224
51.622313
52.464354
53.364082
54.140862
55.043673
55.949388
56.754286
57.555918
58.446667
59.249116
60.091882
60.849252
61.718821
62.554694
63.411565
64.266667
65.128707
65.962041
66.803265
67.619184
68.430748
69.251020
70.064354
70.890748
71.657959
72.495646
73.283175
74.096190
74.961769
75.715556
76.542449
77.292109
78.103265
78.864626
79.659048
80.437460
81.253469
82.080680
82.900952
83.695102
84.528254
85.340816
86.085510
86.838912
87.586531
88.489660
89.302993
90.147211
90.957551
91.714694
92.444898
93.162041
93.925306
94.517188
95.215646
96.119320
96.852109
97.614512
98.349932
98.994014
99.688481
100.406531
101.304127
102.143809
102.952245
103.705079
104.500045
105.311292
106.058095
106.833061
107.611746
108.353741
109.196191
109.984082
110.804082
111.612347
112.493469
113.272789
114.049660
114.816054
115.587619
116.386122
117.196372
118.034467
118.985442
119.975374
120.877143
121.752245
122.660816
123.559184
124.473061
125.433878
126.285397
127.238775
127.969388
128.829569
129.629342
130.424218
131.188980
132.042449
132.957143
133.785714
134.574014
135.366939
136.160272
137.012789
137.925714
138.949116
140.967347
142.282177
143.434694
144.807551
145.914694
147.402902
148.612064
149.905986
151.252336
152.691746
153.823628
155.033968
156.153968
157.333742
158.638073
159.750748
161.022177
162.090340
163.234513
164.639093
165.839195
166.942222
168.029206
169.172698
170.212608
171.287755
172.362857
173.412381
174.474263
175.502676
176.507007
177.587710
178.604082
179.593333
180.532449
181.620136
182.636599
183.632426
184.704114
185.885986
187.674966
188.437596
189.166440
189.924444
190.652971
191.398594
192.155510
192.853197
193.595918
194.366213
195.151111
195.885079
196.683356
197.447075
198.194898
198.898775
199.657551
200.407619
201.135102
201.822993
202.580907
203.311429
204.024127
204.702018
205.436326
206.161927
206.854014
207.620544
208.382494
209.114286
209.893696
210.680907
211.453333
212.399592
213.227438
214.007936
214.762313
215.544762
216.303175
217.104671
217.854399
218.615238
219.316825
220.124444
220.887347
221.602902
222.413061
223.213061
223.977846
224.735102
225.527755
226.313379
227.093832
227.821723
228.594399
229.391746
230.144218
230.978050
231.832336
232.816281
233.806349
235.686122
236.679002
237.651429
238.432245
239.594422
240.708980
241.758231
243.067347
244.589796
245.655102
247.024490
248.168571
249.467755
250.568163
251.926939
253.649796
254.988163
255.938561
257.148571
257.884898
258.714286
259.480408
260.283265
261.046531
261.814921
262.593469
263.348571
264.130476
264.938095
265.755102
266.600000
267.383674
268.153878
268.974286
269.751020
270.568254
271.304898
272.065306
272.806259
273.613061
274.385714
275.137143
275.868571
276.712653
277.484082
278.278367
279.097551
279.927755
280.731429
281.541905
282.314694
283.101225
283.905850
284.711020
285.511020
286.314286
287.120816
287.920408
288.702449
289.507347
290.322041
291.130204
291.911837
292.704082
293.516508
294.319184
295.139682
295.976191
296.777143
297.572653
298.353129
299.139614
299.998776
300.790794
301.629184
302.416735
303.216508
304.049660
304.770204
305.588571
306.314286
307.145714
307.898367
308.703673
309.518481
310.319388
311.138367
311.949796
312.865714
313.584490
314.386122
315.138367
315.992517
316.567755
317.437415
318.308390
319.232245
320.037143
320.999592
321.740816
322.501502
322.622449
323.521995
326.697551
