0.622857
1.335510
2.090204
2.791973
3.542993
4.265306
4.951655
5.660680
6.383265
7.114150
7.829388
8.553356
9.270794
9.977551
10.663810
11.381224
12.084286
12.804898
13.516871
14.235782
14.983878
15.695510
16.417279
17.123129
17.886395
18.572653
19.281088
19.991020
20.708980
21.413469
22.121361
22.854150
23.577959
24.275102
24.976327
25.704286
26.424626
27.139592
27.861361
28.555918
29.342041
30.014603
30.761995
31.442948
32.166349
32.911565
33.640408
34.388435
35.168707
35.899546
36.863129
37.455510
38.150884
38.892381
39.637596
40.377732
41.129478
41.867891
42.538639
43.249524
44.051156
44.684626
45.448707
46.211973
46.916054
47.674558
48.417415
49.220816
50.016508
50.821224
51.642313
52.424354
53.244082
54.020862
54.843673
55.669388
56.474286
57.255918
58.126667
58.909116
59.731882
60.509252
61.318821
62.154694
63.031565
63.866667
64.728707
65.502041
66.343265
67.139184
67.930748
68.731020
69.564354
70.330748
71.117959
71.935646
72.723175
73.536190
74.421769
75.175556
75.982449
76.712109
77.483265
78.244626
79.059048
79.877460
80.673469
81.500680
82.320952
83.135102
83.988254
84.800816
85.571020
86.358912
87.166531
87.969660
88.762993
89.567211
90.377551
91.134694
91.884898
92.622041
93.405306
94.257188
94.835646
95.599320
96.392109
97.134512
97.889932
98.674014
99.356961
100.106531
100.844127
101.623809
102.392245
103.145079
103.900045
104.691293
105.438095
106.233061
106.991746
107.773741
108.576190
109.404082
110.144082
110.949388
111.933469
112.752789
113.549660
114.356054
115.147619
115.986122
116.796372
117.634467
118.485442
119.355374
120.157143
120.992245
121.860816
122.699184
123.613061
124.533878
125.465397
126.498775
127.309388
128.209569
129.109342
129.964218
130.928980
131.722449
132.637143
133.505714
134.274014
135.103469
135.900272
136.752789
137.631429
138.497279
139.852478
141.122177
142.274694
143.547551
144.674694
146.142902
147.212063
148.705986
149.892336
151.151746
152.307256
153.653968
154.913968
156.133741
157.738073
159.010748
160.402177
161.690340
163.054513
164.579093
166.336780
167.582222
168.689206
170.092698
171.332608
172.587755
173.705714
175.072381
176.314263
177.442676
178.547007
179.847710
180.940408
182.193333
183.314694
184.600136
185.856599
187.052426
188.208798
189.505986
191.174966
191.957596
192.686440
193.444444
194.192971
194.918594
195.655510
196.393197
197.115918
197.866213
198.591111
199.305079
200.063356
200.827075
201.614898
202.358776
203.217551
203.907619
204.635102
205.322993
206.080907
206.811429
207.544127
208.242018
208.996326
209.741927
210.434014
211.180544
211.922494
212.654286
213.393696
214.200907
214.993333
215.959592
216.727438
217.487936
218.242313
219.044762
219.743175
220.584671
221.414399
222.295238
223.116825
223.844444
224.507347
225.242903
226.073061
226.873061
227.675692
228.417551
229.227755
230.053379
230.873832
231.601723
232.394399
233.211746
233.984218
234.836100
235.652336
236.616281
237.672698
239.886122
240.919002
241.791429
243.512245
244.654422
245.908980
246.978231
248.507347
250.409796
251.970204
253.384490
254.748571
256.327755
257.456327
259.146939
261.149796
262.748163
263.958413
265.888571
266.924898
267.894286
268.760408
269.623265
270.426531
271.234921
272.053469
272.808571
273.650476
274.438095
275.295102
276.200000
276.983674
277.673878
278.414286
279.111020
279.848254
280.564898
281.305306
282.006259
282.773061
283.525714
284.297143
285.028571
285.812653
286.584082
287.378367
288.177551
288.967755
289.751429
290.521905
291.334694
292.121224
292.905850
293.711020
294.511020
295.314286
296.120816
296.880408
297.642449
298.407347
299.222041
300.030204
300.791837
301.604082
302.376508
303.159184
303.979683
304.816191
305.585714
306.412653
307.193129
307.979615
308.818776
309.650794
310.449184
311.316735
312.136508
312.969660
313.690204
314.468571
315.214286
316.005714
316.738367
317.523673
318.298481
319.099388
319.918367
320.689796
321.565714
322.324490
323.106122
323.936735
324.592517
325.227755
326.077415
326.968390
327.852245
328.757143
329.779592
330.580816
331.430612
332.382449
333.041995
335.937551
