0.427619
1.095510
1.790204
2.511973
3.222993
3.941769
4.591655
5.260680
5.943265
6.614150
7.289388
7.986678
8.610794
9.257551
9.903810
10.561224
11.224286
11.884898
12.576871
13.235782
13.927755
14.595510
15.277279
15.943129
16.646395
17.272653
17.961088
18.631020
19.268980
19.933469
20.560454
21.274150
21.937959
22.635102
23.276327
23.917143
24.544626
25.199592
25.881361
26.567959
27.182041
27.794603
28.461995
29.122948
29.783175
30.431565
31.120408
31.788435
32.509569
33.179546
33.810522
34.575510
35.210884
35.832381
36.517596
37.192577
37.844739
38.507891
39.139320
39.769524
40.391156
41.044626
41.668707
42.395986
43.056054
43.754558
44.457415
45.160816
45.816508
46.521224
47.202313
47.884354
48.584082
49.260862
49.943673
50.684694
51.334286
52.015918
52.766667
53.449116
54.131882
54.794626
55.538821
56.274694
56.985782
57.706667
58.394354
59.101020
59.783265
60.499184
61.190748
61.891020
62.584354
63.290748
63.957959
64.675646
65.363175
66.076190
66.840884
67.535556
68.282449
68.952109
69.663265
70.384626
71.119048
71.817460
72.533469
73.280680
74.040952
74.675102
75.408254
76.120816
76.831020
77.518912
78.206531
78.969660
79.702993
80.467211
81.197551
81.894694
82.604898
83.262041
83.945306
84.617188
85.235646
85.859320
86.572109
87.304837
87.909932
88.594014
89.248481
89.966531
90.664127
91.423809
92.056122
92.745079
93.400045
94.131293
94.818095
95.533061
96.231746
96.933741
97.676191
98.404082
99.104082
99.689388
100.473469
101.172789
101.869660
102.538027
103.267619
103.966122
104.676372
105.334467
106.065442
106.855374
107.639048
108.492245
109.260816
109.679184
110.613061
111.673878
112.485397
113.338775
114.029388
114.849569
115.489342
116.304218
117.148980
117.802449
118.588571
119.265714
119.974014
120.646939
121.360272
122.152789
122.925714
123.854558
124.969367
126.082177
127.114694
127.887551
128.794694
129.742902
130.632063
131.565986
132.692336
133.691746
134.507256
135.486984
136.353968
137.193741
138.438073
139.490748
140.722177
141.770340
143.029085
144.559093
146.453560
147.562222
148.629206
149.752698
150.812608
151.847755
152.885714
153.972381
155.074263
156.042676
157.047007
158.147710
159.164082
160.153333
161.154694
162.220136
163.236599
164.332426
165.448798
166.345986
168.094966
168.877596
169.586440
170.304444
171.032971
171.698594
172.375510
173.073197
173.755918
174.466213
175.151111
175.825079
176.543356
177.267075
177.994898
178.638775
179.417551
180.067619
180.655102
181.342993
182.100907
182.751429
183.422063
184.140404
184.716326
185.361927
186.014014
186.720544
187.362494
188.074286
188.753696
189.460907
190.133333
190.859796
191.527438
192.247937
192.862313
193.564762
194.163175
194.784671
195.514399
196.171746
196.816825
197.462222
198.115782
198.802903
199.513061
200.153061
200.817846
201.457551
202.167755
202.873379
203.553832
204.161723
204.814399
205.457249
206.108844
206.819025
207.528084
208.356281
209.252698
211.186122
212.179002
212.931429
213.734694
214.474422
215.268980
216.158231
217.027347
218.269796
219.455102
220.424490
221.568571
222.458469
222.888163
223.966939
224.909984
225.888163
226.738413
227.828571
228.484898
229.234286
229.940408
230.683265
231.426531
232.114921
232.833469
233.528571
234.270476
234.978095
235.665034
236.420000
237.131837
237.773878
238.474286
239.151020
239.836085
240.504898
241.185306
241.846259
242.553061
243.265714
243.957143
244.648571
245.392653
246.084082
246.778367
247.457551
248.167755
248.871429
249.561905
250.254694
250.961224
251.685850
252.371020
253.111020
253.814286
254.540816
255.240408
255.942449
256.687347
257.402041
258.125102
258.831837
259.564082
260.276508
261.019184
261.739683
262.456190
263.185714
263.872653
264.613129
265.319615
266.058776
266.810794
267.549184
268.296735
268.996508
269.749660
270.450204
271.168571
271.874286
272.605714
273.298367
274.023673
274.758481
275.479388
276.238367
276.969796
277.805714
278.524490
279.246122
280.018367
280.672517
281.247755
282.017415
282.848390
283.692245
284.497143
285.259592
285.980816
286.790612
287.662449
288.701995
291.457551
