0.582857
1.335510
2.110204
2.851973
3.602993
4.345306
5.071655
5.800680
6.543265
7.274150
8.009388
8.793356
9.510794
10.237551
10.943810
11.681224
12.404286
13.184898
13.956871
14.675782
15.447755
16.155510
16.877279
17.603129
18.346395
19.052653
19.801088
20.511020
21.248980
21.993469
22.721361
23.474150
24.197959
24.895102
25.612653
26.317143
27.024626
27.766531
28.481361
29.235918
29.942041
30.614603
31.361995
32.062948
32.786349
33.491565
34.220408
34.948435
35.708707
36.439546
37.203129
37.975510
38.770884
39.472381
40.157596
40.897732
41.649478
42.387891
43.058639
43.809524
44.531156
45.184626
45.928707
46.691973
47.396054
47.754558
48.497415
49.260816
50.376508
51.181224
51.962313
52.724354
53.504082
54.280862
55.143673
55.969796
56.714286
57.495918
58.306667
59.069116
59.871882
60.629252
61.378821
62.194694
63.003855
63.886667
64.788707
65.582041
66.383265
67.159184
67.930748
68.691020
69.464354
70.230748
70.978980
71.735646
72.483175
73.296190
74.101769
74.855556
75.671224
76.372109
77.143265
77.884626
78.679048
79.457460
80.233469
81.020680
81.800952
82.595102
83.388254
84.200816
84.871020
85.678912
86.466531
87.269660
88.082993
88.907211
89.697551
90.514694
91.304898
92.062041
92.845306
93.537188
94.295646
95.059320
95.872109
96.614512
97.409932
98.117007
98.788481
99.626531
100.404127
101.223809
101.992245
102.745079
103.520045
104.291292
105.058095
105.873061
106.631746
107.413742
108.176191
109.004082
109.784082
110.549388
111.416735
112.192789
112.989660
113.776054
114.527619
115.306122
116.096372
116.894467
117.765442
118.755374
119.617143
120.432245
121.340816
122.219184
123.193061
124.133878
124.925397
125.778775
126.549388
127.549569
128.449342
129.304218
130.214490
130.902449
131.877143
132.645714
133.414014
134.186939
134.940272
135.752789
136.631429
137.692279
138.738310
140.022177
141.054694
142.187551
143.294694
144.562902
145.792064
147.085986
148.432336
149.591746
150.727256
152.013968
153.373968
154.593741
156.216145
157.470748
158.842177
160.190340
161.574513
162.999093
164.833560
165.902222
166.909206
168.032698
168.952608
169.887755
170.805714
171.772381
172.774263
173.662676
174.587007
175.587710
176.564082
177.513333
178.454694
179.356689
180.336599
181.392426
182.408798
183.765986
185.669932
186.455193
187.326440
188.164444
189.012971
189.818594
190.655510
191.473197
192.255918
193.086213
193.871111
194.665079
195.443356
196.247075
197.034898
197.798776
198.597551
199.347619
200.075102
200.802993
201.580907
202.331429
203.084127
203.822018
204.576326
205.321927
206.054014
206.780544
207.522494
208.274286
209.033696
209.800907
210.633333
211.639592
212.407438
213.147936
213.942313
214.724762
215.483175
216.264671
217.074399
217.815238
218.516825
219.304444
220.007347
220.762902
221.573061
222.353061
223.177846
223.917551
224.787755
225.553379
226.313832
227.081723
227.974399
228.711746
229.464218
230.356100
231.212336
232.256281
233.412698
235.886122
236.939002
238.131429
239.372245
240.474422
241.908980
243.218231
244.807347
246.669796
248.155102
249.284490
250.368571
251.487755
252.588163
253.926939
255.529796
256.988163
258.198413
260.405714
261.504898
262.494286
263.340408
264.243265
265.086531
265.894921
266.673469
267.468571
268.230476
269.038095
269.835102
270.720000
271.523674
272.233878
273.014286
273.751020
274.548254
275.284898
276.065306
276.806259
277.653061
278.525714
279.317143
280.148571
280.972653
281.764082
282.578367
283.357551
284.167755
284.951429
285.781905
286.534694
287.341224
288.125850
288.951020
289.731020
290.494286
291.340816
292.160408
292.922449
293.727347
294.522041
295.310204
296.091837
296.884082
297.696508
298.519184
299.299683
300.116191
300.865714
301.632653
302.433129
303.219615
304.018776
304.850794
305.709184
306.536735
307.296508
308.169660
308.890204
309.668571
310.434286
311.225714
311.976735
312.763673
313.538481
314.359388
315.158367
315.949796
316.825714
317.644490
318.446122
319.156735
319.892517
320.647755
321.497415
322.428390
323.352245
324.217143
325.119592
325.860816
326.710612
327.682449
328.941995
332.177551
