1.082857
1.815510
2.510204
3.251973
3.962993
4.705306
5.391655
6.090340
6.823265
7.534150
8.269388
9.013356
9.710794
10.397551
11.083810
11.801224
12.504286
13.264898
13.976871
14.695782
15.467755
16.215510
16.957279
17.683129
18.446395
19.152653
19.901088
20.631020
21.368980
22.113469
22.801361
23.574150
24.297959
25.035102
25.716327
26.457143
27.164626
27.879592
28.601361
29.335918
30.082041
30.754603
31.461995
32.182948
32.886349
33.611565
34.360408
35.088435
35.868707
36.639546
37.563129
38.395510
39.121769
39.872381
40.617596
41.357732
42.089478
42.827891
43.518639
44.249524
44.991156
45.664626
46.408707
47.171973
47.876054
48.634558
49.397415
50.180816
51.216508
52.021224
52.802313
53.504354
54.344082
55.100862
55.903673
56.729388
57.454286
58.215918
59.063333
59.829116
60.611882
61.369252
62.158821
62.954694
63.811565
64.586667
65.448707
66.222041
66.983265
67.739184
68.470748
69.231020
69.964354
70.710748
71.437959
72.195646
72.923175
73.716190
74.481769
75.215556
76.022449
76.692109
77.463265
78.224626
79.019048
79.797460
80.504490
81.260680
82.020952
82.715102
83.488254
84.220816
84.931020
85.718912
86.506531
87.309660
88.082993
88.907211
89.717551
90.474694
91.284898
92.042041
92.865306
93.657188
94.355646
95.159320
95.892109
96.674512
97.429932
98.214014
98.908481
99.646531
100.444127
101.203809
101.972245
102.665079
103.460045
104.251293
104.978095
105.773061
106.531746
107.273741
108.036191
108.824082
109.624082
110.409388
111.393469
112.232789
113.029660
113.936054
114.787619
115.586122
116.396372
117.234467
118.165442
119.035374
119.937143
120.772245
121.540816
122.419184
123.313061
124.033878
124.885397
125.758775
126.389388
127.269569
128.049342
128.764218
129.628980
130.222449
130.997143
131.725714
132.494014
133.201735
133.940272
134.792789
135.671429
136.589116
138.109621
139.322177
140.414694
141.547551
142.394694
143.262902
144.172064
145.405986
146.486168
147.515873
148.524543
149.413968
150.353968
151.573742
152.569036
153.630748
154.482177
155.530340
156.613451
157.819093
159.177853
160.322222
161.264603
162.432698
163.472608
164.287755
165.177143
166.232381
167.314263
168.282676
169.247007
170.287710
171.264082
172.213333
173.168673
174.160136
175.256599
176.292426
177.328798
178.525986
180.234966
181.037596
181.766440
182.544444
183.312971
184.058594
184.795510
185.533197
186.255918
187.006213
187.751111
188.525079
189.323356
190.127075
190.974898
191.818775
192.677551
193.407619
194.155102
194.902993
195.680907
196.411429
197.164127
197.902018
198.636326
199.401927
200.094014
200.840544
201.602494
202.354286
203.133696
203.940907
204.793333
206.099592
207.147438
207.887936
208.662313
209.484762
210.243175
211.004671
211.834399
212.595238
213.336825
214.224444
214.947347
215.802903
216.673061
217.533061
218.417846
219.177551
220.047755
220.893379
221.633832
222.461723
223.314399
224.071746
224.904218
225.976100
227.072336
228.316281
229.492698
232.426122
233.439002
234.371429
235.372245
236.394422
237.488980
238.338231
239.687347
241.049796
242.395102
243.474449
244.348571
245.447755
246.407041
247.546939
248.771633
249.768163
250.918413
252.388571
253.104898
253.894286
254.640408
255.403265
256.146531
256.874921
257.633469
258.368571
259.130476
259.878095
260.635102
261.440000
262.203674
262.913878
263.694286
264.431020
265.208254
265.944898
266.685306
267.386258
268.193061
268.985714
269.797143
270.548571
271.352653
272.124082
272.898367
273.697551
274.467755
275.231429
276.001905
276.754694
277.541224
278.305850
279.131020
279.931020
280.734286
281.560816
282.320408
283.064898
283.867347
284.662041
285.470204
286.251837
287.124082
287.996508
288.819184
289.659683
290.476191
291.245714
292.012653
292.793129
293.519614
294.398775
295.170794
296.009184
296.816735
297.656508
298.449660
299.170204
299.968571
300.694286
301.445714
302.158367
302.923674
303.698481
304.459388
305.238367
306.009796
306.905714
307.644490
308.406122
309.098367
309.752517
310.507755
311.357415
312.248390
313.192245
314.237143
315.059592
315.760816
316.570612
316.968921
318.073998
320.677551
