0.316190
2.152109
3.648254
4.707800
5.963492
7.452109
9.002132
10.039864
11.248254
12.701678
14.121088
15.214694
16.380136
17.836825
19.017143
20.112517
21.342721
22.737778
24.103175
25.208163
26.349796
27.734694
29.000816
30.078367
31.197143
32.266122
33.384082
34.442041
35.554694
36.713878
38.753288
40.636327
42.210612
43.237959
44.630204
46.186893
47.711837
48.808571
50.313061
51.433878
52.465306
53.439728
54.524943
55.549932
56.550249
57.542902
58.654558
59.757188
60.740816
61.786531
62.864172
63.884399
64.886893
65.973107
67.103628
68.173197
69.144717
70.203810
71.229841
72.340000
73.309161
74.349388
75.402676
76.660454
77.754875
79.098776
80.144444
82.257778
83.818730
84.811429
86.126984
87.635556
89.177959
90.156190
91.140136
92.104082
93.108844
94.054422
95.364490
96.407347
97.424898
98.393741
99.464490
100.480816
101.998912
103.717279
105.431701
107.062993
108.713968
110.348277
111.852109
113.416463
114.987347
116.459456
118.074694
119.665578
121.578776
123.211293
124.679048
126.177551
127.652653
129.168163
130.847211
132.444082
134.095510
135.661497
137.100091
138.485034
139.972789
141.504354
142.945442
144.406531
145.821224
147.236735
148.888435
150.326213
151.859932
153.386372
155.139388
156.924626
158.482222
160.054422
161.433741
162.805442
164.244898
165.709116
167.139320
168.636100
170.036871
171.485034
172.960136
174.391837
175.848435
177.370476
179.157143
181.562902
187.966213
188.954785
189.880000
190.828345
191.729660
192.694603
193.565125
194.546485
195.440590
196.345578
197.285125
198.182812
199.182041
200.096145
200.995601
201.984172
203.185351
204.631383
205.994014
207.129751
208.352608
209.727937
211.070567
212.233605
213.961361
215.026213
216.063810
217.059592
218.178912
219.211111
220.226984
221.326440
222.385805
223.534558
224.584626
225.622313
226.634558
227.743084
228.791701
229.858458
230.887075
232.233515
233.229524
234.617098
235.702721
238.042857
239.514422
240.526712
241.800454
243.319592
244.773288
245.796735
246.717959
247.701179
248.671746
249.687846
250.902177
252.492426
254.147347
256.447619
258.064898
259.679048
261.208299
262.684898
264.251973
265.837279
267.688980
269.232109
270.723401
272.114150
273.474014
274.911293
276.299320
277.657007
279.045850
280.657279
282.015102
283.312109
284.469388
285.668844
286.825533
287.904218
289.007914
290.092925
291.562449
293.587755
295.022041
296.071338
297.323175
298.761814
300.462857
301.460499
302.488980
303.704399
305.999410
308.090612
310.141542
311.954966
317.979456
318.854150
319.593469
320.260000
321.074150
321.746122
322.421905
323.154286
323.864490
324.612109
325.297551
326.044762
326.814558
327.601088
328.471973
329.628980
331.040317
