0.376190
2.092109
3.608254
4.787800
6.183492
7.672109
9.162132
10.319864
11.728254
13.101678
14.461088
15.614694
16.880136
18.256825
19.517143
20.692517
22.082721
23.437778
24.763175
25.888163
27.169796
28.514694
29.860816
31.078367
32.277143
33.464490
34.624082
35.742041
36.934694
38.133878
39.773288
41.501633
42.850612
44.017959
45.490204
47.166893
48.531837
49.728571
51.313061
52.593878
53.825306
54.999728
56.284943
57.469932
58.670249
59.782902
61.014558
62.277188
63.560816
64.786531
65.964172
67.184399
68.586893
69.753107
71.083628
72.293197
73.424717
74.583810
75.749841
76.989569
78.149161
79.229388
80.342676
81.560454
82.654875
83.878776
84.984444
86.597778
88.098730
89.231429
90.666984
92.362222
93.617959
94.756190
95.900136
97.004082
98.088844
99.254422
100.884490
102.187347
103.364898
104.493741
105.724490
106.900816
108.498912
110.257279
112.011701
113.682993
115.373968
117.088277
118.752109
120.416463
122.127347
123.779456
125.474694
127.085578
128.798776
130.451293
132.139048
133.797551
135.392653
137.068163
138.747211
140.404082
142.075510
143.741497
145.360091
146.945034
148.572789
150.284354
151.865442
153.566531
155.241224
156.816735
158.648435
160.226213
161.939932
163.586372
165.279388
167.024626
168.682222
170.394422
171.973741
173.605442
175.224898
176.949116
178.439320
180.216100
181.836871
183.585034
185.200136
186.791837
188.488435
190.130476
191.837143
194.262902
201.946213
203.114785
204.263311
205.468345
206.609660
207.754603
208.905125
210.026485
211.200590
212.345578
213.445125
214.582812
215.742041
216.876145
217.955601
219.084172
220.405351
221.911383
223.214014
224.289751
225.592608
226.867937
228.190567
229.353605
230.821361
231.986213
233.303810
234.499592
235.778912
236.911111
238.346984
239.586440
240.825805
242.014558
243.264626
244.442313
245.574558
246.863084
247.991701
249.118458
250.247075
251.513515
252.509524
253.777098
254.902721
256.702857
258.034422
259.186712
260.560454
262.299592
263.553288
264.658367
265.717959
266.901179
267.971746
269.167846
270.162177
271.652426
273.103673
275.167619
276.884898
278.579048
280.268299
281.904898
283.551973
285.217279
286.928980
288.632109
290.343401
291.974150
293.494014
295.011293
296.619320
298.057007
299.425850
300.797279
302.075102
303.332109
304.489388
305.628844
306.765533
307.824218
308.867914
309.912925
311.062449
312.767755
314.102041
315.211338
316.606349
318.301814
319.602857
320.700499
321.928980
323.304399
325.499410
327.690612
330.001542
331.615828
336.839456
337.734150
338.573469
339.319728
340.274150
341.086122
341.861905
342.694286
343.564490
344.432109
345.297551
346.204762
347.174558
348.181088
349.151973
350.208980
351.600317
