0.276190
1.992109
3.248254
4.307800
5.583492
7.032109
8.262132
9.299864
10.428254
11.721678
13.041088
14.134694
15.280136
16.616825
17.897143
18.972517
20.142721
21.617778
22.923175
24.008163
25.189796
26.554694
27.800816
28.858367
29.877143
30.886122
31.904082
32.862041
33.854694
34.853878
36.293288
37.996327
39.250612
40.277959
41.610204
43.006893
44.231837
45.268571
46.453061
47.513878
48.565306
49.639728
50.744943
51.689932
52.750249
53.742902
54.854558
55.937188
56.900816
57.906531
58.984172
60.104399
61.146893
62.053107
63.183628
64.233197
65.184717
66.223810
67.169841
68.249569
69.169161
70.149388
71.062676
72.160454
73.154875
74.378776
75.464444
77.417778
78.798730
79.831429
81.126984
82.762222
83.937959
84.976190
86.040136
87.024082
88.008844
88.954422
90.384490
91.507347
92.524898
93.500000
94.584490
95.620816
97.078912
98.857279
100.451701
101.982993
103.693968
105.308277
106.852109
108.380000
109.947347
111.419456
112.954694
114.465578
116.278776
117.891293
119.439048
120.937551
122.592653
124.168163
125.727211
127.284082
129.055510
130.721497
132.160091
133.605034
135.232789
136.724354
138.185442
139.626531
141.321224
142.856735
144.468435
145.966213
147.919932
149.666372
151.299388
153.004626
154.902222
156.514422
157.953741
159.405442
160.884898
162.429116
163.879320
165.372200
167.196871
168.925034
170.440136
171.951837
173.908435
175.730476
177.757143
180.662902
188.100000
189.094785
190.123311
191.108345
192.129660
193.134603
194.125125
195.126485
196.120590
197.165578
198.265125
199.262812
200.362041
201.356145
202.395601
203.404172
204.565351
206.011383
207.274014
208.349751
209.472608
210.747937
212.030567
213.053605
214.181361
215.246213
216.343810
217.439592
218.538912
219.551111
220.546984
221.626440
222.605805
223.734558
224.644626
225.622313
226.594558
227.643084
228.571701
229.558458
230.507075
231.593515
232.549524
233.737098
234.802721
236.682857
238.074422
239.066712
240.360454
241.899592
242.993288
244.018367
245.037959
246.021179
246.971746
247.967846
249.082177
250.652426
252.436327
255.447619
257.184898
258.859048
260.528299
262.044898
263.711973
265.377279
267.388980
269.132109
270.803401
272.334150
273.834014
275.351293
277.179320
278.917007
280.405850
281.877279
283.215102
284.512109
285.709388
286.888844
288.045533
289.104218
290.227914
291.212925
292.502449
294.287755
295.542041
296.591338
297.863175
299.341814
300.562857
301.640499
302.688980
304.097596
306.279410
307.990612
310.081542
311.737914
318.499456
319.314150
320.093469
320.859728
321.814150
322.606122
323.301905
324.114286
324.864490
325.672109
326.477551
327.284762
328.114558
329.001088
329.971973
331.208980
332.560317
