0.316190
1.972109
3.228254
4.267800
5.483492
6.852109
8.084263
9.159864
10.308254
11.661678
13.121088
14.174694
15.300136
16.596825
17.997143
19.152517
20.282721
21.497778
22.943175
24.028163
25.149796
26.414694
28.080816
29.158367
30.257143
31.286122
32.344082
33.342041
34.374694
35.453878
36.753288
38.356327
39.690612
40.717959
41.950204
43.314467
44.591837
45.648571
47.173061
48.433878
49.645306
50.899728
52.084943
53.309932
54.490249
55.682902
57.094558
58.437188
59.580816
60.826531
62.024172
63.224399
64.486893
65.771746
67.183628
68.393197
69.624717
70.911429
72.169841
73.389569
74.649161
75.909388
77.042676
78.300454
79.514875
80.678776
81.964444
83.617778
85.078730
86.111429
87.406984
88.882222
90.177959
91.196190
92.200136
93.204082
94.208844
95.154422
96.484490
97.667347
98.784898
99.853741
101.064490
102.200816
103.738912
105.477279
107.051701
108.622993
110.193968
111.808277
113.372109
114.976463
116.607347
118.139456
119.714694
121.225578
122.958776
124.591293
126.179048
127.737551
129.352653
130.988163
132.787211
134.404082
136.035510
137.701497
139.260091
140.845034
142.705578
144.324354
145.865442
147.506531
149.161224
150.696735
152.548435
154.246213
155.979932
157.586372
159.379388
160.984626
162.622222
164.354422
165.893741
167.525442
169.144898
170.849116
172.379320
174.016100
175.676871
177.465034
179.120136
180.731837
182.388435
184.030476
185.757143
187.842902
192.026213
193.054785
194.043311
195.068345
196.089660
197.114603
198.085125
199.086485
200.060590
201.085578
202.085125
203.042812
204.142041
205.136145
206.155601
207.164172
208.225351
209.471383
210.974014
212.069751
213.212608
214.375873
215.750567
216.813605
218.261361
219.506213
220.663810
221.959592
223.158912
224.331111
225.486984
226.846440
227.945805
229.294558
230.444626
231.642313
232.714558
234.063084
235.351701
236.538458
237.567075
238.893515
239.929524
241.117098
242.262721
243.962857
245.194422
246.246712
247.520454
248.939592
250.173288
251.198367
252.197959
253.161179
254.191746
255.127846
256.302177
257.952426
259.543673
261.627619
263.244898
264.879048
266.568299
268.124898
269.771973
271.437279
273.128980
274.836327
276.463401
278.014150
279.634014
281.271293
283.199320
284.797007
286.165850
287.497279
288.695102
289.972109
291.129388
292.268844
293.425533
294.584218
295.727914
296.812925
297.982449
299.527755
300.802041
301.831338
303.083175
304.781814
306.222857
307.260499
308.328980
309.464399
312.559410
314.850612
316.781542
318.397914
323.279456
324.114150
324.853469
325.599728
326.454150
327.246122
327.921905
328.694286
329.464490
330.152109
330.877551
331.664762
332.394558
333.220000
333.951973
334.888980
336.920317
