2.676190
4.432109
5.888254
6.907800
8.223492
9.912109
11.402132
12.439864
13.748254
15.481678
16.801088
17.814694
19.060136
20.576825
21.737143
22.812517
24.042721
25.577778
26.883175
27.908163
29.149796
30.594694
31.820816
32.878367
33.897143
34.886122
35.884082
36.882041
37.874694
38.893878
40.213288
42.012653
43.451837
44.477959
45.850204
47.386893
48.851837
49.948571
51.613061
52.893878
53.975918
55.159456
56.404943
57.499864
58.610249
59.742902
60.874558
62.117188
63.140816
64.193061
65.284172
66.464399
67.566893
68.573107
69.723628
70.973197
72.084717
73.247619
74.349841
75.729569
76.749161
77.889388
79.022676
80.360454
81.394875
82.758776
83.904444
85.897778
87.398730
88.391429
89.766984
91.502222
92.835918
93.836190
94.880136
95.884082
96.888844
97.974422
99.604490
100.767347
101.844898
102.913741
104.144490
105.320816
107.254558
109.157279
110.911701
112.582993
114.355873
116.108277
117.832109
119.596463
121.367347
123.099456
124.974694
126.645578
128.518776
130.351293
132.159048
134.077551
135.892653
137.788163
139.707211
141.524082
143.455510
145.481497
147.240091
149.085034
150.992789
152.804354
154.825442
156.386531
158.341224
160.156735
162.208435
164.066213
166.159932
168.126372
170.099388
171.904626
173.846667
176.054422
177.633741
179.505442
181.489796
183.389116
185.079320
186.976100
189.027483
191.165034
192.820136
194.703673
196.848435
198.790476
200.737143
203.262902
209.146213
210.174785
211.243311
212.228345
213.249660
214.294603
215.285125
216.326485
217.340590
218.365578
219.385125
220.402812
221.722041
222.796145
223.835601
224.864172
226.193515
227.831383
229.114014
230.089751
231.332608
232.707937
233.990567
235.013605
236.581361
237.646213
238.843810
240.079592
241.178912
242.231111
243.266984
244.346440
245.445805
246.954558
247.924626
248.962313
249.994558
251.423084
252.411701
253.518458
254.527075
255.853515
256.909524
258.177098
259.382721
261.402857
262.794422
263.806712
265.060454
266.799592
268.113288
269.158367
270.137959
271.181179
272.191746
273.327846
274.782177
276.212426
277.732245
281.147619
283.004898
284.839048
286.688299
288.624898
290.631973
292.417279
294.428980
296.441088
298.263401
300.174150
302.134014
304.011293
305.919320
307.696054
309.125850
310.757279
312.075102
313.432109
314.649388
315.928844
317.105533
318.264218
319.387914
320.432925
321.642449
323.547755
325.084082
326.131338
327.455873
329.341814
330.702857
331.760499
332.968980
334.224399
336.739410
338.570612
341.161542
342.977914
347.839456
348.734150
349.673469
350.499728
351.794150
353.070612
353.967619
354.934286
355.784490
356.592109
357.377551
358.204762
359.054558
360.021088
360.991973
362.288980
363.700317
