0.276190
1.972109
3.348254
4.367800
5.703492
7.112109
8.342132
9.319864
10.488254
11.861678
13.261088
14.354694
15.540136
16.896825
18.137143
19.272517
20.482721
21.877778
23.323175
24.368163
25.609796
26.954694
28.340816
29.438367
30.457143
31.486122
32.424082
33.342041
34.314694
35.353878
36.853288
38.476327
39.790612
40.717959
42.130204
43.566893
44.791837
45.820000
47.153061
48.293878
49.445306
50.459728
51.624943
52.669932
53.810249
54.822902
55.974558
57.177188
58.300816
59.306531
60.404172
61.504399
62.646893
63.753107
65.023628
66.093197
67.284717
68.403810
69.469841
70.629569
71.609161
72.689388
73.742676
74.880454
76.034875
77.198776
78.324444
80.037778
81.318730
82.291429
83.633968
85.102222
86.257959
87.176190
88.060136
88.904082
89.708844
90.454422
91.564490
92.507347
93.544898
94.473741
95.664490
96.760816
98.455646
100.317279
102.111701
103.742993
105.293968
106.988277
108.572109
110.136463
111.707347
113.279456
114.854694
116.425578
118.018776
119.611293
121.159048
122.637551
124.152653
125.708163
127.267211
128.824082
130.315510
131.941497
133.600091
135.085034
136.632789
138.224354
139.805442
141.286531
142.901224
144.356735
145.988435
147.526213
149.159932
150.726372
152.439388
154.044626
155.582222
157.134422
158.693741
160.285442
161.844898
163.409116
165.179320
166.796100
168.416871
170.165034
171.640136
173.211837
174.768435
176.450476
178.417143
181.111610
188.420000
189.434785
190.443311
191.468345
192.449660
193.474603
194.425125
195.406485
196.440590
197.465578
198.465125
199.462812
200.542041
201.576145
202.615601
203.664172
204.865351
206.251383
207.794014
208.869751
210.092608
211.447937
212.861134
213.993605
215.381361
216.498639
217.623810
218.779592
219.978912
221.011111
222.206984
223.346440
224.445805
225.834558
226.844626
228.002313
229.034558
230.163084
231.231701
232.238458
233.367075
234.553515
235.729524
236.897098
238.062721
239.762857
241.014422
241.966712
243.400454
244.759592
246.053288
247.018367
247.877959
248.781179
249.571746
250.467846
251.362177
252.932426
254.189388
256.667619
258.384898
260.019048
261.648299
263.244898
264.871973
266.537279
268.128980
269.772109
271.403401
272.954150
274.414014
275.851293
277.539320
278.897007
280.085850
281.457279
282.635102
283.732109
284.829388
285.888844
287.025533
288.084218
289.187914
290.192925
291.442449
293.067755
294.362041
295.311338
296.723175
298.141814
299.362857
300.300499
301.288980
302.504399
303.779410
305.490612
307.481542
309.337914
314.539456
315.434150
316.173469
316.779728
317.634150
318.386122
319.121905
319.874286
320.504490
321.232109
321.937551
322.664762
323.374558
324.141088
324.871973
325.848980
327.100317
