0.696190
2.512109
3.708254
4.767800
5.943492
7.132109
8.282132
9.319864
10.688254
12.001678
13.221088
14.254694
15.540136
16.876825
18.017143
19.052517
20.302721
21.597778
22.843175
23.888163
25.209796
26.494694
27.700816
28.758367
29.797143
30.806122
31.784082
32.762041
33.774694
34.833878
36.173288
37.676327
38.610612
39.657959
40.890204
42.106893
43.191837
44.268571
45.673061
46.773878
47.805306
48.919728
50.064943
51.229932
52.210249
53.282902
54.474558
55.637188
56.700816
57.766531
58.864172
59.944399
60.986893
62.013107
63.163628
64.313197
65.344717
66.403810
67.449841
68.589569
69.569161
70.629388
71.682676
72.840454
73.874875
75.078776
76.084444
77.700000
78.718730
79.731429
80.966984
82.222222
83.277959
84.256190
85.300136
86.284082
87.268844
88.374422
89.724490
90.907347
91.984898
93.033741
94.144490
95.240816
96.898912
98.517279
99.980000
101.422993
102.833968
104.328277
105.752109
107.196463
108.687347
110.059456
111.474694
112.885578
114.498776
115.931293
117.359048
118.837551
120.292653
121.688163
123.227211
124.604082
126.155510
127.661497
129.100091
130.485034
132.012789
133.444354
134.885442
136.326531
137.881224
139.296735
140.868435
142.186213
143.819932
145.306372
146.859388
148.344626
149.962222
151.514422
152.913741
154.345442
155.804898
157.309116
158.819320
160.336100
161.876871
163.405034
164.860136
166.231837
167.888435
169.490476
171.157143
173.682902
179.420000
180.294785
181.363311
182.328345
183.269660
184.274603
185.145125
186.146485
187.060590
188.045578
189.025125
190.022812
191.262041
192.216145
193.215601
194.204172
195.445351
196.711383
197.894014
198.909751
200.172608
201.347937
202.490567
203.493605
204.781361
205.806213
206.863810
207.959592
209.038912
210.091111
211.086984
212.126440
213.205805
214.354558
215.364626
216.382313
217.394558
218.503084
219.511701
220.538458
221.547075
222.773515
223.709524
224.917098
225.962721
227.482857
228.554422
229.586712
230.800454
232.099592
233.113288
234.118367
235.117959
236.101179
237.031746
238.067846
239.342177
240.500000
241.094694
243.987619
245.464898
246.879048
248.428299
249.880000
251.291973
252.760000
254.328980
255.772109
257.203401
258.514150
259.974014
261.351293
262.719320
263.997007
265.225850
266.557279
267.695102
268.900000
269.929388
271.048844
272.045533
273.044218
274.127914
275.132925
276.462449
277.980000
278.942041
279.931338
281.103175
282.261814
283.402857
284.360499
285.508980
286.844399
289.399410
291.070612
293.181542
295.198277
300.499456
301.394150
302.193469
302.959728
303.954150
304.866122
305.681905
306.574286
307.384490
308.212109
308.997551
309.804762
310.634558
311.541088
312.411973
313.768980
315.320317
