0.256190
1.972109
3.288254
4.287800
5.523492
6.792109
8.082132
9.099864
10.461270
12.021678
13.661088
14.774694
16.020136
17.456825
18.837143
19.912517
21.042721
22.417778
24.003175
25.048163
26.269796
27.614694
28.960816
29.998367
31.037143
32.066122
33.064082
34.042041
35.054694
36.093878
37.613288
39.256327
40.450612
41.477959
42.730204
44.026893
45.311837
46.328571
47.893061
49.093878
50.205306
51.419184
52.604943
53.689932
54.870249
56.082902
57.254558
58.397188
59.400816
60.546531
61.764172
62.824399
64.006893
65.033107
66.363628
67.533197
68.604717
69.703810
70.809841
71.949569
72.989161
74.029388
75.082676
76.280000
77.254875
78.498776
79.544444
81.177778
82.738730
83.751429
85.046984
86.422222
87.677959
88.616190
89.640136
90.500000
91.608844
92.594422
94.024490
95.207347
96.304898
97.373741
98.564490
99.680816
101.138912
102.857279
104.551701
106.182993
107.933968
109.528277
111.112109
112.716463
114.307347
115.819456
117.414694
119.025578
120.898776
122.451293
124.019048
125.557551
127.412653
128.948163
130.607211
132.224082
134.135510
135.801497
137.320091
138.805034
140.591156
142.184354
143.725442
145.306531
147.001224
148.616735
150.248435
151.746213
153.579932
155.226372
156.879388
158.524626
160.448889
162.134422
163.613741
165.185442
166.824898
168.609116
169.999320
171.648299
173.416871
175.145034
176.600136
178.131837
179.828435
181.410476
183.077143
185.282902
191.326213
192.354785
193.463311
194.528345
195.569660
196.674603
197.745125
198.806485
199.900590
200.965578
202.085125
203.262812
204.582041
205.696145
206.835601
207.944172
209.125351
210.631383
212.334014
213.409751
214.712608
216.167937
217.530567
218.633605
220.121361
221.218639
222.403810
223.619592
224.818912
225.931111
226.966984
228.206440
229.305805
230.494558
231.584626
232.702313
233.774558
234.963084
236.051701
237.118458
238.187075
239.453515
240.509524
241.717098
242.782721
244.702857
245.914422
246.966712
248.260454
249.719592
251.073288
252.058367
253.077959
254.081179
255.091746
256.067846
257.142177
258.712426
259.704490
262.187619
263.744898
265.359048
266.928299
268.440000
270.011973
271.677279
273.488980
275.092109
276.643401
278.134150
279.694014
281.091293
282.759320
284.257007
285.645850
286.997279
288.295102
289.572109
290.829388
292.048844
293.325533
294.464218
295.727914
296.832925
298.142449
300.167755
301.442041
302.491338
303.723175
305.181814
306.542857
307.560499
308.628980
309.904399
311.939410
313.610612
316.281542
318.294966
323.259456
324.094150
324.873469
325.539728
326.454150
327.186122
327.901905
328.714286
329.504490
330.252109
331.037551
331.864762
332.674558
333.541088
334.451973
335.828980
337.400317
