0.316190
1.992109
3.288254
4.187800
5.263492
6.512109
7.702132
8.579864
9.588254
10.641678
11.581088
12.574694
13.540136
14.540000
15.537143
16.412517
17.462721
18.457778
19.483175
20.428163
21.369796
22.494694
23.480816
24.378367
25.357143
26.240000
27.204082
28.142041
29.094694
29.953878
31.253288
32.816327
33.950612
34.877959
36.070204
37.366893
38.391837
39.300000
40.453061
41.473878
42.465306
43.439728
44.484943
45.509932
46.450249
47.422902
48.474558
49.557188
50.580816
51.566531
52.544172
53.544399
54.480000
55.253107
56.303628
57.373197
58.104717
59.163810
60.089841
61.169569
62.049161
63.029388
63.822676
64.900454
65.834875
66.920000
67.744444
69.577778
70.718730
71.631429
72.726984
74.082222
75.117959
75.916190
76.820136
77.684082
78.548844
79.434422
80.664490
81.667347
82.644898
83.593741
84.684490
85.900816
87.878912
89.857279
91.611701
93.322993
95.113968
96.928277
98.672109
100.496463
102.387347
104.119456
106.034694
107.685578
109.578776
111.411293
113.099048
114.837551
116.692653
118.588163
120.447211
122.104082
123.975510
125.841497
127.540091
128.985034
131.252789
133.104354
134.825442
136.686531
138.581224
140.256735
142.288435
144.006213
146.079932
148.046372
150.059388
151.844626
153.762222
155.714422
157.393741
159.225442
161.124898
163.009116
164.759320
166.596100
168.436871
170.405034
172.300136
174.151837
176.228435
179.030476
182.217143
185.702902
192.666213
193.654785
194.543311
195.528345
196.409660
197.394603
198.145125
199.126485
200.000590
200.885578
201.765125
202.722812
203.802041
204.716145
205.595601
206.524172
207.485351
208.591383
209.574014
210.529751
211.572608
212.587937
213.570567
214.533605
215.661361
216.780000
217.683810
218.720000
219.798912
220.831111
221.926984
222.966440
223.845805
224.854558
225.864626
226.862313
227.754558
228.803084
229.691701
230.698458
231.547075
232.653515
233.529524
234.517098
235.482721
237.262857
238.434422
239.346712
240.480454
241.819592
242.993288
243.878367
244.620000
245.601179
246.551746
247.367846
248.402177
249.712426
251.163673
253.227619
254.984898
256.759048
258.528299
260.204898
261.951973
263.677279
265.428980
267.112109
268.823401
270.354150
272.034014
273.491293
274.919320
276.237007
277.200000
278.277279
279.375102
280.352109
281.280000
282.288844
283.265533
284.184218
285.247914
286.052925
287.122449
288.787755
289.962041
290.851338
291.963175
293.301814
294.382857
295.200499
296.168980
297.264399
298.539410
300.210612
302.441542
304.419138
310.459456
311.354150
312.033469
312.799728
313.694150
314.486122
315.141905
315.854286
316.584490
317.272109
318.037551
318.724762
319.394558
320.201088
320.931973
321.720000
322.620317
