0.316190
2.412109
4.108254
5.247800
6.623492
8.072109
9.322132
10.419864
11.608254
12.961678
14.181088
15.334694
16.520136
17.896825
19.117143
20.292517
21.502721
22.797778
24.103175
25.228163
26.469796
27.774694
29.060816
30.178367
31.317143
32.546122
33.684082
34.822041
35.954694
37.147755
38.493288
40.156327
41.410612
42.497959
43.870204
45.306893
46.651837
47.748571
48.933061
50.093878
51.205306
52.319728
53.524943
54.669932
55.670249
56.842902
57.994558
59.197188
60.300816
61.446531
62.524172
63.644399
64.866893
65.853107
67.083628
68.173197
69.224717
70.483810
71.589841
72.769569
73.829161
74.969388
76.082676
77.220454
78.354875
79.498776
80.624444
82.337778
83.898730
84.951429
86.266984
87.802222
89.097959
90.216190
91.320136
92.388163
93.548844
94.674422
96.184490
97.427347
98.584898
99.733741
100.964490
102.180816
103.738912
105.257279
106.891701
108.422993
110.033968
111.608277
113.212109
114.676463
116.307347
117.799456
119.414694
120.905578
122.598776
124.171293
125.719048
127.257551
128.812653
130.428163
131.967211
133.504082
135.255510
136.881497
138.420091
139.945034
141.592789
143.084354
144.625442
146.206531
147.781224
149.236735
150.868435
152.426213
153.959932
155.566372
157.079388
158.704626
160.562222
162.254422
163.753741
165.345442
166.804898
168.309116
169.859320
171.436100
172.956871
174.505034
176.080136
177.591837
179.168435
180.750476
182.477143
184.962902
190.366213
191.414785
192.803311
194.048345
195.209660
196.394603
197.545125
198.792971
199.960590
201.125578
202.325125
203.422812
204.722041
205.876145
207.055601
208.224172
209.425351
210.791383
212.174014
213.329751
214.572608
215.907937
217.270567
218.413605
219.741361
220.866213
222.043810
223.179592
224.571293
225.611111
226.746984
227.946440
229.065805
230.334558
231.444626
232.622313
233.774558
234.883084
236.171701
237.258458
238.387075
239.673515
240.689524
241.937098
243.002721
244.842857
246.234422
247.346712
248.760454
250.279592
251.573288
252.718367
253.837959
254.961179
256.091746
257.167846
258.362177
259.932426
260.923265
263.807619
265.424898
266.859048
268.448299
269.984898
271.511973
273.077279
274.768980
276.332109
277.903401
279.314150
280.694014
282.191293
283.759320
285.137007
286.365850
287.677279
289.015102
290.292109
291.429388
292.648844
293.865533
295.044218
296.227914
297.332925
298.542449
300.387755
301.762041
302.871338
304.163175
305.641814
307.022857
308.120499
309.248980
310.424399
311.779410
313.210612
314.801542
316.433741
320.519456
321.414150
322.253469
322.979728
323.894150
324.706122
325.461905
326.294286
327.084490
327.872109
328.637551
329.444762
330.274558
331.121088
331.931973
332.780000
333.580317
