0.416190
2.532109
3.888254
4.987800
6.203492
7.292109
8.522132
9.619864
10.808254
12.101678
13.321088
14.434694
15.660136
16.996825
18.177143
19.272517
20.562721
21.837778
23.103175
24.228163
25.429796
26.714694
27.940816
29.056735
30.197143
31.346122
32.484082
33.602041
34.754694
35.953878
37.353288
38.896327
40.210612
41.257959
42.550204
43.726893
44.891837
46.028571
47.573061
48.733878
49.825306
50.919728
52.024943
53.249932
54.230249
55.282902
56.494558
57.597188
58.560816
59.686531
60.744172
61.764399
62.786893
63.733107
64.903628
66.073197
67.084717
68.203810
69.209841
70.409569
71.409161
72.469388
73.502676
74.720907
75.794875
77.078776
78.204444
79.797778
81.058730
82.131429
83.326984
84.562222
85.617959
86.656190
87.740136
88.844082
89.897687
91.114422
92.664490
93.827347
94.924898
96.013741
97.244490
98.380816
99.898912
101.517279
103.111701
104.642993
106.153968
107.788277
109.332109
110.936463
112.487347
114.019456
115.574694
117.085578
118.818776
120.311293
121.899048
123.437551
124.912653
126.388163
127.947211
129.504082
131.215510
132.721497
134.240091
135.745034
137.272789
138.744354
140.265442
141.786531
143.341224
144.816735
146.348435
147.806213
149.459932
151.000000
152.599388
154.064626
155.842222
157.394422
158.893741
160.445442
161.944898
163.429116
164.919320
166.396100
167.876871
169.405034
170.820136
172.291837
173.868435
175.410476
177.057143
179.022902
183.906213
184.934785
185.943311
186.928345
187.989660
189.014603
190.065125
191.086485
192.140590
193.185578
194.165125
195.182812
196.322041
197.356145
198.415601
199.464172
200.705351
202.071383
203.314014
204.429751
205.612608
206.827937
207.990567
209.053605
210.441361
211.526213
212.683810
213.919592
215.058912
216.131111
217.146984
218.286440
219.385805
220.634558
221.644626
222.702313
223.694558
224.823084
225.871701
226.978458
228.007075
229.213515
230.289524
231.577098
232.722721
234.262857
235.514422
236.546712
237.760454
238.899592
239.973288
241.038367
242.097959
243.181179
244.251746
245.447846
246.662177
248.032426
249.403673
251.887619
253.504898
255.059048
256.708299
258.260000
259.751973
261.317279
263.128980
264.792109
266.383401
267.794150
269.294014
270.771293
272.119320
273.397007
274.645850
275.937279
277.135102
278.432109
279.529388
280.708844
281.925533
283.004218
284.187914
285.292925
286.562449
288.147755
289.442041
290.551338
291.763175
292.921814
294.102857
295.200499
296.408980
297.624399
299.159410
300.810612
302.881542
304.497914
309.559456
310.454150
311.313469
312.279728
313.394150
314.426122
315.301905
316.254286
317.144490
318.072109
318.997551
319.904762
320.854558
321.861088
322.871973
324.668980
326.160317
