0.316190
2.192109
3.448254
4.387800
5.523492
6.592109
7.762132
8.739864
9.988254
11.581678
13.161088
14.294694
15.460136
16.856825
18.037143
19.092517
20.342721
21.837778
23.503175
24.628163
25.829796
27.134694
28.420816
29.418367
30.497143
31.586122
32.624082
33.642041
34.654694
35.693878
37.233288
38.776327
39.950612
40.937959
42.110204
43.206893
44.371837
45.385714
46.833061
47.913878
48.845306
49.839728
50.904943
51.909932
52.870249
53.842902
54.914558
55.937188
56.840816
57.846531
58.904172
59.904399
60.886893
61.853107
62.863628
63.953197
64.884717
65.923810
66.949841
68.069569
69.029161
70.049388
71.022676
72.140454
73.214875
74.518776
75.624444
77.437778
78.738730
79.691429
80.766984
81.862222
82.937959
83.836190
84.820136
85.724082
86.668844
87.728844
89.384490
90.547347
91.584898
92.593741
93.724490
94.780816
96.158912
97.677279
99.251701
100.802993
102.573968
104.208277
105.772109
107.236463
108.827347
110.279456
111.874694
113.385578
115.278776
116.931293
118.459048
120.017551
121.692653
123.388163
124.927211
126.564082
128.395510
130.061497
131.700091
133.305034
134.952789
136.544354
138.105442
139.706531
141.461224
142.976735
144.588435
146.146213
147.919932
149.466372
151.199388
152.844626
154.995556
156.894422
158.373741
159.985442
161.624898
163.269116
164.739320
166.496100
168.316871
169.945034
171.420136
172.971837
174.688435
176.350476
178.317143
180.742902
188.826213
189.854785
190.843311
191.828345
192.829660
193.894603
194.865125
195.866485
196.880590
197.945578
198.945125
199.962812
201.382041
202.436145
203.455601
204.504172
205.925351
207.551383
209.254014
210.329751
211.512608
212.767937
214.030567
215.093605
216.481361
217.526213
218.483810
219.479592
220.558912
221.491111
222.446984
223.486440
224.485805
225.594558
226.624626
227.622313
228.554558
229.623084
230.631701
231.618458
232.627075
233.833515
234.789524
236.017098
237.102721
238.942857
240.148844
241.126712
242.220454
243.399592
244.473288
245.418367
246.357959
247.301179
248.211746
249.327846
250.702177
252.272426
253.283673
255.247619
256.844898
258.379048
260.008299
261.544898
263.091973
264.777279
266.768980
268.476327
270.103401
271.614150
273.134014
274.671293
276.539320
278.117007
279.685850
281.117279
282.415102
283.692109
284.869388
286.068844
287.005533
288.044218
289.107914
290.072925
291.262449
292.907755
294.162041
295.111338
296.223175
297.401814
298.502857
299.460499
300.548980
301.844399
304.459410
306.281224
308.220000
310.051655
315.879456
316.794150
317.593469
318.339728
319.654150
320.526122
321.281905
322.094286
322.904490
323.732109
324.557551
325.424762
326.314558
327.241088
328.291973
329.648980
330.740317
