0.556190
2.472109
3.828254
4.847800
5.903492
6.992109
8.082132
9.079864
10.328254
11.601678
12.841088
13.974694
15.180136
16.436825
17.597143
18.692517
19.902721
21.157778
22.383175
23.528163
24.709796
25.934694
27.140816
28.238367
29.337143
30.446122
31.548163
32.602041
33.674694
34.753878
36.353288
38.096327
39.350612
40.357959
41.510204
42.520000
43.591837
44.628571
45.893061
46.933878
47.985306
49.119728
50.264943
51.349932
52.390249
53.442902
54.554558
55.737188
56.760816
57.846531
58.944172
60.004399
61.086893
62.073107
63.203628
64.313197
65.264717
66.463810
67.489841
68.609569
69.589161
70.709388
71.722676
72.760454
73.854875
74.938776
76.144444
78.017778
79.378730
80.311429
81.426984
82.540000
83.497959
84.476190
85.480136
86.444082
87.428844
88.434422
90.004490
91.187347
92.344898
93.453741
94.684490
95.880816
97.737823
99.757279
101.651701
103.422993
105.213968
107.008277
108.912109
110.536463
112.347347
114.099456
115.874694
117.585578
119.338776
121.151293
122.959048
124.557551
126.312653
128.148163
129.887211
131.544082
133.275510
134.941497
136.660091
138.325034
140.032789
141.744354
143.465442
145.146531
146.881224
148.536735
150.268435
151.966213
153.699932
155.526372
157.159388
158.944626
160.782222
162.474422
164.073741
165.765442
167.484898
169.269116
170.799320
172.656100
174.356871
176.125034
177.700136
179.431837
180.960000
182.920952
184.897143
186.942902
195.066213
196.234785
197.363311
198.488345
199.589660
200.714603
201.765125
202.846485
203.940590
205.025578
206.085125
207.122812
208.222041
209.256145
210.295601
211.344172
212.645351
214.051383
215.354014
216.489751
217.712608
218.947937
220.230567
221.293605
222.621361
223.646213
224.763810
225.959592
227.098912
228.211111
229.266984
230.346440
231.405805
232.594558
233.664626
234.722313
235.794558
236.903084
237.931701
239.038458
240.067075
241.253515
242.289524
243.437098
244.562721
246.482857
247.774422
248.766712
249.760454
250.939592
251.933288
252.938367
253.897959
254.861179
255.891746
256.923537
258.282177
259.300000
260.268980
263.467619
265.364898
267.259048
269.068299
270.864898
272.711973
274.457279
276.268980
278.012109
279.723401
281.140000
282.334014
283.571293
284.799320
285.957007
287.000000
288.257279
289.515102
290.652109
291.789388
292.888844
294.085533
295.124218
296.247914
297.232925
298.342449
300.027755
301.422041
302.411338
303.383175
304.521814
305.562857
306.540499
307.648980
308.744399
310.779410
313.110612
314.881542
317.417914
324.339456
325.288299
326.233469
326.979728
327.854150
328.586122
329.281905
330.054286
330.844490
331.652109
332.397551
333.164762
333.954558
334.861088
335.811973
336.968980
338.100317
