0.745215
5.407664
11.825760
17.520635
22.765079
27.860000
30.576508
31.498095
32.328254
33.184444
34.128571
35.085079
36.013016
36.853968
37.741905
38.588571
39.453333
40.489524
41.359683
42.202222
43.047302
43.917778
44.765397
45.587619
46.470159
47.310476
48.216190
49.061270
49.936825
50.804762
51.636825
52.534921
53.418503
54.361497
55.329796
56.221633
57.131293
57.970476
58.849252
59.685533
60.564082
61.439388
62.336735
63.268571
64.420000
65.332653
66.223900
67.106531
67.969116
68.883311
69.683175
70.539229
71.409478
72.264490
73.178367
74.003447
74.906667
75.766349
76.643900
77.502086
78.327256
79.116145
80.001224
80.859989
81.678912
82.554875
83.411587
84.245215
85.104898
85.979093
86.837007
87.725805
88.520091
89.359864
90.226803
90.996916
91.804490
92.700272
93.525714
94.437959
95.246757
96.032018
96.835420
97.680590
98.516553
99.392608
100.234059
101.155420
102.040590
102.920272
103.760136
104.703447
105.530385
106.553515
107.436825
108.292880
109.134422
109.970476
110.826531
111.660816
112.536871
113.369297
114.201746
115.054059
115.842766
116.751565
117.637506
118.489524
119.383946
120.333605
121.231020
122.138912
123.010340
123.958201
124.925306
125.823946
126.633061
127.474286
128.433061
129.313673
130.114739
130.955452
131.899048
132.766395
133.737279
134.545578
135.481701
136.366531
137.336417
138.227483
138.998095
139.886259
140.703265
141.598912
142.479070
143.341270
144.168095
145.114014
146.050068
146.834830
147.741361
148.672245
149.539977
150.351429
151.322313
152.275782
153.143129
154.044807
154.873061
155.786531
156.763265
157.742041
158.456735
159.511746
160.340408
161.244921
162.149841
162.953968
164.001905
164.864762
165.832381
166.738492
167.688889
168.621270
169.559184
170.404762
171.253878
172.132245
173.115918
174.015918
175.044490
175.926122
176.688571
177.649388
178.627347
179.657551
180.325714
181.353061
182.220408
183.151837
184.030612
184.903673
185.888571
186.786122
187.773061
188.647755
189.486939
190.389388
191.156327
192.117551
193.002086
193.952404
194.951429
195.827755
196.675918
197.550612
198.491429
199.322041
200.118503
201.108571
201.974603
202.810688
203.678413
204.614286
205.537143
206.461587
207.299683
208.145397
208.999048
210.031429
210.890794
211.769524
212.627302
213.501066
214.307302
215.147619
215.990159
216.840000
217.642472
218.573333
219.400635
220.246032
221.119048
221.968889
222.851429
223.761905
224.678730
225.672063
226.517778
227.405714
228.248254
229.058968
229.953651
230.780952
231.644762
232.487302
233.394603
234.212381
235.270159
236.134021
237.095873
238.175556
239.261270
240.163175
241.798667
243.749206
245.761270
247.882540
249.958549
252.462449
254.803810
258.310839
260.373061
262.353061
264.660000
266.961270
269.563265
272.144762
274.622857
277.105397
279.782857
282.325397
284.797143
287.608571
290.030476
292.697143
295.608299
300.160000
302.976236
305.077279
307.361406
310.226667
312.519810
314.672562
317.181361
319.331837
321.400000
323.473333
326.056825
328.258639
330.228526
332.876825
336.299365
338.739048
341.349796
343.199320
345.002585
347.558231
349.641769
351.663673
354.080952
356.657279
358.871565
361.196735
363.450159
365.577914
368.189070
369.600045
370.900952
373.369569
376.213560
378.468027
380.934422
383.669932
386.454059
388.648617
390.912381
393.195873
395.295873
397.924762
400.371565
402.656599
405.053968
407.262540
409.630159
410.954603
411.823492
412.717256
413.654603
414.533333
415.433356
416.294603
417.215238
418.139683
419.033968
419.905079
420.746667
421.672698
422.499365
423.497460
424.372381
425.329206
426.253968
427.201270
428.126349
429.022063
430.152063
430.910476
431.867619
432.742857
433.702222
434.717460
435.658413
436.639683
437.641905
438.469524
439.404444
440.228889
441.196508
442.096825
443.036508
443.956508
444.915556
445.942540
446.654853
447.505397
448.445828
449.297143
450.244127
451.136825
452.094921
453.037143
453.933651
454.730476
455.614603
456.471746
457.373968
458.249751
459.266032
460.106984
460.992063
461.852222
462.781111
463.612063
464.449206
465.352063
466.219048
467.071746
467.981270
468.848254
469.738624
470.638095
471.517698
472.423175
473.331587
474.273016
475.209206
476.229524
477.244762
478.005488
479.710431
480.644082
481.548889
482.473968
483.343492
484.182222
485.046667
485.903016
486.675873
487.471111
488.310794
489.276916
490.104127
490.993333
491.788995
492.541270
493.371746
494.210703
495.051746
495.856825
496.762222
497.501905
498.417143
499.231746
500.121905
500.976508
501.816190
502.650635
503.459683
504.268889
505.148571
505.993016
506.793016
507.654762
508.525079
509.319637
510.108435
510.943039
511.776062
512.619909
513.505079
514.294033
515.112517
516.081950
516.993651
517.885034
518.699537
519.699048
520.619138
521.454875
522.399637
523.128435
524.023039
524.892789
525.790295
526.721315
527.525215
528.495646
529.369796
530.262570
531.260998
532.112971
532.902404
533.805524
534.688934
536.467166
537.840045
539.497143
541.153605
542.879410
544.657460
546.866440
549.152154
551.882132
552.896417
553.741361
554.662540
555.379955
556.294558
557.407211
558.340816
560.097188
562.282948
564.002948
565.841361
567.607664
569.525850
571.560998
574.234150
576.656825
578.316916
579.251519
580.186122
581.008798
581.926621
582.589932
584.191293
585.793469
587.828027
589.776327
592.020544
594.116372
596.500499
598.547256
601.609433
605.648526
606.613469
607.450340
608.318186
609.206349
610.057098
610.853333
611.738912
612.475147
613.320726
614.143401
614.954785
615.797778
616.632063
617.521497
618.317732
619.166848
620.059872
620.940771
621.756009
622.631882
623.462268
624.324263
625.124989
625.950204
626.914104
627.759955
628.708707
629.603583
630.964853
631.970748
632.893424
633.978367
634.932653
635.832109
636.723175
637.577143
638.407891
639.282177
640.124853
640.967528
641.813107
642.647075
643.490068
644.283719
645.185714
646.019683
646.839138
647.630522
648.501270
649.321361
650.198549
650.975253
651.777143
652.630590
653.488617
654.362268
655.110431
655.936825
656.745805
657.556553
658.384762
659.273832
660.204762
661.157143
662.180635
663.297143
664.233651
665.285488
