0.496508
5.287664
11.405760
17.140635
22.305079
27.400000
29.596508
30.458095
31.248254
32.124444
33.068571
34.005079
34.813016
35.693968
36.601905
37.488571
38.453333
39.389524
40.279683
41.122222
41.967302
42.837778
43.725397
44.587619
45.450159
46.310476
47.256190
48.121270
48.996825
49.904762
50.716825
51.594921
52.497007
53.481497
54.364898
55.261633
56.131293
56.990476
57.929252
58.785533
59.604082
60.472925
61.396735
62.214286
63.220000
64.072653
64.923900
65.766531
66.609116
67.503311
68.283175
69.139229
70.009478
70.864490
71.718367
72.643447
73.526667
74.406349
75.307800
76.202086
77.067256
77.936145
78.861224
79.779977
80.618912
81.554875
82.451587
83.325215
84.204898
85.159093
85.997007
86.885805
87.780091
88.639864
89.546803
90.436916
91.324490
92.200544
93.085714
93.997959
94.886757
95.712018
96.555420
97.400590
98.236553
99.132608
100.014059
100.975420
101.870295
102.740272
103.586712
104.483447
105.350385
106.373515
107.188413
108.052880
108.954422
109.810476
110.686531
111.540816
112.416871
113.309297
114.183492
115.094059
115.962766
116.811565
117.752517
118.649524
119.583946
120.573605
121.491020
122.458912
123.410340
124.427302
125.385306
126.283946
127.213061
128.054286
128.993061
129.827347
130.774739
131.688163
132.579048
133.506395
134.497279
135.385578
136.223401
137.186531
138.216417
139.127483
139.898095
140.746259
141.703265
142.618912
143.539070
144.461270
145.268095
146.214014
147.110068
148.054830
149.081361
150.052245
150.819977
151.751429
152.702313
153.655782
154.583129
155.524807
156.426531
157.286531
158.283265
159.222041
160.076735
161.091746
161.920408
162.889841
163.829841
164.735979
165.781905
166.594286
167.512381
168.493968
169.448889
170.321270
171.199184
172.164762
173.113878
173.912245
174.815918
175.795918
176.844490
177.752245
178.628571
179.489388
180.467347
181.377551
182.265714
183.153061
184.080408
185.011837
185.950612
186.810918
187.734286
188.626122
189.653061
190.567755
191.526939
192.469388
193.316327
194.377551
195.302086
196.272404
197.252857
198.207755
199.115918
200.010612
200.931429
201.862041
202.735510
203.628571
204.534603
205.396032
206.318413
207.314286
208.257143
209.121587
209.999683
210.945397
211.879048
212.791429
213.690794
214.584762
215.455767
216.362132
217.207302
218.107619
218.990159
219.820000
220.722472
221.653333
222.520635
223.406032
224.319048
225.188889
226.071429
227.001905
228.018730
228.972063
229.897778
230.805714
231.708254
232.535873
233.433651
234.320952
235.264762
236.187302
237.177302
238.052381
239.025079
240.044127
241.075873
242.315556
243.419014
244.463175
246.773333
249.309206
252.421270
254.862540
257.778549
260.802449
263.643810
266.810839
269.313061
271.775102
274.240000
277.221270
280.043265
283.084762
286.082857
288.045397
290.462857
292.965397
295.237143
298.108571
300.510476
303.231429
306.368299
309.620000
312.436236
314.297279
316.501406
319.466667
321.978095
324.672562
327.381361
329.331837
331.400000
333.353333
336.196825
339.098639
341.548526
344.656825
347.319365
349.239048
351.769796
353.759320
355.722585
357.638231
359.741769
361.583673
364.200952
366.558639
368.691565
371.136735
373.470159
375.597914
377.687211
379.020045
380.300952
383.769569
385.953560
387.754014
389.756346
392.049932
394.634059
397.048617
399.552381
401.615873
403.555873
406.024762
408.371565
410.476599
412.493968
414.302540
416.730159
417.874603
418.763492
419.558628
420.514603
421.413333
422.313356
423.194603
424.145079
425.039683
425.953968
426.885079
427.766667
428.672698
429.663228
430.577460
431.452381
432.369206
433.233968
434.101270
434.926349
435.804127
436.832063
437.570476
438.515238
439.282857
440.222222
441.097460
442.018413
442.959683
443.821905
444.729524
445.724444
446.568889
447.496508
448.436825
449.356508
450.156508
451.135556
452.082540
453.004951
453.825397
454.725828
455.657143
456.584127
457.444127
458.474921
459.457143
460.373651
461.350476
462.154603
463.091746
464.033968
464.949751
465.846032
466.766984
467.610688
468.532222
469.454074
470.372063
471.249206
472.232063
473.079048
473.991746
474.921270
475.848254
476.775873
477.698095
478.530794
479.523175
480.394392
481.333016
482.309206
483.041587
484.204762
485.245488
486.930431
487.728163
488.608889
489.493968
490.363492
491.182222
491.986667
492.806032
493.695873
494.771111
495.635397
496.370651
497.064127
497.913333
498.726984
499.481270
500.431746
501.270703
502.155873
502.936825
503.862222
504.690952
505.588571
506.431746
507.281905
508.156508
509.036190
509.910635
510.759683
511.628889
512.528571
513.393016
514.253016
515.169524
516.050476
516.869819
517.728435
518.563039
519.408186
520.259819
521.065079
521.938231
522.812517
523.721950
524.593651
525.465034
526.337687
527.339048
528.179138
529.074875
529.999637
530.868435
531.723039
532.672789
533.590295
534.541315
535.350431
536.235646
537.217959
538.082570
539.020998
540.072971
541.022404
541.867619
542.869645
543.947166
545.080045
546.037143
547.053605
548.019410
549.066243
550.286440
551.544051
554.042132
555.296417
556.161361
557.222540
558.259955
559.214558
560.187211
561.160816
562.897188
563.900983
564.942948
565.921361
566.945533
567.882925
568.960998
570.294150
572.436825
573.916916
574.751519
575.946122
576.857596
577.886621
578.809932
579.811293
581.172245
582.556009
583.616327
584.560544
585.552124
586.620499
587.687256
588.949433
591.468526
592.413469
593.350340
594.258186
595.206349
596.097098
596.973333
597.918912
598.775147
599.680726
600.623401
601.554785
602.457778
603.372063
604.361497
605.177732
606.086848
607.059229
607.960771
608.856009
609.783961
610.682268
611.644263
612.484989
613.410204
614.387052
615.319955
616.277415
617.228717
618.264853
619.170748
620.053424
620.898367
621.732653
622.572109
623.423175
624.277143
625.127891
625.982177
626.824853
627.667528
628.533107
629.387075
630.290068
631.163719
632.105714
632.939683
633.759138
634.610522
635.441270
636.361361
637.278549
638.105760
639.017143
639.950590
640.848617
641.722268
642.570431
643.476825
644.365805
645.256553
646.144762
647.053832
647.944762
648.857143
649.800635
650.937143
651.993651
653.025488
