1.076508
5.907664
11.865760
17.040635
21.625079
26.440000
28.676508
29.698095
30.528254
31.384444
32.428571
33.485079
34.473016
35.373968
36.281905
37.168571
38.153333
39.269524
40.199683
41.042222
41.887302
42.757778
43.582698
44.387619
45.250159
46.070476
46.976190
47.781270
48.676825
49.544762
50.376825
51.274921
52.237007
53.301497
54.289796
55.361633
56.291293
57.130476
58.009252
58.865533
59.664082
60.518776
61.456735
62.388571
63.320000
64.212653
65.063900
65.926531
66.789116
67.703311
68.523175
69.359229
70.229478
71.084490
71.978367
72.883447
73.806667
74.646349
75.627800
76.482086
77.347256
78.216145
79.161224
80.039977
80.918912
81.914875
82.831587
83.735072
84.644898
85.599093
86.737007
87.655268
88.400091
89.379864
90.226803
91.108458
91.964490
92.860544
93.725714
94.597959
95.446757
96.292018
97.077710
97.920197
98.756553
99.612608
100.474059
101.355420
102.240590
103.180272
104.040136
104.983447
105.730385
106.753515
107.716825
108.626440
109.254422
110.090476
110.946531
111.740136
112.578435
113.444649
114.283492
115.194059
115.982766
116.891565
117.792517
118.729524
119.623946
120.593605
121.525510
122.458912
123.390340
124.434603
125.485306
126.303946
127.413061
128.214286
129.233061
130.007347
130.954739
131.748163
132.739048
133.606395
134.517279
135.425578
136.383401
137.306531
138.376417
139.267483
140.078095
140.926259
141.883265
142.778912
143.679070
144.581270
145.428095
146.434014
147.430068
148.254830
149.201361
150.092245
150.919977
151.911429
152.842313
153.775782
154.703129
155.504807
156.410612
157.217755
158.163265
159.102041
159.978912
160.931746
161.760408
162.729841
163.689841
164.547937
165.461905
166.134286
167.172381
168.273968
169.168889
170.021270
170.739184
171.724762
172.476939
173.472245
174.315918
175.195918
176.204490
177.006122
177.888571
178.849388
179.827347
180.617551
181.566429
182.453061
183.341224
184.411837
185.250612
186.123673
187.128571
188.026122
188.973061
189.807755
190.726939
191.609388
192.456327
193.437551
194.342086
195.292404
196.272857
197.107755
197.915918
198.862653
199.651429
200.522041
201.397755
202.348571
203.354603
204.170413
205.078413
206.114286
207.137143
208.141587
209.079683
209.985397
210.899048
211.951429
213.030794
214.009524
214.867302
215.742132
216.567302
217.427619
218.290159
219.120000
219.942472
220.837778
221.680635
222.586032
223.439048
224.308889
225.171429
226.161905
227.258730
228.312063
229.337778
230.312857
231.128254
231.975873
232.906825
233.740952
234.644762
235.627302
236.474603
237.372381
238.330159
239.284127
240.235873
241.295556
242.501270
243.543175
245.213333
248.489206
250.561270
252.802540
255.138549
257.402449
259.583810
262.430839
264.513061
266.813061
268.860000
271.173757
273.579016
276.044762
278.662857
281.125397
283.342857
285.805397
288.477143
291.648571
293.990476
297.197143
300.408299
304.060000
307.896236
309.817279
311.901406
315.126667
317.478095
319.852562
322.401361
324.371837
326.360000
328.373333
331.296825
333.539320
335.968526
338.756825
341.019365
342.899048
344.768299
346.579320
348.382585
350.118231
351.801769
353.723673
355.800952
357.479920
359.311565
361.336735
363.250159
365.477914
368.065351
369.620045
371.361905
374.489569
376.633560
378.514014
380.627628
383.229932
385.734059
387.928617
390.812381
392.955873
394.995873
397.544762
399.811565
401.656599
403.733968
406.145079
408.410159
409.514603
410.383492
411.277256
412.214603
413.173333
414.073356
414.874603
415.775238
416.699683
417.613968
418.545079
419.406667
420.372698
421.326455
422.277460
423.172381
424.029206
424.953968
425.921270
426.686349
427.584127
428.612063
429.390476
430.295238
431.182857
432.182222
433.031492
433.978413
434.899683
435.921905
436.869524
437.804444
438.588889
439.496508
440.356825
441.296508
442.116508
442.995556
443.922540
444.874853
445.845397
446.645828
447.517143
448.524127
449.464127
450.354921
451.297143
452.193651
453.110476
454.014603
454.925873
455.853968
456.829751
457.786032
458.726984
459.630688
460.532222
461.482222
462.312063
463.169206
464.112063
465.019048
465.883492
466.821270
467.728254
468.595873
469.538095
470.470794
471.383175
472.283175
473.173016
474.189206
475.229524
476.202381
477.422744
479.250431
480.188163
481.128889
482.073968
483.023492
483.882222
484.766667
485.646032
486.451323
487.251111
488.230794
489.238458
490.164127
491.013333
491.846984
492.721270
493.646984
494.570703
495.511746
496.416825
497.342222
498.261905
499.197143
500.111746
501.121905
502.056508
502.976190
503.770635
504.659683
505.508889
506.408571
507.313016
508.193016
509.049524
509.910476
510.699637
511.508435
512.323039
513.168186
513.966606
514.725079
515.558231
516.392517
517.361950
518.273651
519.165034
519.957687
520.939048
521.759138
522.574875
523.459637
524.368435
525.223039
526.212789
527.090295
527.981315
528.910431
529.795646
530.777959
531.667710
532.640998
533.652971
534.622404
535.527619
536.708934
538.267166
539.640045
540.917143
542.153605
543.459410
544.737460
546.086440
547.712154
549.984263
550.936417
551.801361
552.642540
553.459955
554.354558
555.347211
556.340816
558.097188
559.502948
560.822948
562.021361
563.345533
564.545850
565.860998
567.534150
569.576825
570.508458
571.271519
572.246122
573.128798
574.046621
574.949932
576.011293
577.553469
579.256009
580.556327
581.740544
582.976372
584.380499
585.767256
587.609433
590.048526
590.953469
591.790340
592.658186
593.506349
594.337098
595.173333
596.018912
596.795147
597.600726
598.443401
599.274785
600.117778
601.012063
602.021497
602.857732
603.706848
604.678458
605.680771
606.516009
607.471882
608.442268
609.424263
610.224989
611.190204
612.334104
613.479955
614.737415
615.963583
617.804853
618.770748
619.593424
620.538367
621.452653
622.292109
623.103175
623.897143
624.707891
625.542177
626.364853
627.187528
628.013107
628.827075
629.650068
630.463719
631.545714
632.419683
633.219138
634.090522
634.941270
635.841361
636.738549
637.505760
638.397143
639.270590
640.168617
641.042268
641.870431
642.736825
643.545805
644.376553
645.204762
646.086916
646.984762
647.937143
648.960635
650.077143
651.133651
652.565488
