0.516508
4.867664
9.785760
14.400635
18.445079
22.680000
24.756508
25.698095
26.528254
27.382222
28.308571
29.265079
30.193016
31.091323
31.961905
32.768571
33.733333
34.629524
35.539683
36.382222
37.247302
38.168889
39.005397
39.867619
40.730159
41.610476
42.536190
43.401270
44.276825
45.184762
46.036825
46.974921
47.957007
49.021497
49.969796
50.981633
51.911293
52.810476
53.696417
54.585533
55.464082
56.389388
57.316735
58.337143
59.400000
60.312653
61.191950
62.026531
62.889116
63.803311
64.623175
65.479229
66.349478
67.224490
68.038367
68.943447
69.826667
70.686349
71.627800
72.462086
73.327256
74.136145
75.061224
75.979977
76.798912
77.734875
78.611587
79.485215
80.324898
81.259093
82.117007
83.045805
83.880091
84.799864
85.786803
86.499229
87.404490
88.240544
89.085714
90.057959
90.846757
91.652018
92.475420
93.360147
94.176553
95.072608
95.934059
96.815420
97.700590
98.580272
99.400136
100.263447
101.010385
102.053515
102.916825
103.792880
104.634422
105.510476
106.366531
107.240816
108.058957
108.929297
109.843492
110.694059
111.542766
112.471565
113.392517
114.349524
115.263946
116.253605
117.185510
118.138912
119.070340
120.174603
121.405306
122.303946
123.293061
124.194286
125.213061
126.107347
127.094739
128.008163
128.979048
129.906395
131.017279
131.905578
132.863401
133.846531
134.786947
135.657415
136.598095
137.486259
138.463265
139.398912
140.378141
141.301270
142.228095
143.254014
144.190068
145.054830
146.061361
147.072245
147.899977
148.791429
149.562313
150.495782
151.483129
152.404807
153.373061
154.326531
155.283265
156.262041
157.268367
158.331746
159.280408
160.309841
161.269841
162.167937
163.221905
164.194286
165.192381
166.173968
167.148889
168.101270
168.979184
169.884762
170.833878
171.872245
172.855918
173.775918
174.844490
175.746122
176.668571
177.609388
178.587347
179.557551
180.565714
181.453061
182.440408
183.431837
184.410612
185.271837
186.308571
187.246122
188.273061
189.147755
190.086939
191.009388
191.916327
192.897551
193.842086
194.812404
195.752857
196.607755
197.555918
198.450612
199.351429
200.262041
201.195510
202.148571
203.034603
203.892063
204.798413
205.757143
206.668571
207.541587
208.479683
209.425397
210.299048
211.251429
212.110794
213.049524
213.927302
214.822132
215.707302
216.587619
217.470159
218.340000
219.222472
220.173333
221.040635
221.946032
222.839048
223.748889
224.691429
225.681905
226.718730
227.772063
228.737778
229.665714
230.564127
231.415873
232.316825
233.180952
234.164762
235.087302
236.004868
236.932381
237.883386
238.776032
239.935873
240.975556
242.261270
243.163175
244.733333
246.609206
248.641270
251.242540
253.318549
255.462449
257.943810
260.430839
262.453061
264.353061
266.440000
268.801270
271.423265
274.004762
276.662857
278.965397
281.182857
283.225397
285.277143
287.608571
289.334524
291.897143
294.368299
297.780000
300.016236
302.097279
304.241406
306.866667
309.258095
311.532562
314.061361
316.151837
318.200000
320.193333
322.496825
324.758639
326.588526
329.116825
331.259365
333.319048
335.509796
337.419320
339.082585
340.559705
342.181769
344.063673
345.980952
347.938639
349.671565
351.376735
353.070159
354.609791
356.089070
357.460045
358.920952
361.329569
363.393560
365.374014
367.394422
369.429932
371.974059
374.108617
376.452381
378.495873
380.615873
382.944762
384.871565
386.736599
388.773968
390.562540
392.810159
393.894603
394.783492
395.717256
396.654603
397.673333
398.613356
399.714603
400.615238
401.539683
402.613968
403.605079
404.466667
405.432698
406.519365
407.597460
408.552381
409.529206
410.373968
411.321270
412.126349
413.104127
414.152063
414.970476
415.935238
416.822857
417.862222
418.722910
419.598413
420.599683
421.601905
422.589524
423.584444
424.384444
425.336508
426.316825
427.276508
428.236508
429.215556
430.102540
430.994853
431.925397
432.891655
433.737143
434.724127
435.624127
436.634921
437.617143
438.513651
439.450476
440.354603
441.271746
442.177989
443.117438
444.346032
445.366984
446.372063
447.404444
448.462222
449.512063
450.588201
451.512063
452.519048
453.543492
454.581270
455.548254
456.535873
457.478095
458.390794
459.343175
460.383175
461.333016
462.349735
463.323175
464.464762
465.645488
467.370431
468.244082
469.168889
470.073968
471.003492
471.882222
472.766667
473.666032
474.675873
475.691111
476.570794
477.278458
478.084127
478.973333
479.826984
480.661270
481.606984
482.510703
483.391746
484.276825
485.162222
486.010952
486.917143
487.771746
488.721905
489.576508
490.516190
491.350635
492.259683
493.076296
493.988571
494.913016
495.824339
496.769524
497.630476
498.459637
499.328435
500.183039
501.068186
501.919819
502.745079
503.578231
504.412517
505.281950
506.213651
507.125034
507.997687
509.037143
509.939138
510.814875
511.739637
512.668435
513.563039
514.552789
515.490295
516.441315
517.330431
518.295646
519.257959
520.227710
521.160998
522.272971
523.242404
524.187619
525.368934
527.007166
528.340045
529.777143
531.153605
532.539410
533.857460
535.486440
536.939019
538.582132
539.596417
540.481361
541.482540
542.339864
543.314558
544.287211
545.243265
547.017188
548.682948
550.142948
551.541361
553.145533
554.465850
555.940998
557.574150
559.276825
560.296916
561.251519
562.286122
563.268798
564.286621
565.289932
566.391293
568.073469
569.916009
571.396327
572.860544
574.536372
575.980499
577.487256
579.389433
581.368526
582.373469
583.270340
584.258186
585.166349
586.137098
586.993333
587.898912
588.755147
589.660726
590.563401
591.474785
592.357778
593.232063
594.441497
595.297732
596.246848
597.438458
598.520771
599.436009
600.351882
601.302268
602.204263
603.064989
603.990204
605.034104
606.039955
607.097415
608.103583
609.444853
610.390748
611.313424
612.178367
613.132653
613.992109
614.863175
615.737143
616.607891
617.462177
618.344853
619.227528
620.093107
620.967075
621.850068
622.663719
623.625714
624.559683
625.399138
626.290522
627.021270
627.941361
628.858549
629.685760
630.597143
631.510590
632.428617
633.302268
634.130431
635.016825
635.845805
636.736553
637.604762
638.506916
639.344762
640.277143
641.200635
642.317143
643.333651
644.365488
