0.685215
5.267664
10.745760
16.680635
21.185079
26.200000
28.756508
29.878095
30.708254
31.564444
32.588571
33.565079
34.393016
35.353968
36.241905
37.108571
38.113333
39.049524
39.959683
40.862222
41.733651
42.618889
43.505397
44.367619
45.270159
46.130476
47.036190
47.861270
48.716825
49.604762
50.436825
51.354921
52.197007
53.221497
54.149796
55.141633
56.231293
57.050476
57.929252
58.785533
59.644082
60.558776
61.436735
62.288571
63.300000
64.252653
65.283900
66.206531
67.149116
68.123311
69.003175
69.879229
70.789478
71.684490
72.598367
73.543447
74.506667
75.406349
76.387800
77.262086
78.167256
79.036145
79.961224
80.879977
81.718912
82.674875
83.571587
84.465215
85.364898
86.279093
87.177007
88.045805
88.940091
89.819864
90.706803
91.576916
92.484490
93.360544
94.205714
95.377959
96.286757
97.152018
98.035420
98.945147
99.856553
100.732608
101.734059
102.715420
103.700590
104.660272
105.600136
106.543447
107.490385
108.573515
109.516825
110.412880
111.294422
112.150476
113.026531
113.880816
114.756871
115.609297
116.443492
117.327029
118.182766
119.051565
119.896259
120.813905
121.703946
122.673605
123.531020
124.438912
125.350340
126.334603
127.345306
128.193991
129.013061
129.874286
130.733061
131.547347
132.474739
133.228163
134.178095
135.106395
136.057279
136.945578
137.763401
138.686531
139.756417
140.567483
141.338095
142.226259
143.223265
144.038912
144.919070
145.801270
146.628095
147.594014
148.450068
149.384943
150.321361
151.256122
152.154994
152.991429
153.922313
154.835782
155.763129
156.704807
157.473061
158.386531
159.303265
160.182041
161.089184
161.991746
162.820408
163.789841
164.684921
165.627937
166.561905
167.414286
168.392381
169.393968
170.348889
171.260254
172.079184
173.084762
173.853878
174.812245
175.675918
176.575918
177.504490
178.386122
179.184286
180.109388
180.967347
181.877551
182.755238
183.573061
184.500408
185.471837
186.430612
187.340918
188.328571
189.266122
190.353061
191.147755
192.066939
192.909388
193.756327
194.897551
195.762086
196.732404
197.652857
198.567755
199.495918
200.290612
201.191429
202.122041
202.997755
203.988571
205.054603
205.892063
206.818413
207.817143
208.817143
209.721587
210.826561
211.705397
212.579048
213.551429
214.490794
215.429524
216.287302
217.182132
218.047302
218.947619
219.810159
220.700000
221.522472
222.453333
223.330317
224.166032
225.059048
225.928889
226.811429
227.721905
228.758730
229.712063
230.717778
231.705714
232.528254
233.355873
234.236825
235.100952
236.024762
236.967302
238.014603
239.032381
240.170159
241.304127
242.535873
243.955556
245.701270
246.487725
248.496667
250.889206
252.981270
255.642540
258.218549
260.422449
262.963810
266.130839
268.233061
270.133061
272.940000
275.581270
278.603265
281.744762
285.302857
287.645397
290.662857
293.785397
296.497143
299.308571
301.910476
305.400000
308.408299
312.340000
316.036236
318.137279
320.741406
324.206667
326.758095
329.252562
331.781361
334.031837
336.160000
338.213333
340.996825
343.398639
345.808526
348.476825
351.019365
353.173333
355.709796
357.898639
359.742585
361.698231
363.801769
365.983673
368.422857
370.678639
372.851565
375.096735
377.050159
378.917914
381.285351
382.940045
384.500952
387.189569
389.393560
391.494014
393.874422
396.729932
399.894059
402.388617
405.832381
408.115873
410.435873
412.824762
415.491565
418.176599
420.353968
422.342540
424.390159
425.314603
426.183492
426.977256
427.776372
428.633333
429.533356
430.394603
431.295238
432.219683
433.073968
433.885079
434.706667
435.612698
436.479894
437.457460
438.278095
439.109206
439.973968
440.821270
441.646349
442.504127
443.472063
444.290476
445.275238
446.142857
447.082222
447.877460
448.758413
449.799683
450.901905
451.769524
452.670741
453.488889
454.337063
455.265608
456.119127
456.956508
457.855556
458.781270
459.674853
460.465397
461.405828
462.297143
463.224127
464.184127
465.194921
466.117143
467.013651
467.830476
468.691534
469.611746
470.493968
471.469751
472.366032
473.246984
474.172063
475.064444
475.982222
476.912063
477.829206
478.792063
479.679048
480.603492
481.561270
482.488254
483.415873
484.378095
485.270794
486.203175
487.143175
488.053016
489.029206
490.009524
491.136190
492.485488
494.350431
495.248163
496.188889
497.086984
498.023492
498.842222
499.686667
500.586032
501.475873
502.171111
503.030794
504.058458
505.004127
505.813333
506.646984
507.501270
508.406984
509.270234
510.131746
510.996825
511.902222
512.721905
513.657143
514.531746
515.401905
516.276508
517.176190
517.990635
518.859683
519.648889
520.588571
521.473016
522.466032
523.529524
524.410476
525.279637
526.168435
527.083039
527.988186
528.899819
529.765079
530.619116
531.532517
532.501950
533.433651
534.365034
535.357687
536.419048
537.299138
538.334875
539.139637
540.008435
540.903039
541.892789
542.870295
543.821315
544.750431
545.815646
546.799490
547.687710
548.700998
549.832971
550.785601
551.767619
552.948934
554.587166
555.960045
557.337143
558.633605
559.979410
561.258730
562.726440
564.452154
566.862132
567.736417
568.481361
569.382540
570.199955
571.114558
571.907211
572.640816
574.217188
575.662948
576.982948
578.261361
579.625533
581.025850
582.600998
584.434150
586.976825
588.078972
588.891519
589.786122
590.628798
591.606621
592.609932
593.511293
595.106735
596.436009
598.416327
599.780544
601.316372
602.860499
604.514512
606.469433
609.988526
610.813469
611.610340
612.418186
613.266349
614.057098
614.853333
615.658912
616.455147
617.280726
618.123401
618.994785
619.837778
620.752063
621.721497
622.577732
623.406848
624.338458
625.400771
626.256009
627.163961
628.122268
629.164263
629.984989
630.890204
631.877052
632.819955
633.897415
634.943583
636.284853
637.190249
638.013424
638.838367
639.652653
640.432109
641.243175
642.057143
642.817982
643.682177
644.464853
645.287528
646.093107
646.927075
647.750068
648.563719
649.585714
650.359683
651.139138
651.950522
652.801270
653.701361
654.578549
655.325760
656.157143
657.030590
657.788617
658.662268
659.490431
660.316825
661.125805
661.956553
662.704762
663.613832
664.444762
665.377143
666.280635
667.317143
668.253651
669.245488
