0.596508
5.027664
11.065760
15.940635
21.125079
25.620000
27.896508
28.829048
29.668254
30.544444
31.548571
32.485079
33.413016
34.273968
35.121905
35.988571
36.933333
37.889524
38.799683
39.662222
40.507302
41.388889
42.225397
43.067619
43.950159
44.790476
45.656190
46.501270
47.336825
48.244762
49.076825
49.954921
50.837007
51.801497
52.729932
53.681633
54.591293
55.430476
56.317313
57.245533
58.124082
59.007755
59.896735
60.768571
61.720000
62.592653
63.443900
64.346531
65.249116
66.183311
67.043175
67.939229
68.809478
69.684490
70.578367
71.523447
72.426667
73.286349
74.207800
75.062086
75.967256
76.776145
77.681224
78.599977
79.438912
80.354875
81.231587
82.085215
82.984898
83.879093
84.777007
85.645805
86.540091
87.419864
88.266803
89.176916
90.024490
90.900544
91.745714
92.717959
93.566757
94.392018
95.227710
96.120197
96.976553
97.832608
98.774059
99.735420
100.630295
101.500272
102.360136
103.263447
104.130385
105.153515
106.056825
106.925760
107.774422
108.630476
109.506531
110.340816
111.196871
112.029297
112.943492
113.774059
114.640692
115.511565
116.432517
117.369841
118.303946
119.253605
120.151020
121.109456
122.050113
123.027302
124.005306
124.803946
125.753061
126.634286
127.653061
128.547347
129.514739
130.468163
131.419048
132.346395
133.317279
134.305578
135.203401
136.146531
137.256417
138.327483
139.098095
139.986259
140.963265
141.838912
142.739070
143.641270
144.448095
145.434014
146.350068
147.255483
148.281361
149.212245
150.019977
151.071429
152.082313
153.035782
153.983129
154.944807
155.833061
156.766531
157.723265
158.702041
159.596735
160.671746
161.540408
162.529841
163.489841
164.387937
165.461905
166.394286
167.432381
168.493968
169.457778
170.481270
171.359184
172.304762
173.153878
174.112245
175.015918
175.975918
176.964490
177.866122
178.728571
179.649388
180.607347
181.617551
182.465714
183.473061
184.400408
185.371837
186.310612
187.243673
188.248571
189.226122
190.213061
191.107755
192.026939
193.009388
193.816327
194.757551
195.682086
196.646202
197.672857
198.567755
199.455918
200.370612
201.291429
202.222041
203.095510
204.036190
204.954603
205.830688
206.738413
207.694286
208.637143
209.601587
210.499683
211.385397
212.279048
213.231429
214.170794
215.129524
216.027302
216.922132
217.813651
218.707619
219.590159
220.480000
221.322472
222.233333
223.060635
223.926032
224.819048
225.648889
226.531429
227.461905
228.478730
229.472063
230.417778
231.325714
232.208254
233.055873
233.931217
234.780952
235.644762
236.727302
237.563651
238.532381
239.550159
240.484127
241.695873
242.915556
244.281270
245.528635
246.913333
249.289206
251.601270
253.622540
255.978549
258.202449
260.503810
263.230839
265.293061
268.133061
270.320000
272.921270
275.723265
278.404762
281.242857
283.565397
286.122857
288.645397
291.017143
293.948571
296.490476
299.177143
302.268299
306.260000
308.716236
310.677279
312.901406
315.406667
317.578095
319.492562
321.941361
323.871837
325.820000
327.733333
330.216825
331.958639
333.708526
336.296825
338.519365
340.259048
342.509796
344.639320
346.482585
348.459116
350.401769
352.463673
354.400952
356.538639
358.451565
360.516735
362.370159
364.503583
366.416281
367.860045
369.360952
372.149569
374.213560
376.214014
378.358884
380.549932
382.914059
384.928617
387.092381
389.375873
391.295873
393.624762
395.691565
397.776599
399.853968
401.542540
403.810159
404.914603
405.803492
406.657256
407.594603
408.493333
409.473356
410.294603
411.295238
412.259048
413.213968
414.085079
414.966667
415.912698
416.919365
417.917460
418.772381
419.689206
420.573968
421.501270
422.366349
423.204127
424.332063
425.170476
426.055238
426.942857
428.022222
428.944365
429.898413
430.939683
431.941905
432.809524
433.744444
434.648889
435.616508
436.476825
437.416508
438.216508
439.195556
440.102540
440.994853
441.885397
442.785828
443.537143
444.624127
445.464127
446.474921
447.397143
448.313651
449.270476
450.154603
451.091746
451.993968
452.969751
453.846032
454.786984
455.672063
456.604444
457.522222
458.436032
459.369206
460.332063
461.219048
462.111746
463.081270
463.928254
464.835873
465.738095
466.650794
467.583175
468.543175
469.493016
470.429206
471.349524
472.561190
473.845488
475.690431
476.688163
477.648889
478.593968
479.523492
480.422222
481.266667
482.166032
483.155873
484.251111
485.190794
486.008351
486.744127
487.633333
488.506984
489.341270
490.286984
491.190703
492.091746
492.996825
493.922222
494.761905
495.717143
496.591746
497.501905
498.416508
499.336190
500.170635
501.119683
502.008889
502.928571
503.833016
504.713016
505.689524
506.570476
507.419637
508.308435
509.181013
510.088186
510.939819
511.792540
512.669116
513.572517
514.561950
515.493651
516.345034
517.317687
518.319048
519.219138
520.074875
520.959637
521.868435
522.743039
523.692789
524.550295
525.581315
526.387608
527.295646
528.208662
529.107710
530.140998
531.292971
531.982404
532.943810
533.869645
535.307166
536.760045
538.317143
539.701633
541.419410
542.837460
544.626440
546.512154
548.662132
549.656417
550.541361
551.462540
552.279955
553.234558
554.247211
555.180816
556.937188
558.522948
560.022948
561.561361
563.165533
564.685850
566.380998
568.514150
570.556825
571.576916
572.451519
573.326122
574.148798
575.006621
575.889932
576.871293
578.493469
580.476009
582.036327
583.420544
585.056372
586.780499
588.421769
590.349433
593.148526
594.113469
595.075170
595.978186
596.906349
597.817098
598.673333
599.598912
600.455147
601.340726
602.223401
603.074785
603.977778
604.852063
605.821497
606.657732
607.546848
608.418458
609.360771
610.256009
611.151882
612.082268
612.964263
613.824989
614.710204
615.694104
616.679955
617.717415
618.783583
620.044853
620.930748
621.813424
622.718367
623.632653
624.512109
625.383175
626.237143
627.107891
627.982177
628.844853
629.687528
630.553107
631.407075
632.250068
633.123719
633.985714
634.879683
635.919138
636.781052
637.481270
638.401361
639.218549
640.032880
640.917143
641.810590
642.708617
643.582268
644.355215
645.196825
646.025805
646.896553
647.701587
648.553832
649.432381
650.317143
651.300635
652.377143
653.433651
654.785488
