0.856508
5.207664
10.205760
14.840635
19.245079
23.260000
25.136508
26.078095
26.868254
27.794815
28.688571
29.665079
30.573016
31.453968
32.341905
33.248571
34.133333
35.089524
36.099683
36.982222
37.847302
38.757778
39.645397
40.467619
41.390159
42.250476
43.176190
44.041270
44.916825
45.784762
46.636825
47.554921
48.357007
49.281497
50.109796
51.001633
51.891293
52.770476
53.636417
54.515178
55.364082
56.244694
57.116735
58.004286
59.040000
59.972653
60.843900
61.686531
62.569116
63.463311
64.303175
65.159229
66.069478
66.924490
67.758367
68.663447
69.526667
70.366349
71.227800
72.082086
72.907256
73.696145
74.561224
75.479977
76.298912
77.214875
78.091587
78.952608
79.824898
80.719093
81.597007
82.465805
83.320091
84.199864
85.028934
85.896916
86.764490
87.660544
88.525714
89.417959
90.246757
91.052018
91.835420
92.646863
93.476553
94.352608
95.177029
96.075420
96.920590
97.740272
98.580068
99.343447
100.310385
101.333515
102.149206
103.012880
103.807211
104.705238
105.546531
106.400816
107.256871
108.089297
108.935873
109.814059
110.582766
111.471565
112.372517
113.369524
114.383946
115.373605
116.331020
117.338912
118.290340
119.250921
120.245306
121.143946
122.093061
122.994286
123.973061
124.887347
125.894739
126.717633
127.699048
128.666395
129.677279
130.605578
131.563401
132.566531
133.716417
134.627483
135.398095
136.306259
137.303265
138.258912
139.199070
140.181270
141.068095
142.034014
143.030068
143.954830
145.041361
146.012245
146.839977
147.920000
148.942313
149.895782
150.823129
151.844807
152.733061
153.586531
154.623265
155.602041
156.576735
157.591746
158.420408
159.449841
160.449841
161.347937
162.361905
163.314286
164.292381
165.333968
166.308889
167.261270
168.099184
169.124762
170.033878
171.032245
171.975918
172.915918
173.984490
174.886122
175.868571
176.749388
177.727347
178.697551
179.605714
180.513061
181.520408
182.531837
183.490612
184.403673
185.448571
186.286122
187.333061
188.227755
189.143469
189.989388
190.872109
191.837551
192.762086
193.552404
194.532857
195.387755
196.275918
197.150612
198.071429
198.922041
199.855510
200.768571
201.724868
202.472063
203.398413
204.307143
205.237143
206.121587
206.979683
207.845397
208.779048
209.691429
210.610794
211.589524
212.507302
213.382132
214.227302
215.147619
216.030159
216.880000
217.762472
218.713333
219.560635
220.433016
221.299048
222.208889
223.091429
223.961905
224.938730
225.812063
226.777778
227.685714
228.508254
229.415873
230.273651
231.140952
232.124762
233.107302
234.074603
235.032381
236.026032
237.164127
238.295873
239.595556
240.741270
241.183175
243.313333
245.829206
247.921270
250.262540
252.418549
254.582449
256.783810
259.450839
261.553061
263.853061
266.020000
268.281270
271.183265
273.704762
277.062857
279.305397
281.522857
284.105397
286.397143
289.508571
291.850476
294.517143
297.768299
304.940000
307.176236
309.337279
311.661406
314.806667
317.898095
320.552562
323.261361
325.471837
327.720000
329.953333
333.496825
336.118639
338.648526
341.816825
344.319365
346.399048
349.049796
351.539320
353.322585
354.958231
356.681769
358.563673
360.620952
362.798639
364.911565
366.996735
369.210159
371.537914
373.616281
375.060045
376.660952
379.869569
382.153560
384.256168
386.494422
388.949932
392.634059
395.348617
398.332381
400.495873
402.615873
405.284762
407.551565
409.896599
412.313968
415.142540
419.530159
420.674603
421.563492
422.617256
423.554603
424.513333
425.453356
426.474603
427.395238
428.599683
429.653968
430.685079
431.686667
432.732698
433.799365
434.858730
435.772381
436.749206
437.653968
438.581270
439.526349
440.464127
441.532063
442.410476
443.355238
444.282857
445.322222
446.289365
447.258413
448.379683
449.481905
450.489524
451.544444
452.468889
453.436508
454.416825
455.436508
456.396508
457.293889
458.202540
459.174853
460.045397
460.945828
461.877143
462.864127
463.784127
464.734921
465.677143
466.573651
467.510476
468.414603
469.331746
470.273968
471.249751
472.166032
473.066984
474.012063
474.864444
475.782222
476.696032
477.609206
478.532063
479.459048
480.363492
481.290635
482.168254
483.115873
483.978095
484.890794
485.791587
486.723175
487.593016
488.589206
489.509524
490.644762
491.885488
493.810431
494.728163
495.594444
496.453968
497.303492
498.082222
498.906667
499.783016
500.615873
501.711111
502.570794
503.218458
504.064127
504.933333
505.746984
506.601270
507.506984
508.410703
509.271746
510.136825
511.027407
511.821905
512.737143
513.591746
514.481905
515.376508
516.256190
517.070635
517.979683
518.788889
519.648571
520.533016
521.433016
522.289524
523.110476
523.879637
524.689478
525.503039
526.328186
527.159819
527.905079
528.718231
529.513129
530.401950
531.273651
532.065034
533.009615
533.959048
534.799138
535.654875
536.579637
537.474218
538.343039
539.332789
540.470295
541.401315
542.270431
543.375646
544.417959
545.427710
546.540998
547.912971
548.942404
549.947619
551.061787
552.627166
553.900045
555.257143
556.527211
557.839410
559.097460
560.806440
562.852154
565.922132
567.016417
567.901361
568.962540
569.839955
570.934558
571.907211
572.820816
574.537188
575.773661
577.002948
578.221361
579.545533
580.825850
582.340998
584.094150
586.736825
588.156916
589.091519
589.986122
590.888798
591.846621
592.809932
593.891293
595.316210
596.776009
598.056327
599.240544
600.576372
601.940499
603.487256
605.289433
608.348526
609.233469
610.095170
610.958186
611.846349
612.697098
613.553333
614.438912
615.255147
616.120726
616.983401
617.854785
618.737778
619.612063
620.501497
621.317732
622.186848
623.038458
623.940771
624.776009
625.723961
626.562268
627.504263
628.244989
629.230204
630.254104
631.239955
632.437415
633.563583
635.144853
636.110748
636.896712
637.798367
638.852653
639.732109
640.643175
641.517143
642.407891
643.282177
644.124853
644.967528
645.793107
646.627075
647.490068
648.323719
649.365714
650.259683
651.119138
652.050522
652.901270
653.761361
654.638549
655.392880
656.217143
657.130590
657.968617
658.842268
659.610431
660.456825
661.205805
662.036553
662.764762
663.573832
664.344762
665.237143
665.980635
667.037143
668.093651
669.125488
