0.675500
5.395329
11.545760
17.060635
22.705079
28.460000
30.676508
31.618095
32.408254
33.224444
34.048571
34.905079
35.873016
36.733968
37.581905
38.428571
39.293333
40.149524
41.179683
42.002222
42.867302
43.708889
44.565397
45.407619
46.270159
47.130476
48.056190
48.841270
49.696825
50.564762
51.376825
52.217460
53.077007
54.061497
55.049796
55.961633
56.871293
57.710476
58.529252
59.365533
60.164082
61.138776
62.036735
62.628571
63.500000
64.392653
65.223900
66.086531
66.929116
67.803311
68.643175
69.379229
70.209478
71.042245
71.818367
72.683447
73.546667
74.326349
75.235933
75.962086
76.827256
77.596145
78.441224
79.249989
80.018912
80.854875
81.691587
82.465215
83.364898
84.239093
85.117007
85.985805
86.860091
87.699864
88.633401
89.436916
90.264490
91.120544
91.865714
92.774490
93.606757
94.412018
95.213855
96.026765
96.836553
97.672608
98.554059
99.435420
100.260590
101.073424
101.820136
102.763447
103.390385
104.393515
105.208413
106.032880
106.834422
107.650476
108.463265
109.330204
110.196871
110.949297
111.783492
112.634059
113.442766
114.311565
115.172517
116.129524
117.023946
117.933605
118.831020
119.738912
120.650340
121.617302
122.525306
123.303946
124.153061
125.054286
125.973061
126.727347
127.594739
128.337633
129.219048
130.066395
131.037279
131.945578
132.843401
133.626531
134.696417
135.587483
136.339048
137.186259
138.023265
138.978912
139.839070
140.701270
141.468095
142.394014
143.330068
144.274830
145.241361
146.112245
146.859977
147.871429
148.780771
149.695782
150.623129
151.484807
152.373061
153.166531
154.123265
154.982041
155.859456
156.771746
157.620408
158.529841
159.409841
160.155979
161.021905
161.754286
162.752381
163.653968
164.508889
165.401270
166.099184
167.084762
167.907875
168.572245
169.535918
170.395918
171.324490
172.146122
173.048571
173.829388
174.847347
175.777551
176.688571
177.613061
178.520408
179.511837
180.325306
181.181837
182.129714
183.026122
183.973061
184.827755
185.706939
186.609388
187.396327
188.277551
189.122086
189.992404
190.932857
191.787755
192.635918
193.430612
194.311429
195.102041
195.955510
196.868571
197.734603
198.492063
199.338413
200.158095
200.977143
201.801587
202.679683
203.505397
204.379048
205.151429
205.970794
206.934762
207.767302
208.622132
209.447302
210.287619
211.110159
211.940000
212.742472
213.653333
214.460635
215.286032
216.119048
216.948889
217.791429
218.621905
219.599365
220.492063
221.457778
222.345714
223.168254
223.987937
224.793651
225.530476
226.264762
227.187302
227.934603
228.832381
229.750159
230.668042
231.499410
232.495556
233.881270
234.803175
236.313333
238.049206
240.041270
242.082540
244.578549
246.902449
249.083810
251.910839
254.113061
255.856531
257.840000
260.153757
262.603265
265.104762
268.242857
270.485397
272.902857
275.245397
277.557143
280.248571
282.510476
285.737143
288.888299
292.840000
297.496236
299.537279
301.861406
304.346667
306.798095
308.952562
311.841361
313.831837
315.840000
317.813333
320.156825
322.418639
324.268526
326.936825
330.039365
331.939048
334.289796
336.639320
338.562585
340.538231
342.561769
344.843673
346.920952
349.058639
351.011565
352.916735
354.830159
356.897914
359.489070
360.920045
362.440952
365.449569
367.927120
370.074014
372.634422
375.149932
377.794059
379.848617
382.592381
385.375873
387.555873
390.184762
392.631565
394.516599
396.773968
398.662540
400.950159
402.014603
402.843492
403.697256
404.554603
405.393333
406.273356
407.034603
407.815238
408.739683
409.593968
410.485079
411.406667
412.333243
413.267873
414.117460
414.992381
415.849206
416.718794
417.581270
418.486349
419.284127
420.292063
421.150476
421.955238
422.842857
423.782222
424.625820
425.538413
426.479683
427.441905
428.289524
429.184444
429.948889
430.856508
431.736825
432.632169
433.416508
434.355556
435.202540
436.074853
436.865397
437.765828
438.557143
439.424127
440.244127
441.114921
441.977143
442.833651
443.630476
444.514603
445.391746
446.233968
447.149751
447.986032
448.946984
449.812063
450.664444
451.542222
452.412063
453.249206
454.172063
455.059048
455.903492
456.821270
457.708254
458.575873
459.458095
460.343598
461.243175
462.151587
463.033016
463.989206
464.949524
466.024762
467.285488
468.790431
469.688163
470.568889
471.473968
472.303492
473.082222
473.926667
474.786032
475.475873
476.371111
477.270794
478.258458
479.224127
479.973333
480.806984
481.581270
482.506984
483.370703
484.211746
485.096825
485.982222
486.481905
487.677143
488.551746
489.501905
490.329127
491.276190
492.030635
492.899683
493.748889
494.574286
495.413016
496.253016
497.104762
497.870476
498.659637
499.477109
500.263039
501.068186
501.899819
502.625079
503.432744
504.212517
505.081950
505.833651
506.725034
507.505896
508.439048
509.239138
509.994875
510.819637
511.708435
512.503039
513.392789
514.150295
515.121315
515.815043
516.695646
517.517959
518.447710
519.280998
520.272971
521.120801
521.987619
522.948934
524.327166
525.600045
526.599429
527.613605
528.639410
529.747183
530.926440
532.452154
534.742132
535.696417
536.441361
537.342540
538.139955
539.054558
539.927211
540.860816
542.537188
543.802948
544.942948
546.041361
547.205533
548.292925
549.540998
551.114150
553.436825
554.378458
555.311519
556.166122
557.028798
557.986621
558.889986
559.791293
560.653469
562.104036
563.456327
564.440544
565.576372
566.780499
567.847256
569.429433
571.788526
572.673469
573.530340
574.338186
575.186349
575.997098
576.793333
577.638912
578.435147
579.240726
580.103401
580.934785
581.737778
582.596032
583.541497
584.377732
585.286848
586.278458
587.300771
588.116009
588.963961
589.782268
590.664263
591.424989
592.316735
593.237052
594.119955
595.137415
596.043583
597.264853
598.190748
599.053424
599.898367
600.772653
601.612109
602.443175
603.237143
604.067891
604.882177
605.701618
606.443764
607.193107
607.933537
608.690068
609.363719
610.200714
610.869841
611.579138
612.302630
613.021270
613.765340
614.538549
615.125760
615.917143
616.710590
617.488617
618.322268
618.990431
619.756825
620.445805
621.145518
621.864762
622.613832
623.344762
624.117143
624.880635
626.837143
627.893651
628.925488
