1.616508
6.467664
12.505760
17.700635
23.805079
28.620000
31.336508
32.398095
33.268254
34.144444
35.108571
36.105079
37.013016
37.893968
38.781905
39.668571
40.593333
41.609524
42.539683
43.402222
44.287302
45.157778
45.992698
46.827619
47.750159
48.590476
49.516190
50.381270
51.256825
52.164762
53.056825
54.014921
54.957007
56.081497
57.249796
58.361633
59.311293
60.210476
61.129252
62.085533
62.944082
63.838776
64.712245
65.574286
66.720000
67.732653
68.743900
69.686531
70.609116
71.523311
72.423175
73.339229
74.289478
75.182245
76.098367
77.023447
77.986667
78.906349
79.847800
80.742086
81.667256
82.576145
83.561224
84.519977
85.378912
86.374875
87.311587
88.205215
89.124898
90.079093
90.997007
91.852902
92.760091
93.639864
94.526803
95.416916
96.264490
97.180544
98.105714
99.097959
100.006757
100.852018
101.715420
102.590295
103.436553
104.332608
105.231353
106.175420
107.100590
108.020272
108.880136
109.803447
110.690385
111.733515
112.596825
113.432880
114.274422
115.130476
116.006531
116.800816
117.676871
118.554649
119.483492
120.394059
121.302766
122.171565
123.152517
124.149524
125.083946
126.133605
127.151020
128.278912
129.430340
130.614603
131.805306
132.723946
133.693061
134.634286
135.753061
136.547347
137.614739
138.529633
139.579048
140.486395
141.497279
142.305578
143.243401
144.266531
145.356417
146.407483
147.238095
148.106259
149.123265
150.058912
151.159070
151.981270
152.868095
153.934014
154.950068
155.814830
156.821361
157.812245
158.707497
159.654286
160.782313
161.755782
162.823129
163.804807
164.733061
165.686531
166.683265
167.722041
168.708367
169.731746
170.560408
171.609841
172.609841
173.587937
174.581905
175.454286
176.512381
177.533968
178.448889
179.381270
180.199184
181.204762
182.173878
183.192245
184.175918
185.015918
186.124490
187.086122
187.957143
188.909388
189.927347
190.977551
191.905714
192.873061
193.881224
194.911837
195.850612
196.823673
197.808571
198.846122
199.933061
200.827755
201.866939
202.769796
203.696327
204.677551
205.662086
206.612404
207.652857
208.278251
209.515918
210.410612
211.331429
212.262041
213.195510
214.208571
215.134603
215.992063
216.938413
217.914286
218.857143
219.761587
220.679683
221.565397
222.479048
223.471429
224.450794
225.389524
226.287302
227.202132
228.047302
228.927619
229.810159
230.740000
231.602472
232.553333
233.460635
234.366032
235.299048
236.288889
237.251429
238.301905
239.398730
240.412063
241.697778
242.685714
243.608254
244.495873
245.393651
246.280952
247.196190
248.227302
249.114603
250.101769
251.090159
252.064127
253.155873
254.295556
255.521270
256.423175
258.613333
261.049206
263.361270
265.942540
268.697098
271.722449
274.503810
277.210839
279.273061
282.333061
284.960000
287.501270
290.203265
292.924762
296.042857
298.805397
301.362857
303.805397
306.157143
309.397143
311.910476
314.577143
317.908299
321.900000
324.996236
327.397279
329.801406
332.966667
335.478095
338.272562
341.021361
343.011837
344.980000
346.953333
349.336825
351.538639
353.908526
356.656825
359.199365
361.119048
363.649796
365.639320
367.642585
369.418231
371.341769
373.683673
375.700952
377.838639
379.711565
381.556735
383.330159
385.217914
386.925351
388.400045
389.880952
392.449569
394.367120
396.474014
398.482060
400.509932
403.034059
405.828617
408.252381
410.275873
412.211958
414.464762
416.711565
419.136599
421.253968
423.342540
425.670159
426.914603
427.803492
428.717256
429.674603
430.673333
431.713356
432.654603
433.650476
434.579683
435.493968
436.445079
437.386667
438.452698
439.439365
440.377460
441.332381
442.249206
443.193968
444.181270
445.166349
446.084127
447.072063
447.970476
448.935238
449.882857
450.942222
451.897460
452.998413
453.939683
454.941905
455.909524
456.884444
457.757778
458.679127
459.656825
460.596508
461.556508
462.575556
463.542540
464.494853
465.385397
466.365828
467.277143
468.284127
469.224127
470.314921
471.357143
472.293651
473.310476
474.254603
475.191746
476.153968
477.081083
478.126032
479.146984
480.112063
481.124444
482.062222
483.012063
483.949206
484.932063
485.859048
486.783492
487.761270
488.688254
489.635873
490.558095
491.530794
492.483175
493.463175
494.413016
495.429206
496.509524
497.504762
498.665488
500.270431
501.348163
502.448889
503.513968
504.523492
505.482222
506.486667
507.446032
508.375873
509.371111
510.350794
511.478458
512.444127
513.373333
514.286984
515.173757
516.146984
517.070703
518.031746
518.976825
519.982222
520.901905
521.877143
522.771746
523.741905
524.696508
525.616190
526.530635
527.459683
528.248889
529.268571
530.253016
531.153016
532.209524
533.090476
533.959637
534.848435
535.703039
536.588186
537.479819
538.365079
539.278231
540.192517
541.121950
542.033651
542.905034
543.897687
544.959048
545.899138
546.834875
547.779637
548.708435
549.643039
550.712789
551.650295
552.561315
553.675215
554.515646
555.637959
556.627710
557.660998
558.712971
559.682404
560.667619
561.848934
563.227166
564.680045
566.117143
567.413605
568.919410
570.377460
572.186440
574.372154
577.084263
578.096417
578.961361
580.082540
580.899955
581.934558
582.767211
583.740816
585.477188
587.042948
588.722948
590.381361
592.165533
593.825850
595.760998
598.454150
601.516825
603.076916
604.051519
604.986122
605.908798
606.866621
607.809932
608.811293
610.251156
611.576009
614.256327
615.720544
617.456372
619.140499
620.987256
623.478866
626.568526
627.553469
628.470340
629.338186
630.286349
631.197098
632.093333
633.058912
633.915147
634.820726
635.723401
636.634785
637.517778
638.452063
639.461497
640.297732
641.246848
642.278458
643.280771
644.176009
645.071882
646.062268
647.064263
647.964989
648.950204
649.954104
650.939955
652.017415
653.043583
654.380809
655.250748
656.196712
657.258367
658.312653
659.272109
660.263175
661.197143
662.187891
663.142177
664.104853
665.087528
665.993107
666.927075
667.890068
668.783719
669.911429
670.859683
671.839138
672.830522
673.701270
674.661361
675.638549
676.545760
677.517143
678.490590
679.428617
680.382268
681.250431
682.116825
682.971610
683.836553
684.684762
685.586916
686.484762
687.417143
688.340635
689.345143
690.053651
691.085488
