1.684218
3.448163
5.133878
6.756009
8.399456
10.106304
11.891927
13.646032
15.102630
16.775102
18.362812
19.933469
21.420317
22.941088
24.426213
25.825533
27.423810
28.901814
30.364671
31.736553
33.186757
34.766667
36.236599
37.692336
39.123583
40.803175
42.467937
44.129796
45.747324
47.424535
48.761950
50.234830
51.591565
53.083673
54.440816
55.874059
57.258776
58.619796
60.014694
61.344354
62.681361
64.014014
65.335374
66.629683
68.020000
69.294739
70.609796
71.946939
73.262041
74.625079
75.934603
77.266531
78.618730
80.097460
81.565442
82.934966
84.403810
85.898367
87.292063
88.792653
90.139184
91.508163
92.905714
94.301633
95.688027
97.074921
98.554014
100.007347
101.550023
103.002041
104.586531
106.121678
107.766023
109.543175
111.170794
112.661905
114.051111
115.697778
117.230476
118.541134
120.735782
122.680136
124.353832
125.976190
127.794921
129.460408
131.054694
132.555646
134.436599
136.118367
137.711519
139.282948
140.947755
142.582494
144.215873
145.926712
147.570522
149.053605
150.766122
152.429161
154.084195
155.699546
157.314921
159.022404
160.791746
162.559728
164.527800
166.995556
168.681224
170.298413
171.926667
173.517143
175.040680
176.541769
178.045714
179.433333
180.894014
182.311156
183.804943
185.238836
186.752517
188.145034
189.533469
190.991927
192.541587
194.064898
195.737959
197.599365
199.284898
200.841224
202.395964
203.837778
205.644898
207.107755
208.757335
210.344036
211.933061
213.447891
214.808299
216.186531
217.784490
219.308934
220.877143
222.244490
223.905714
225.266939
226.616327
227.984490
229.362585
230.757959
232.121224
233.489796
235.125714
236.696463
238.529252
240.135465
241.695556
243.139365
244.472109
245.782540
247.057687
248.408254
249.869206
251.634286
253.121995
254.635646
256.106122
257.490476
258.844490
260.278231
261.644898
262.975102
264.106259
265.536553
266.682857
267.939388
269.189751
270.618776
271.888980
273.252154
274.573605
275.933197
277.288254
278.590658
279.897460
281.262313
282.536735
283.873605
285.241406
286.626667
287.969206
289.312698
290.694921
292.087347
293.492721
294.882585
296.375102
297.656054
299.005306
300.375011
301.710091
303.078730
304.237415
305.561088
306.973651
308.323673
309.782313
311.304422
312.916871
314.450476
315.798413
317.196077
318.413061
319.995510
321.336735
322.685351
324.174135
325.700544
327.149977
328.729705
330.978980
332.788435
334.330794
335.942766
337.534694
339.140000
340.673061
342.151837
343.657120
345.215556
346.672698
348.066032
349.347619
350.600408
352.003265
353.311837
354.578776
355.855918
357.110204
358.345306
359.702857
361.145306
362.409796
363.713469
364.997551
366.288163
367.626939
368.974785
370.331429
371.696417
373.258050
374.464664
375.806213
377.179048
378.641079
380.001043
381.358254
382.743855
384.164399
385.453288
386.950204
388.495420
390.345125
391.901814
393.373878
394.731088
396.150658
397.598594
399.038481
400.489796
401.870023
403.313832
404.764898
406.256100
407.705488
409.136735
410.517098
411.921043
413.246939
414.630839
416.014921
417.324082
418.655102
419.896372
421.242993
422.454112
423.938776
425.262449
426.530340
427.926803
429.271293
430.758776
432.167755
433.747619
435.343787
436.805918
438.325306
440.062857
441.515510
442.934694
444.539184
446.188571
447.725034
449.310204
451.028980
452.885306
454.522449
456.126531
457.694059
459.295918
461.086440
462.562494
464.119456
465.678776
467.144218
468.678367
470.177370
471.717007
473.135692
474.534059
475.892426
477.320454
478.720408
480.047483
481.552925
482.953197
484.358639
485.793424
487.248481
488.591655
489.996100
491.449887
492.962993
494.774059
496.430385
497.848934
499.393016
500.803492
502.302404
504.035102
505.480136
507.016644
508.630340
510.280907
511.688571
513.030476
514.305624
516.207755
517.597732
519.005079
520.456054
522.055692
523.473741
524.794376
526.161134
527.477868
528.868163
530.183583
531.537460
532.844853
534.174830
535.770522
537.417143
539.108889
540.421769
541.682880
542.925306
544.168209
545.376916
546.693016
547.948481
549.236190
550.476825
551.781633
553.123696
554.400272
555.658005
556.862177
558.201814
559.397528
560.579864
561.720181
562.991111
564.439773
565.995828
567.455147
568.909841
570.523810
572.067347
573.191837
574.224898
575.386531
576.723129
578.809660
