2.384218
3.868163
5.213878
6.436009
7.839456
9.726304
11.331927
12.826032
13.982630
15.497551
16.982812
18.453469
19.750159
21.161088
22.506213
23.965533
25.663810
27.461814
28.864671
30.256553
31.686757
33.126667
34.676599
36.272336
37.783583
39.643175
41.247937
42.849796
44.447324
46.364535
47.741950
49.134830
50.591565
52.063673
53.533605
54.834059
56.318776
57.719592
59.077347
60.404354
61.701361
62.994014
64.315374
65.629683
66.980000
68.294739
69.669796
71.213878
72.564082
73.965079
75.314603
76.666531
78.018730
79.377460
80.845442
82.207483
83.714603
85.138367
86.572063
88.252653
89.719184
91.208163
92.665714
94.081633
95.568027
97.114921
98.574014
100.447347
101.990023
103.602041
105.206531
106.781678
108.630113
110.361587
111.930794
113.401905
114.831111
116.457778
117.990476
119.401134
121.435782
123.120136
124.796916
126.376190
128.054921
129.660408
131.274694
132.755646
134.656599
136.318367
137.791519
139.362948
140.973878
142.542494
144.155873
145.783356
147.351565
148.833605
150.346122
152.169161
153.604195
155.199546
156.814921
158.262404
159.871746
161.799728
163.502600
166.175556
167.741224
169.238413
170.806667
172.337143
173.720680
175.241769
176.685714
178.093333
179.554014
180.971156
182.344943
183.816508
185.292517
186.725034
188.020408
189.291927
190.661587
192.244898
193.817959
195.539365
197.244898
199.041224
200.655964
202.417778
204.264898
205.667755
207.690174
209.184036
210.613061
212.087891
213.508299
215.086531
216.582245
218.048934
219.417143
220.864490
222.465714
223.846939
225.256327
226.644490
228.022585
229.397959
230.681224
231.989796
233.605714
235.156463
236.929252
238.515465
240.051111
241.539365
242.952109
244.342540
245.697687
247.068254
248.649206
250.634286
252.121995
253.855646
255.326122
256.890476
258.324490
259.878231
261.364898
262.795102
264.266259
265.796553
267.182857
268.558776
269.869751
271.358776
272.728980
274.132154
275.473605
276.904399
278.288254
279.610658
280.957460
282.342313
283.656735
285.033605
286.341406
287.766667
289.189206
290.572698
291.914921
293.307347
294.692721
296.042585
297.535102
298.836054
300.165306
301.550023
303.000091
304.358730
305.697415
307.121088
308.613651
310.081224
311.582313
313.176844
315.036871
316.410476
317.776825
319.376077
320.773061
322.335510
323.836735
325.245351
326.722404
328.540544
330.069977
331.689705
334.118980
335.968435
337.612381
339.342766
340.994694
342.740000
344.393061
346.171837
347.854240
349.415556
350.886349
352.306032
353.627619
355.000408
356.321633
357.683673
358.978776
360.295918
361.590204
362.885306
364.322857
365.825306
367.109796
368.373469
369.597551
370.854082
372.146939
373.434785
374.771429
376.116417
377.678050
379.107982
380.606213
382.059048
383.455132
384.882086
386.336508
387.723855
389.304399
390.793288
392.450204
394.095420
395.805125
397.361814
398.810776
400.157029
401.590658
403.018594
404.436961
405.864898
407.190023
408.613832
410.064898
411.536100
412.965488
414.436735
415.857098
417.321043
418.666939
420.070839
421.574603
422.844082
424.257551
425.656372
427.082993
428.362336
429.938776
431.222449
432.870340
434.193605
435.591293
436.978776
438.587755
440.107619
441.783787
443.345918
445.110612
446.902857
448.315510
450.014694
452.099184
453.828571
455.565034
457.110204
458.688980
460.405306
461.962449
463.746531
465.334059
466.935918
468.566440
470.162494
471.839456
473.278776
474.744218
476.218367
477.637370
479.077007
480.475692
481.874059
483.312426
484.720454
486.100408
487.487483
488.892925
490.333197
491.758639
493.226848
494.648481
495.971655
497.418050
498.789887
500.282993
502.074059
503.750385
505.348934
507.213016
508.663492
510.442404
512.355102
513.960136
515.667776
517.198068
518.860907
520.548571
522.110476
523.585624
525.287755
526.657732
528.222540
529.636054
531.195692
532.633741
533.994376
535.361134
536.697868
538.048163
539.347166
540.598730
541.884853
543.224490
544.770522
546.287810
547.836296
549.161769
550.402880
551.685306
552.908209
554.136916
555.473016
556.768481
558.076190
559.396825
560.761633
562.367392
563.920272
565.178005
566.362177
567.801814
569.038764
570.139864
571.300181
572.631111
574.239773
575.995828
577.815147
579.449841
580.823810
582.567347
583.691837
584.774985
585.906531
587.503129
590.009660
