0.684218
2.528163
4.273878
5.636009
7.319456
9.066304
10.871927
12.526032
13.922630
15.557551
17.262812
18.993469
20.590159
22.301088
23.906213
25.605533
27.391429
28.901814
30.364671
31.796553
33.226757
34.846667
36.336599
37.984671
39.543583
41.223175
43.127937
44.729796
46.127324
48.264535
49.781950
51.254830
52.811565
54.403673
55.900816
57.494059
59.118776
60.619592
62.134694
63.584354
65.021361
66.454014
67.935374
69.389683
70.980000
72.394739
73.849796
75.406939
76.844082
78.325079
79.774603
81.146531
82.618730
84.137460
85.685442
87.202449
88.763810
90.338367
91.912063
93.592653
95.039184
96.508163
97.945714
99.381633
100.828027
102.274921
103.674014
105.227347
106.790023
108.282041
109.866531
111.361678
112.990113
114.683175
116.250794
117.761905
119.271111
120.848304
122.390476
123.701134
125.775782
127.360136
128.876916
130.476190
132.334921
133.700408
135.214694
136.675646
138.536599
139.978367
141.491519
142.982948
144.553878
146.122494
147.675873
149.166712
150.750522
152.213605
153.806122
155.509161
157.024195
158.659546
160.274921
161.822404
163.411746
165.233243
167.087800
169.115556
170.621224
172.018413
173.566667
175.037143
176.420680
177.901769
179.485714
181.033333
182.614014
184.171156
185.604943
187.149127
188.672517
190.325034
191.800408
193.291927
194.810794
196.224898
197.777959
199.346636
201.064898
202.621224
204.095964
205.617778
207.164898
208.667755
210.307595
211.704036
213.173061
214.587891
215.928299
217.286531
219.004490
220.648934
222.177143
223.764490
225.485714
226.926939
228.416327
229.833469
231.362585
232.817959
234.281224
235.749796
237.365714
239.096463
241.029252
242.615465
244.111111
245.599365
247.032109
248.422540
249.837687
251.308254
252.789206
254.894286
256.361995
257.835646
259.186122
260.830476
262.264490
263.898231
265.464898
266.995102
268.386259
269.916553
271.462857
272.918776
274.349751
275.898776
277.388980
278.892154
280.353605
281.844399
283.348254
284.810658
286.297460
287.782313
289.256735
290.733605
292.221406
293.786667
295.249206
296.752698
298.234921
299.727347
301.225442
302.662585
304.255102
305.636054
307.025306
308.510023
309.970091
311.498730
312.897415
314.441088
316.113651
317.663673
319.262313
320.936054
322.976871
324.830476
326.256825
327.996077
329.473061
331.255510
332.936735
334.445351
335.782404
337.640544
339.429977
341.004853
343.337959
345.288435
346.972381
348.722766
350.414694
352.220000
353.993061
355.731837
357.474240
359.195556
360.712698
362.326032
363.787619
365.280408
366.783265
368.343673
369.798776
371.295918
372.770204
374.245306
375.742857
377.285306
378.749796
380.273469
381.777551
383.248163
384.766939
386.254785
387.811429
389.316417
390.998050
392.527982
394.186213
395.679048
397.245397
398.637014
400.209127
401.643855
403.204399
404.716644
406.230204
407.855420
409.765125
411.401814
413.153878
414.771088
416.410658
418.018594
419.676961
421.309796
422.890023
424.553832
426.144898
427.756100
429.405488
431.036735
432.677098
434.322086
435.926939
437.510839
439.078651
440.484082
441.995102
443.378186
444.722993
445.942336
447.478776
448.802449
450.221477
451.553605
453.031293
454.518776
455.767755
457.207619
458.723787
460.205918
461.730612
463.262857
464.715510
466.214694
467.959184
469.528571
470.925034
472.590204
474.288980
475.725306
477.202449
478.786531
480.394059
481.715918
483.326440
484.802494
486.439456
487.838776
489.304218
490.778367
492.217370
493.717007
495.175692
496.654059
498.192426
499.840454
501.360408
502.847483
504.492925
506.033197
507.498639
509.013424
510.736961
512.271655
513.876100
515.356629
516.882993
518.514059
520.105865
521.577610
523.273016
524.643492
526.362404
528.027551
529.540136
531.023054
532.630340
533.980907
535.328571
536.690476
537.965624
539.687755
541.157732
542.682540
544.236054
545.715692
547.233741
548.594376
550.021134
551.477868
552.888163
554.347166
555.817460
557.264853
558.704490
560.370522
561.857143
563.988889
565.481769
566.962880
568.345306
569.768209
571.136916
572.633016
574.028481
575.416190
576.756825
578.101633
579.487392
580.960272
582.378005
583.802177
585.301814
586.797528
588.219864
589.660181
591.251111
592.959773
594.675828
596.155147
597.649841
599.103810
600.647347
601.991837
603.364898
604.606531
606.083129
607.349660
