1.484218
3.108163
4.893878
6.136009
7.519456
9.226304
10.831927
12.626032
13.842630
15.257551
16.561406
17.913469
19.150159
20.461088
21.686213
22.985533
24.427937
25.681814
26.984671
28.256553
29.566757
30.846667
32.096599
33.432336
34.683583
36.051587
37.507937
38.869796
40.167324
42.004535
43.301950
44.654830
46.091565
47.583673
48.960816
50.334059
51.772925
53.139592
54.494694
55.824354
57.141361
58.434014
59.715374
61.004841
62.340000
63.594739
64.889796
66.286939
67.584082
68.945079
70.274603
71.586531
72.938730
74.257460
75.705442
77.074966
78.523810
79.918367
81.272063
82.832653
84.279184
85.688163
87.085714
88.441633
89.788027
91.254921
92.594014
94.183907
95.630023
96.982041
98.306531
99.712710
101.270113
102.843175
104.310794
105.721905
107.171111
108.617778
110.050476
111.321134
113.235782
114.820136
116.296916
117.736190
119.414921
120.840408
122.373469
123.755646
125.476599
126.898367
128.291519
129.742948
131.193878
132.682494
134.135873
135.626712
137.170522
138.653605
140.146122
141.689161
143.184195
144.719546
146.274921
147.682404
149.331746
151.739728
153.807800
155.695556
157.201224
158.618413
160.126667
161.637143
163.000680
164.461769
165.885714
167.413333
168.834014
170.351156
171.704943
173.176508
174.592517
176.065034
177.300408
178.671927
179.981587
181.384898
183.037959
184.619365
186.204898
187.861224
189.335964
190.837778
192.404898
193.947755
195.434694
196.824036
198.273061
199.647891
200.988299
202.406531
203.824490
205.408934
206.817143
208.324490
209.865714
211.266939
212.656327
214.004490
215.382585
216.737959
218.081224
219.429796
220.885714
222.276463
224.169252
225.658488
227.115556
228.459365
229.792109
231.122540
232.477687
233.828254
235.249206
238.034286
239.521995
241.035646
242.646122
244.110476
245.392245
246.818231
248.264898
249.695102
250.986259
252.516553
253.902857
255.278776
256.589751
258.078776
259.448980
260.892154
262.213605
263.664399
265.008254
266.390658
267.717460
269.122313
270.456735
271.833605
273.201406
274.626667
276.029735
277.492698
278.934921
280.407347
281.845442
283.222585
284.695102
285.976054
287.345306
288.790023
290.180181
291.718730
293.097415
294.521088
296.033651
297.383673
298.822313
300.284218
301.796871
303.550476
304.916825
306.456077
307.893061
309.555510
310.996735
312.385351
314.082404
315.580544
317.149977
318.476568
320.537959
322.308435
323.928095
325.482766
327.094694
328.700000
330.233061
331.911837
333.674240
335.215556
336.712698
338.186032
339.587619
341.000408
342.371633
343.823673
345.198776
346.635918
348.030204
349.445306
350.922857
352.405306
353.749796
355.053469
356.337551
357.688163
359.026939
360.374785
361.731429
363.116417
364.658050
366.067982
367.566213
369.039048
370.505397
372.002086
373.216508
374.463855
375.844399
377.173288
378.710204
380.075420
381.965125
383.501814
385.013878
386.451088
387.870658
389.398594
390.816961
392.289796
393.670023
395.093832
396.544898
397.976100
399.425488
400.856735
402.257098
403.661043
405.006939
406.410839
407.874603
409.264082
410.715102
412.056372
413.482993
414.742336
416.318776
417.602449
419.050340
420.493605
421.831293
423.258776
424.567755
425.887619
427.383787
428.645918
430.130087
431.742857
432.927755
434.254694
435.757398
437.208571
438.645034
440.010204
441.368980
442.845306
444.322449
445.846531
447.274059
448.615918
450.246440
451.722494
453.139456
454.498776
455.864218
457.178367
458.557370
459.937007
461.295692
462.714059
464.092426
465.580454
466.940408
468.307483
469.752925
471.113197
472.478639
473.933424
475.454240
476.751655
478.148050
479.496629
480.865374
482.285676
483.990385
485.134467
486.793016
488.343492
489.902404
491.495102
493.220136
494.709720
496.319034
497.900907
499.268571
500.570476
501.685624
503.407755
504.837732
506.302540
507.736054
509.231383
510.673741
512.054376
513.481134
514.837868
516.208163
517.467166
518.797460
520.124853
521.424490
522.910522
524.797143
525.988889
527.301769
528.622880
529.865306
531.094104
532.316916
533.653016
534.928481
536.296190
537.536825
538.881633
540.227392
541.440272
542.578005
543.742177
545.101814
546.397528
547.639864
548.900181
550.211111
551.789887
553.235828
554.695147
556.249841
558.023810
559.407347
560.531837
561.616100
562.726531
564.243129
566.969660
