1.184218
2.808163
4.453878
5.756009
7.279456
9.226304
10.911927
12.546032
13.882630
15.477551
17.002812
18.473469
19.850159
21.281088
22.706213
24.125533
25.843810
27.361814
28.824671
30.316553
32.066757
33.706667
35.256599
36.812336
38.263583
39.883175
41.467937
43.049796
44.367324
46.004535
47.301950
48.674830
50.111565
51.543673
52.920816
54.294059
55.738776
57.139592
58.494694
59.844354
61.161361
62.474014
63.795374
65.109683
66.560000
67.914739
69.289796
70.786939
72.124082
73.525079
74.854603
76.166531
77.518730
78.877460
80.325442
81.667483
83.123810
84.558367
86.052063
87.712653
89.159184
90.648163
92.125714
93.601633
95.028027
96.554921
98.034014
99.647347
101.190023
102.782041
104.406531
105.981678
107.710113
109.643175
111.410794
112.761905
114.231111
116.017778
117.790476
119.101134
120.895782
122.340136
123.756916
125.196190
126.714921
128.140408
129.534694
130.875646
132.696599
134.078367
135.411519
136.782948
138.213878
139.702494
141.175873
142.646712
144.170522
145.693605
147.226122
148.929161
150.584195
152.199546
153.914921
155.582404
157.231746
159.319728
161.367800
164.195556
165.701224
167.098413
168.586667
170.057143
171.380680
172.821769
174.285714
175.773333
177.234014
178.691156
180.224943
181.776508
183.292517
184.985034
186.420408
187.951927
189.501587
191.204898
193.097959
194.839365
196.884898
198.581224
200.335964
202.097778
204.244898
206.027755
208.254694
210.224036
211.853061
213.327891
214.748299
216.166531
217.784490
219.268934
220.697143
222.104490
223.645714
224.946939
226.296327
227.624490
229.102585
230.497959
231.861224
233.289796
234.925714
236.756463
238.809252
240.395465
241.955556
243.399365
244.752109
246.082540
247.417687
248.768254
250.189206
251.714286
253.201995
254.715646
256.186122
257.630476
258.984490
260.458231
261.844898
263.195102
264.446259
265.836553
267.142857
268.458776
269.709751
271.098776
272.368980
273.692154
274.973605
276.304399
277.648254
278.990658
280.317460
281.702313
283.036735
284.413605
285.781406
287.306667
288.749206
290.252698
291.674921
293.087347
294.565442
295.982585
297.515102
298.856054
300.225306
301.670023
303.120181
304.558730
305.937415
307.361088
308.953651
310.543673
312.102313
313.824218
315.776871
317.310476
318.676825
320.076077
321.453061
322.895510
324.236735
325.645351
327.102404
328.720544
330.329977
331.949705
334.497959
336.448435
338.072381
339.742766
341.374694
343.040000
344.653061
346.311837
347.974240
349.475556
350.892698
352.386032
353.767619
355.180408
356.643265
358.063673
359.418776
360.835918
362.230204
363.585306
365.142857
366.785306
368.169796
369.593469
370.997551
372.408163
373.826939
375.254785
376.811429
378.376417
380.218050
381.767982
383.666213
385.219048
386.905397
388.522086
390.176508
391.743855
393.424399
394.953288
396.630204
398.335420
400.785125
402.401814
403.973878
405.511088
407.050658
408.618594
410.136961
411.689796
413.190023
414.713832
416.244898
417.716100
419.185488
420.636735
422.077098
423.541043
424.946939
426.430839
427.974603
429.404082
430.955102
432.436372
433.882993
435.202336
436.858776
438.282449
439.930340
441.373605
442.871293
444.378776
446.187755
447.847619
449.503787
451.065918
452.770612
454.582857
456.215510
457.854694
459.719184
461.348571
462.905034
464.470204
466.128980
467.905306
469.482449
471.206531
472.854059
474.435918
476.206440
477.782494
479.599456
481.018776
482.464218
483.918367
485.317370
486.757007
488.135692
489.494059
490.852426
492.280454
493.740408
495.107483
496.552925
498.033197
499.478639
500.973424
502.668481
504.151655
505.716100
507.329887
509.082993
511.254059
513.030385
514.948934
516.673016
518.623492
520.382404
522.475102
524.260136
526.596644
528.570340
530.320907
531.748571
533.150476
534.485624
536.267755
537.637732
539.042540
540.456054
541.895692
543.233741
544.554376
545.901134
547.337868
548.728163
550.127166
551.517460
552.904853
554.344490
556.010522
557.897143
559.928889
561.301769
562.602880
563.905306
565.188209
566.476916
567.873016
569.228481
570.636190
571.956825
573.361633
574.827392
576.200272
577.518005
578.882177
580.321814
581.637528
582.939864
584.240181
585.671111
587.139773
588.715828
590.135147
591.509841
592.883810
594.207347
595.431837
596.724898
597.926531
599.423129
601.669660
