0.784218
2.448163
3.713878
4.976009
6.346485
7.906304
9.471927
10.893668
11.962630
13.477551
14.962812
16.453469
17.810159
19.261088
20.686213
22.065533
23.563810
25.001814
26.484671
27.976553
29.546757
31.186667
32.756599
34.312336
35.763583
37.283175
38.867937
40.389796
41.787324
43.424535
44.761950
46.134830
47.571565
49.023673
50.440816
51.854059
53.258776
54.659592
56.034694
57.384354
58.721361
60.014014
61.335374
62.669683
64.120000
65.427370
66.709796
68.166939
69.504082
70.905079
72.349206
73.746531
75.178730
76.577460
78.025442
79.447483
80.963810
82.438367
83.832063
85.372653
86.819184
88.368163
89.925714
91.401633
92.808027
94.434921
96.034014
97.647347
99.250023
100.751020
102.286531
103.753893
105.350113
106.950529
108.490794
109.941905
111.351111
112.957778
114.430476
115.801134
117.515782
118.980136
120.436916
121.836190
123.414921
124.760408
126.174694
127.535646
129.216599
130.598367
131.931519
133.302948
134.753878
136.222494
137.695873
139.167785
140.570522
142.053605
143.526122
144.949161
146.470699
147.799546
149.354921
150.682404
151.891746
153.739728
154.641912
157.233889
158.681224
160.038413
161.446667
162.817143
164.080680
165.461769
166.925714
168.233333
169.654014
171.095578
172.484943
173.956508
175.312517
176.725034
178.020408
179.351927
180.810265
182.284898
183.817959
185.419365
186.952449
188.461224
190.035964
191.577778
193.044898
194.884934
195.994694
197.524036
199.053061
200.507891
201.908299
203.326531
204.804490
206.248934
207.632381
209.004490
210.525714
211.786939
213.096327
214.384490
215.762585
217.037959
218.361224
219.623265
221.005714
222.496463
224.029252
225.515465
226.895556
228.299365
229.652109
230.982540
232.337687
233.708254
235.289206
237.054286
238.541995
240.055646
241.526122
242.990476
244.364490
245.829116
247.264898
248.615102
250.006259
251.436553
252.802857
254.198776
255.469751
256.958776
258.288980
259.692154
260.993605
262.364399
263.708254
265.010658
266.357460
267.702313
269.056735
270.393605
271.701406
273.146667
274.569206
275.932698
277.314921
278.707347
280.122721
281.442585
282.875102
284.176054
285.485306
286.870023
288.240181
289.598730
290.657415
292.261088
293.753651
295.231837
296.702313
298.184218
299.936871
301.530476
303.076825
304.476077
305.853061
307.715510
309.356735
310.745351
312.551202
313.900544
315.369977
316.989705
319.177959
320.888435
322.292381
323.902766
325.354694
326.900000
328.253061
329.831837
331.334240
332.911111
334.232698
335.706032
337.087619
338.400408
339.743265
341.163673
342.478776
343.855918
345.230204
346.585306
347.982857
349.405306
350.849796
352.193469
353.537551
354.914082
356.326939
357.674785
359.155714
360.556417
362.178050
363.667982
365.306213
366.859048
368.445397
369.862086
371.254127
372.643855
374.304399
375.773288
377.390204
378.915420
381.005125
382.541814
384.033878
385.431088
386.870658
388.378594
389.836961
391.289796
392.690023
394.133832
395.604898
397.056100
398.505488
399.928367
401.357098
402.801043
404.186939
405.570839
407.094603
408.524082
409.955102
411.336372
412.742993
414.062336
415.598776
416.962449
418.470340
419.933605
421.331293
422.718776
424.315510
425.907619
427.563787
429.185918
430.670612
432.302857
433.935510
435.494694
437.299184
438.928571
440.685034
442.290204
443.668980
445.325306
446.742449
448.326531
449.894059
451.075918
452.686440
454.142494
455.739456
457.078776
458.464218
459.838367
461.177370
462.557007
463.875692
465.234059
466.552426
468.000454
469.380408
470.707483
472.092925
473.553197
474.918639
476.233424
477.688481
479.031655
480.456100
481.889887
483.361497
485.214059
486.681484
488.087411
489.553016
491.092937
492.642404
494.295102
496.060136
497.216644
498.845170
500.360907
501.888571
503.410476
504.565624
506.147755
507.417732
508.762540
510.216054
511.475692
512.793741
514.014376
515.361134
516.637868
517.868163
519.167166
520.457460
521.744853
523.004490
524.350522
525.837143
527.308889
528.641769
529.882880
531.165306
532.388209
533.616916
534.913016
536.148481
537.476190
538.696825
539.981633
541.267392
542.640272
543.898005
545.182177
546.621814
548.057528
549.339864
550.580181
551.851111
553.439773
555.295828
557.035147
558.889841
560.663810
562.167347
563.351837
564.564898
565.646531
567.003129
569.149660
