1.124218
3.048163
4.833878
6.392018
8.179456
10.266304
12.451927
14.166032
15.622630
17.597551
19.562812
21.413469
23.090159
24.861088
26.506213
28.245533
29.983810
31.621814
33.184671
34.736553
36.346757
38.006667
39.636599
41.212336
42.763583
44.463175
46.087937
47.649796
49.027324
50.764535
52.221950
53.674830
55.271565
56.783673
58.160816
59.634059
61.039388
62.419796
63.754694
65.084354
66.401361
67.694014
69.075374
70.429683
71.900000
73.274739
74.729796
76.226939
77.564082
78.945079
80.227302
81.586531
83.038730
84.437460
85.965442
87.414966
88.923810
90.398367
91.852063
93.452653
94.939184
96.448163
97.865714
99.321633
100.668027
102.194921
103.514014
105.027347
106.610023
108.062041
109.386531
110.941678
112.530113
114.303175
115.770794
117.281905
118.691111
120.397778
121.835238
123.201134
125.775782
127.640136
129.436916
131.216190
133.054921
134.840408
136.714694
138.315646
140.816599
142.558367
144.171519
145.682948
147.493878
149.222494
150.975873
152.646712
154.270522
155.893605
157.506122
159.189161
160.764195
162.499546
164.134921
165.782404
167.425873
169.239728
170.927800
173.575556
175.261224
176.758413
178.286667
179.777143
181.140680
182.681769
184.245714
185.773333
187.394014
188.911156
190.464943
191.976508
193.392517
194.985034
196.480408
197.751927
199.261587
200.904898
202.257959
204.139365
206.324898
208.021224
209.875964
211.677778
213.844898
215.567755
217.658939
219.332018
220.873061
222.307891
223.628299
225.006531
226.224490
227.608934
228.877143
230.281497
231.665714
232.946939
234.316327
235.664490
237.182585
238.597959
240.001224
241.349796
242.885714
244.416463
246.109252
247.635465
249.035556
250.359365
251.592109
252.782540
254.037687
255.348254
256.749206
258.294286
259.501995
261.015646
262.486122
264.130476
265.684490
267.272744
268.824898
270.415102
271.766259
273.356553
274.765714
276.198776
277.549751
279.178776
280.637959
282.172154
283.593605
285.124399
286.636508
288.030658
289.417460
290.822313
292.136735
293.493605
294.761406
296.146667
297.469206
298.732698
300.054921
301.356837
302.685442
303.971293
305.335102
306.636054
307.925306
309.250023
310.620181
311.978730
313.177415
314.590544
315.893651
317.183673
318.562313
320.016054
321.556871
323.070476
324.259546
325.656077
326.833061
328.335510
329.616735
331.005351
332.451202
333.960544
335.269977
336.849705
339.437959
341.408435
343.212381
344.962766
346.774694
348.540000
350.193061
352.043673
353.854240
355.435556
357.092698
358.526032
359.887619
361.220408
362.551633
363.923673
365.118776
366.395918
367.590204
368.845306
370.182857
371.625306
372.969796
374.333469
375.697551
377.068163
378.446939
379.814785
381.231429
382.636417
384.298050
385.623991
387.117243
388.539048
390.005397
391.322086
392.816508
394.075964
395.492200
396.833288
398.510204
400.155420
402.185125
403.801814
405.293878
406.711088
408.170658
409.718594
411.196961
412.669796
414.070023
415.533832
416.984898
418.476100
419.905488
421.336735
422.737098
424.161043
425.546939
426.970839
428.474603
429.924082
431.375102
432.776372
434.102993
435.322336
436.938776
438.302449
439.730340
441.133605
442.491293
443.978776
445.387755
446.733810
448.343787
449.805918
451.270612
453.042857
454.545073
455.994694
457.613061
459.108571
460.645034
462.230204
464.108980
465.725306
467.222449
468.746531
470.274059
471.775918
473.426440
474.942494
476.699456
478.178776
479.644218
481.138367
482.557370
484.057007
485.435692
486.874059
488.232426
489.860454
491.380408
492.947483
494.472925
495.953197
497.398639
498.833424
500.348481
501.711655
503.116100
504.529887
505.858299
507.414059
509.150385
511.228934
512.993016
514.763492
516.582404
518.635102
520.380136
522.476644
524.210340
525.720907
527.108571
528.490476
529.665624
531.227755
532.532577
533.882540
535.096054
536.555692
537.953741
539.314376
540.841134
542.277868
543.628163
544.967166
546.357460
547.704853
549.081497
550.670522
552.197143
553.668889
555.120884
556.402880
557.745306
559.048209
560.396916
561.813016
563.168481
564.516190
565.796825
567.141633
568.587392
569.920272
571.218005
572.442177
573.740907
574.917528
576.059864
577.200181
578.391111
579.759773
581.155828
582.455147
583.709841
585.103810
586.467347
587.655918
588.864898
589.926531
591.243129
593.669660
