2.504218
4.168163
6.033878
7.516009
9.219456
11.286304
13.031927
14.886032
16.302630
17.957551
19.742812
21.453469
22.950159
24.581088
26.046213
27.545533
29.283810
30.801814
32.204671
33.676553
35.306757
36.906667
38.516599
40.152336
41.763583
43.563175
45.347937
47.029796
48.627324
50.544535
52.001950
53.454830
54.931565
56.451020
57.980816
59.494059
60.958776
62.419592
63.854694
65.344354
66.721361
68.154014
69.595374
71.029683
72.520000
73.894739
75.269796
76.746939
78.144082
79.585079
80.954603
82.326531
83.738730
85.197460
86.665442
88.087483
89.623810
91.138367
92.652063
94.212653
95.659184
97.248163
98.771429
100.301633
101.768027
103.354921
104.894014
106.562041
108.430023
110.062041
111.806531
113.361678
115.090113
116.760794
118.550794
119.901905
121.362222
122.857778
124.330476
125.601134
127.575782
129.160136
130.696916
132.256190
133.994921
135.700408
137.334694
138.955646
140.936599
142.538367
143.991519
145.542948
147.093878
148.642494
150.255873
151.606712
153.370522
154.813605
156.375374
158.024580
159.471049
160.939546
162.499365
164.002404
165.451746
167.319728
168.947800
171.415556
173.161224
174.798413
176.466667
178.217143
179.840680
181.481769
182.965714
184.393333
185.894014
187.271156
188.724943
190.156508
191.652517
193.245034
194.700408
196.231927
197.801587
199.444898
201.337959
203.279365
205.144898
206.921224
208.515964
210.157778
211.744898
213.347755
214.794694
216.584036
218.073061
219.527891
220.968299
222.446531
224.044490
225.548934
227.017143
228.584490
230.185714
231.626939
233.096327
234.564490
236.042585
237.437959
238.781224
240.189796
241.745714
243.336463
245.249252
246.775465
248.351111
249.879365
251.352109
252.742540
254.137687
255.568254
257.049206
258.574286
260.061995
261.575646
262.886122
264.450476
265.884490
268.618231
270.204898
271.615102
273.146259
274.736553
276.142857
277.598776
279.069751
280.598776
282.108980
283.632154
284.993605
286.504399
288.008254
289.450658
290.917460
292.422313
293.936735
295.433605
297.001406
298.486667
299.969206
301.532698
303.094921
304.667347
306.185442
307.662585
309.235102
310.736054
312.205306
313.730023
315.240181
316.758730
318.197415
319.841088
321.413651
322.803673
324.322313
325.817745
327.756871
329.530476
331.156825
332.736077
334.233061
336.115510
337.865578
339.505351
341.522404
343.040544
344.649977
346.309705
348.737959
350.568435
352.172381
353.842766
355.494694
357.200000
358.773061
360.491837
362.154240
363.815556
365.352698
366.986032
368.467619
370.020408
371.483265
373.003673
374.438776
375.895918
377.350204
378.785306
380.342857
382.145306
383.629796
385.113469
386.577551
388.088163
389.566939
391.054785
392.591429
394.156417
395.998050
397.727982
399.466213
401.059048
402.665397
404.202086
405.836508
407.323855
408.984399
410.573288
412.370204
414.015420
416.245125
417.981814
419.653878
421.291088
422.890658
424.618594
426.416961
428.089796
429.650023
431.373832
433.164898
434.896100
436.585488
438.296735
439.937098
441.561043
443.126939
444.690839
446.314603
447.944082
449.555102
451.216372
452.862993
454.462336
456.198776
457.682449
459.430340
461.053605
462.591293
464.198776
465.987755
467.807619
469.503787
471.205918
473.090612
475.002857
476.655510
478.294694
480.179184
481.808571
483.405034
485.010204
486.728980
488.405306
490.042449
491.646531
493.274059
494.595918
496.446440
498.002494
499.699456
501.218776
502.784218
504.318367
505.837370
507.397007
508.915692
510.374059
511.872426
513.280454
514.620408
515.987483
517.392925
518.773197
520.238639
521.733424
523.288481
524.751655
526.336100
527.844943
529.422993
531.574059
533.450385
535.124467
536.833016
538.283492
539.750601
541.398367
543.100136
544.752960
546.550340
548.180907
549.728571
551.190476
552.512812
554.127755
555.557732
557.062540
558.496054
559.935692
561.333741
562.694376
564.061134
565.437868
566.848163
568.307166
569.697460
571.064853
572.424490
573.990522
575.357143
577.228889
578.681769
580.142880
581.465306
582.868209
584.316916
585.813016
587.248481
588.776190
590.236825
591.721633
593.267392
594.800272
596.158005
597.462177
598.981814
600.298764
601.599864
602.840181
604.231111
605.879773
607.575828
609.155147
610.709841
612.483810
614.747347
616.271837
617.324898
618.326531
619.643129
621.269660
