0.740136
3.540000
6.040000
8.045351
10.760000
13.049751
15.460000
17.451701
19.740000
22.025079
24.000000
25.934830
27.898730
29.818095
32.129932
34.228254
36.463265
38.563810
40.896508
42.376190
44.740317
46.712698
48.713651
50.821270
52.883492
55.197460
57.660000
59.498095
61.642222
63.680000
65.380000
67.597370
68.957506
73.509887
75.790159
78.134422
80.185941
82.419320
84.789070
86.966961
89.054059
91.383968
93.637188
95.923220
97.891247
99.499184
100.812925
102.294286
103.597687
105.133968
106.365850
107.865170
109.122630
110.316508
111.421361
112.511565
113.628571
114.725578
115.729660
117.262993
119.412154
121.366893
123.186757
125.190249
127.064898
128.845215
130.709070
132.795238
133.599955
134.338322
134.985805
135.611519
136.266349
136.973832
137.750431
138.412426
139.096281
139.796508
140.476735
141.224218
141.813469
142.462812
143.137483
143.774331
144.463673
145.084717
145.727846
146.420113
147.024671
147.713923
148.457551
149.090476
149.756327
150.526485
151.170930
151.888073
153.115964
153.919093
154.607982
155.505624
156.356372
156.920000
157.895374
158.720635
159.442449
160.145850
160.875102
161.531791
162.380680
163.179592
163.949977
166.205986
168.518912
170.792109
172.952653
175.099864
177.258503
179.775918
181.259184
183.998639
185.836327
188.180000
191.343673
196.508435
201.432063
202.105215
202.800499
203.480000
204.180091
204.856644
205.524943
206.180000
206.852381
207.540000
209.034422
210.198367
211.773333
213.014603
214.535034
215.668571
217.019683
218.082494
219.117460
220.172517
220.889932
221.522993
222.215238
222.780408
223.442177
224.065714
224.744898
225.280000
225.941769
226.579320
227.229932
227.938776
228.680000
229.302721
229.935102
230.560000
231.518367
233.382041
239.323537
243.108435
245.802177
248.670884
251.460317
253.969138
256.633424
259.000136
262.727347
269.155238
275.104444
276.702222
278.284127
279.888571
281.316190
282.985079
284.303696
285.669569
287.005397
287.746984
288.543492
289.340000
290.294671
291.104762
291.820952
292.520000
293.701633
294.528571
295.479048
296.185079
296.984580
297.587937
298.474603
299.165397
299.821905
300.802540
301.555556
302.236825
302.900000
303.561270
304.231565
304.834286
305.481361
306.125714
306.697007
307.426984
308.332063
310.880635
313.940000
316.209252
320.260000
323.464626
325.880000
327.922857
330.418413
333.051837
335.740680
