0.740136
3.408707
5.663764
8.065351
11.037642
13.189751
15.500000
18.071701
20.720952
23.065079
25.403175
28.114830
31.058730
32.918095
35.129932
37.508254
40.143265
42.663810
44.996508
47.396190
50.280000
52.812698
55.233651
57.801270
60.283492
63.037460
65.970476
68.118095
71.122222
73.650204
75.705034
78.077370
80.337506
86.009887
88.750159
91.154422
93.845941
96.319320
98.789070
101.266961
103.434059
105.843968
108.137188
110.103220
112.325624
113.839184
115.272925
116.594286
118.025896
119.453968
120.937551
122.125170
123.562630
124.616508
125.681361
126.851565
127.948571
129.105578
130.160000
132.282993
134.752154
137.266893
139.866757
142.390249
144.804898
147.085215
149.349070
152.035238
152.839955
153.538322
154.285805
154.911519
155.526349
156.233832
156.930431
157.632426
158.416281
159.116508
159.816735
160.484218
161.173469
161.862812
162.537483
163.214331
163.903673
164.560000
165.227846
165.920113
166.500000
167.133923
167.937551
168.290476
169.036327
169.826485
170.570930
171.320000
172.260000
173.019093
173.647982
174.425624
174.760000
175.474467
176.675374
177.340635
178.062449
178.945850
179.735102
180.391791
181.240680
182.159592
182.869977
184.465986
186.838912
189.112109
191.732653
194.239864
196.738503
199.855918
202.219184
205.118639
207.876327
210.891701
215.083673
220.008435
226.152063
226.865215
227.520499
228.213197
228.860091
229.476644
230.204943
230.840000
231.632381
232.321361
233.634422
234.818367
236.464444
237.991429
239.555034
240.568571
242.679048
244.202494
245.177460
245.912517
246.649932
247.362993
248.135238
248.760408
249.462177
250.225714
250.984898
251.680227
252.360000
252.920000
253.589932
254.298776
254.900000
255.502721
256.215102
256.899728
258.118367
260.142041
267.143537
271.168435
273.642177
276.612653
279.720317
283.269138
285.893424
288.800136
292.687347
298.235238
304.364444
305.804444
307.304127
308.762857
310.056190
311.405079
312.823696
314.169569
315.485397
316.186984
316.863492
317.592381
318.434671
319.084762
319.720952
320.428571
321.401633
322.028571
322.699048
323.305079
324.144580
324.747937
325.494603
326.165397
326.741905
327.842540
328.675556
329.396825
330.179048
330.961270
331.711565
332.434286
333.161361
333.865714
334.557007
335.446984
336.092063
338.480635
341.493605
343.329252
346.779728
350.324626
353.259683
355.762857
358.758413
363.551837
369.348844
