0.740136
3.748707
6.400000
8.645351
11.857642
14.469751
16.640000
19.111701
21.360000
23.745079
26.103175
28.754830
31.258730
33.598095
36.089932
38.228254
40.943265
43.203810
45.580000
47.596190
49.720317
51.952698
54.013651
56.241270
58.383492
60.917460
63.490476
65.558095
68.322222
71.270204
72.700000
74.977370
76.917506
81.129887
84.270159
87.054422
90.305941
93.139320
96.049070
98.766961
101.168118
103.823968
106.657188
109.063220
112.025624
113.979184
115.572925
117.174286
118.645896
120.313968
121.865850
123.285170
124.642630
125.976508
127.221361
128.551565
129.868571
131.205578
132.549660
134.702993
137.232154
139.606893
142.046757
144.570249
146.884898
149.065215
151.209070
153.455238
154.199955
154.838322
155.525805
156.111519
156.746349
157.373832
158.030431
158.712426
159.396281
160.056508
160.676735
161.364218
162.033469
162.662812
163.317483
163.974331
164.663673
165.304717
165.947846
166.600113
167.304671
168.033923
168.837551
169.550476
170.260000
171.126485
171.830930
172.728073
173.735964
174.419093
175.187982
175.905624
176.736372
177.514467
178.495374
179.280635
180.002449
180.885850
181.735102
182.391791
183.380680
184.339592
185.049977
186.745986
189.238912
191.812109
194.492653
197.239864
200.118503
203.335918
206.239184
209.198639
212.056327
215.251701
220.003673
224.948435
230.652063
231.525215
232.340499
233.133197
233.920091
234.696644
235.464943
236.280000
237.152381
238.121361
239.654422
240.898367
242.324444
243.354603
244.755034
245.888571
247.179683
248.542494
249.797460
250.532517
251.249932
251.962993
252.735238
253.360408
254.182177
254.865714
255.624898
256.320227
257.141769
257.899320
258.609932
259.378776
260.140000
260.822721
261.655102
262.499728
263.838367
264.920000
270.123537
274.408435
277.742177
280.650884
284.600317
288.369138
291.533424
294.220136
299.767347
304.455238
309.697778
311.693333
313.524127
315.502857
317.236190
319.025079
320.603696
322.249569
323.885397
324.546984
325.283492
325.972381
326.654671
327.284762
327.960952
328.640000
329.621633
330.108571
330.739048
331.425079
332.264580
332.827937
333.560000
334.245397
334.841905
335.882540
336.715556
337.436825
338.159048
338.941270
339.691565
340.534286
341.321361
342.245714
342.877007
343.666984
344.312063
345.320635
348.573605
351.309252
354.619728
357.824626
360.339683
363.182857
365.938413
369.371837
372.388844
