1.300136
4.008707
6.563764
8.605351
11.160000
13.729751
16.140000
18.711701
21.400952
23.725079
25.863175
28.454830
30.918730
33.078095
35.429932
37.608254
40.143265
42.503810
44.816508
47.316190
49.740317
52.352698
54.833651
57.361270
59.943492
62.697460
64.750476
67.338095
69.702222
72.170204
74.405034
76.897370
79.177506
83.569887
85.970159
88.234422
90.705941
92.879320
95.089070
97.486961
99.574059
101.743968
104.437188
106.743220
109.365624
110.975102
112.292925
113.714286
115.145896
116.675873
118.325850
119.585170
121.062630
122.536508
123.821361
125.231565
126.548571
127.785578
129.129660
130.662993
133.612154
135.946893
138.226757
140.590249
142.964898
145.405215
147.729070
150.355238
151.119955
151.578322
152.245805
152.791519
153.326349
153.953832
154.610431
155.092426
155.776281
156.356508
156.996735
157.564218
158.293469
158.682812
159.357483
160.014331
160.543673
161.120000
161.667846
162.360113
163.084671
163.720000
164.277551
164.870476
165.396327
166.080000
166.870930
167.768073
168.595964
169.479093
170.367982
171.325624
172.176372
172.914467
173.915374
174.780635
175.582449
176.505850
177.335102
178.271791
179.320680
180.538367
181.309977
184.945986
187.558912
189.860000
192.452653
194.899864
197.518503
200.475918
201.999184
205.520000
207.936327
210.751701
215.063673
221.548435
228.392063
229.285215
229.960499
230.693197
231.400091
232.076644
232.824943
233.540000
234.372381
234.980000
236.114422
237.318367
239.244444
240.454603
242.015034
243.328571
245.059683
246.162494
247.237460
248.672517
249.729932
250.662993
251.675238
252.540408
253.302177
254.265714
255.184898
255.880227
256.581769
257.239320
257.960000
258.698776
259.440000
260.142721
260.815102
261.579728
263.198367
265.262041
269.743537
272.868435
274.882177
277.350884
280.120317
283.189138
285.833424
288.600136
294.507347
303.515238
312.864444
314.244444
315.764127
317.042857
318.416190
319.785079
321.203696
322.389569
323.825397
324.566984
325.243492
326.072381
326.914671
327.544762
328.260952
328.980000
329.981633
330.608571
331.299048
332.005079
332.780000
333.427937
334.174603
334.865397
335.441905
336.462540
337.175556
337.896825
338.719048
339.181270
339.911565
340.574286
341.301361
342.045714
342.657007
343.446984
344.092063
346.860635
351.053605
353.489252
357.899728
362.304626
364.799683
367.162857
370.058413
373.351837
377.628844
