0.740136
3.608707
5.983764
8.505351
11.177642
14.089751
16.088345
18.831701
20.840952
23.165079
24.023175
25.280000
27.878730
30.018095
32.729932
35.068254
37.743265
40.123810
42.476508
44.676190
47.140000
49.772698
51.953651
54.341270
56.583492
59.117460
61.180000
63.478095
65.802222
68.260000
70.105034
72.717370
74.877506
79.589887
81.630159
83.854422
85.905941
88.273878
90.137914
91.906961
93.694059
95.123968
96.617188
98.003220
99.345624
100.819184
102.152925
103.414286
104.805896
106.093968
107.285850
108.425170
109.622630
110.696508
111.721361
112.771565
113.888571
115.025578
116.209660
117.802993
119.912154
121.806893
123.806757
125.810249
127.924898
129.925215
131.869070
134.395238
135.179955
135.838322
136.545805
137.231519
137.906349
138.633832
139.310431
139.992426
140.696281
141.396508
142.096735
142.804218
143.633469
144.342812
145.017483
145.674331
146.383673
147.124717
147.847846
148.580113
149.284671
150.033923
150.817551
151.530476
152.356327
153.186485
153.990930
154.848073
155.995964
156.759093
157.547982
158.425624
159.296372
159.980000
160.995374
161.800635
162.642449
163.565850
164.390204
165.071791
166.080680
167.079592
167.909977
169.505986
171.858912
173.832109
176.172653
178.559864
180.958503
183.955918
186.539184
189.518639
192.316327
195.240000
199.663673
204.768435
212.144127
212.965215
213.620499
214.320000
215.000091
215.636644
216.304943
216.940000
217.652381
218.421361
220.094422
221.518367
223.515556
225.174603
226.635034
228.200000
229.639683
231.142494
232.297460
233.252517
234.089932
234.762993
235.455238
236.120408
236.862177
237.545714
238.224898
238.940227
239.541769
240.179320
240.829932
241.540000
242.180000
242.802721
243.555102
244.079728
245.338367
247.502041
252.783537
256.248435
258.722177
261.290884
263.960317
266.629138
268.753424
271.140544
275.667347
280.775238
287.504444
288.944444
290.244127
291.482857
292.636190
293.945079
295.103696
296.269569
297.485397
298.186984
298.783492
299.592381
300.474671
301.064762
301.660952
302.468571
303.401633
303.988571
304.619048
305.325079
306.124580
306.727937
307.434603
308.065397
308.701905
309.702540
310.375556
311.036825
311.619048
312.161270
312.911565
313.354286
313.880000
314.465714
315.097007
315.806984
316.492063
320.260635
323.513605
325.289252
329.099728
332.440000
335.019683
337.222857
339.658413
342.891837
346.408844
