0.740136
3.768707
6.123764
8.825351
11.337642
13.889751
16.160000
18.771701
21.460952
23.985079
26.163175
28.754830
31.378730
33.578095
36.149932
38.788254
41.463265
43.963810
46.256508
48.656190
51.160317
53.492698
55.813651
58.221270
60.603492
63.017460
65.610476
67.818095
70.502222
72.250204
74.765034
77.637370
79.537506
82.889887
84.770159
86.494422
88.225941
89.779320
91.369070
92.946961
94.536236
95.963968
97.557188
99.163220
100.745624
102.099184
103.372925
104.554286
105.845896
107.253968
108.725850
109.865170
111.322630
112.536508
113.761361
115.051565
116.328571
117.565578
118.589660
120.382993
122.932154
125.306893
127.846757
130.270249
132.704898
134.985215
137.249070
139.935238
140.779955
141.358322
142.065805
142.751519
143.386349
144.013832
144.670431
145.272426
145.956281
146.576508
147.236735
147.784218
148.493469
149.142812
149.817483
150.434331
151.083673
151.760000
152.347846
153.000113
153.664671
154.393923
155.097551
155.750476
156.256327
156.980000
157.640000
158.360000
159.515964
160.359093
161.227982
162.225624
162.956372
163.594467
164.755374
165.620635
166.442449
167.525850
168.315102
168.971791
169.880680
170.719592
171.469977
172.925986
175.938912
178.652109
181.472653
184.219864
186.958503
190.115918
192.619184
194.818639
197.016327
200.011701
203.583673
207.748435
213.112063
213.845215
214.580499
215.313197
216.100091
216.856644
217.624943
218.340000
219.132381
219.961361
221.134422
222.318367
224.124444
225.614603
227.615034
228.628571
230.199683
231.322494
232.617460
233.695102
234.619592
235.462993
236.475238
237.120408
237.902177
238.605714
239.324898
240.180227
241.001769
241.819320
242.569932
243.378776
244.240000
244.942721
245.755102
246.479728
248.098367
250.162041
255.003537
259.028435
261.782177
264.710884
267.580317
270.389138
272.913424
275.280136
280.027347
284.415238
289.884444
291.824444
293.624127
295.482857
297.236190
299.120317
300.963696
302.759138
304.625397
305.406984
306.140000
306.860000
307.734671
308.424762
309.100952
309.848571
310.821633
311.428571
312.179048
312.885079
313.624580
314.267937
315.014603
315.745397
316.300000
317.462540
318.095556
318.716825
319.479048
319.981270
320.631565
321.354286
321.941361
322.625714
323.257007
323.926984
324.572063
327.580635
330.420000
331.669252
335.459728
338.184626
340.999683
344.442857
348.218413
352.179184
354.988844
