0.240136
3.388707
6.363764
9.365351
12.340000
15.888753
18.760000
21.951701
24.800952
27.365079
29.583175
32.054830
34.978730
37.318095
39.829932
42.488254
45.183265
47.887619
50.396508
52.776190
55.480317
58.212698
60.473651
62.621270
65.123492
67.917460
70.610476
73.038095
75.962222
78.730204
81.285034
84.117370
86.697506
90.969887
92.590159
94.854422
96.605941
98.539320
100.323492
101.966961
103.774059
105.543968
107.377188
109.063220
110.705624
112.239184
113.592925
114.994286
116.425896
117.813968
119.185850
120.605170
122.062630
123.336508
124.541361
125.751565
126.988571
128.345578
129.489660
131.742993
134.312154
136.786893
139.353515
141.950249
144.444898
146.845215
149.269070
152.435238
153.239955
153.958322
154.665805
155.331519
155.986349
156.693832
157.380000
158.052426
158.756281
159.456508
160.156735
160.864218
161.513469
162.202812
162.877483
163.534331
164.183673
164.864717
165.527846
166.200113
166.824671
167.553923
168.357551
169.110476
169.896327
170.846485
171.670930
172.588073
173.895964
174.919093
175.987982
177.245624
178.116372
179.094467
180.295374
181.480635
182.522449
183.845850
184.875102
185.671791
186.900680
188.359592
189.109977
190.965986
193.838912
196.732109
199.892653
202.919864
205.938503
209.175918
212.519184
216.018639
219.516327
223.111701
227.503673
233.448435
240.852063
241.665215
242.480499
243.253197
244.040091
244.796644
245.664943
246.440000
247.272381
248.100000
249.334422
250.518367
252.104444
253.214603
255.195034
256.537143
258.039683
259.162494
260.457460
261.317551
262.269932
263.162993
264.115238
264.920408
265.882177
266.565714
267.444898
268.300227
269.121769
269.899320
270.709932
271.478776
272.400000
273.122721
273.975102
274.839728
276.498367
279.182041
285.463537
289.308435
292.522177
295.950884
299.260317
303.229138
306.173424
308.920136
314.447347
320.575238
328.304444
329.904444
331.504127
333.082857
334.596190
336.205079
337.803696
339.189569
340.910794
341.746984
342.543492
343.572381
344.494671
345.184762
346.200952
347.088571
348.261633
349.122857
350.159048
350.965079
351.984580
352.727937
353.754603
354.485397
355.301905
356.742540
357.775556
358.876825
359.699048
360.761270
361.891565
362.834286
363.761361
364.825714
365.697007
366.686984
367.852063
370.320635
374.233605
376.769252
381.339728
385.664626
388.499683
391.182857
394.178413
397.211837
399.768844
