1.900136
4.500000
7.280000
9.425351
12.160000
14.529751
16.700000
18.800000
20.740000
22.725079
24.743175
26.614830
28.738730
30.778095
32.500000
34.388254
36.603265
38.743810
41.016508
42.620000
44.640317
46.892698
48.893651
51.261270
53.283492
55.497460
57.910476
59.638095
62.022222
63.810204
65.445034
67.637370
69.557506
74.869887
76.990159
79.194422
81.325941
83.399320
85.209070
87.286961
89.214059
91.223968
93.397188
95.423220
97.325624
98.819184
100.052925
101.474286
102.805896
104.173968
105.557551
106.865170
108.142630
109.456508
110.541361
111.671565
112.868571
114.025578
115.120000
117.182993
119.532154
121.786893
124.086757
126.490249
128.944898
131.165215
133.289070
135.695238
136.499955
137.078322
137.585805
138.271519
138.946349
139.473832
140.170431
140.752426
141.376281
142.076508
142.736735
143.424218
144.153469
144.742812
145.397483
145.954331
146.623673
147.284717
147.967846
148.660113
149.344671
149.840000
150.537551
151.190476
151.696327
152.606485
153.310930
154.188073
155.435964
156.299093
156.867982
157.645624
158.376372
158.954467
159.795374
160.460635
161.062449
161.705850
162.475102
163.131791
164.020680
164.759592
165.469977
167.045986
169.098912
171.132109
173.112653
175.219864
177.258503
179.735918
181.659184
183.918639
185.996327
188.240000
192.163673
198.508435
207.132063
207.905215
208.720499
209.473197
210.140091
210.716644
211.404943
212.100000
212.872381
213.521361
214.854422
215.638367
217.124444
218.074603
219.575034
220.468571
221.799683
222.762494
223.637460
224.725034
225.429932
226.122993
226.935238
227.560408
228.242177
228.925714
229.744898
230.440227
230.981769
231.639320
232.329932
233.038776
233.680000
234.402721
235.135102
235.760000
236.838367
238.862041
245.243537
249.188435
251.822177
255.090884
258.040317
261.049138
263.953424
266.640136
271.827347
280.155238
289.884444
291.304444
292.744127
294.182857
295.476190
296.925079
298.263696
299.629569
301.025397
301.666984
302.343492
303.112381
303.874671
304.504762
305.140952
305.820000
306.741633
307.348571
307.939048
308.625079
309.320000
310.007937
310.740000
311.245397
311.781905
312.682540
313.195556
313.916825
314.499048
314.921270
315.600000
316.154286
316.761361
317.345714
317.817007
318.506984
319.652063
322.560635
325.953605
328.709252
334.119728
338.664626
340.900000
342.942857
345.078413
347.631837
350.208844
