0.440136
3.468707
5.400000
7.685351
9.920000
13.069751
14.900000
17.391701
19.140000
21.085079
22.863175
24.754830
27.038730
29.098095
31.100000
32.948254
35.303265
37.783810
39.836508
42.236190
44.580317
46.912698
48.933651
51.201270
53.403492
56.317460
58.400000
60.818095
62.942222
65.640000
67.565034
70.097370
72.077506
76.449887
79.030159
81.194422
83.365941
85.508435
87.049070
89.106961
90.714059
92.623968
94.537188
96.303220
98.245624
99.879184
101.332925
102.834286
104.337687
105.969841
107.305850
108.645170
109.768934
111.313016
112.461361
113.671565
115.028571
116.345578
117.649660
119.542993
122.132154
123.906893
125.686757
127.470249
129.324898
130.965215
132.689070
135.195238
136.359955
137.078322
137.805805
138.491519
139.166349
139.873832
140.630431
141.352426
142.056281
142.756508
143.436735
144.104218
144.853469
145.562812
146.297483
146.994331
147.723673
148.464717
149.147846
150.020113
150.724671
151.453923
152.237551
153.080952
153.936327
154.906485
155.730930
156.768073
158.095964
159.119093
160.067982
161.105624
161.976372
162.814467
164.015374
164.920635
165.782449
166.745850
167.735102
168.551791
169.760680
170.659592
171.669977
174.465986
177.218912
179.452109
182.052653
184.099864
186.478503
188.755918
191.059184
193.478639
195.896327
198.500000
202.982041
208.628435
214.732063
215.525215
216.280499
217.073197
217.800091
218.536644
219.344943
220.080000
220.932381
221.760000
222.934422
224.098367
226.644444
228.254603
229.855034
232.128571
233.459683
234.662494
235.997460
236.892517
237.709932
238.422993
239.175238
239.860408
240.642177
241.405714
242.124898
242.820227
243.521769
244.259320
244.969932
245.718776
246.400000
247.122721
247.895102
248.699728
249.738367
251.642041
256.983537
261.728435
264.822177
268.274422
271.400317
275.129138
277.913424
280.300136
285.267347
290.075238
295.864444
297.724444
299.324127
300.988571
302.376190
303.885079
305.283696
306.629569
308.261587
309.226984
310.183492
311.052381
311.934671
312.924762
313.763810
314.628571
315.701633
316.468571
317.479048
318.285079
319.224580
320.107937
320.894603
321.770794
322.481905
323.762540
324.595556
325.276825
325.999048
326.781270
327.500000
328.214286
328.941361
329.665714
330.297007
331.146984
331.792063
334.380635
337.333605
339.509252
342.460000
345.464626
348.119683
350.722857
353.718413
357.231837
361.068844
