1.540136
4.488707
7.443764
10.145351
13.357642
16.229751
18.800000
21.491701
24.160952
26.665079
28.923175
31.314830
33.838730
35.898095
38.300000
40.660000
43.503265
45.903810
48.556508
50.916190
53.420317
56.232698
58.533651
61.101270
63.503492
66.137460
68.910476
71.198095
73.880000
75.910204
77.905034
80.497370
82.437506
87.649887
90.810159
94.214422
97.465941
100.239320
103.276054
106.406961
109.374059
112.923968
115.237188
118.823220
121.145624
122.939184
124.412925
126.014286
127.445896
129.033968
130.425850
131.785850
133.022630
134.216508
135.401361
136.591565
137.788571
138.985578
140.109660
141.462993
143.592154
145.566893
147.626757
149.710249
151.864898
153.945215
156.069070
158.195238
159.079955
159.918322
160.745805
161.611519
162.646349
163.473832
164.410431
165.292426
166.116281
166.936508
168.096735
168.964218
169.773469
170.782812
171.617483
172.314331
173.323673
174.104717
175.047846
175.740113
176.896054
177.973923
178.777551
179.490476
180.256327
181.166485
181.950930
182.700000
183.660000
184.579093
185.467982
186.305624
187.056372
187.894467
188.975374
189.860635
190.662449
191.565850
192.435102
193.091791
193.920680
194.719592
195.429977
196.385986
197.578912
197.840000
198.572653
199.259864
199.858503
200.615918
201.040000
201.900000
202.520000
203.180000
207.043673
211.088435
216.632063
217.505215
218.320499
219.153197
219.940091
220.696644
221.464943
222.260000
223.112381
223.881361
225.054422
226.238367
228.304444
229.910476
231.975034
233.068571
234.579683
235.462494
236.377460
237.412517
238.069932
238.762993
239.435238
240.080408
240.702177
241.305714
241.864898
242.560227
243.241769
243.959320
244.649932
245.378776
246.000000
246.642721
247.335102
248.059728
248.780000
250.582041
256.700000
259.888435
262.262177
265.150884
267.700317
270.909138
273.153424
275.520136
278.707347
285.435238
292.724444
294.764444
296.584127
298.642857
300.376190
302.385079
304.103696
305.889569
307.605397
308.386984
309.123492
309.932381
310.794671
311.584762
312.300952
313.088571
314.141633
314.768571
315.539048
316.265079
317.144580
317.887937
318.634603
319.445397
320.021905
321.082540
321.835556
322.516825
323.239048
323.761270
324.411565
325.114286
325.761361
326.405714
326.937007
327.626984
328.252063
329.420000
332.193605
334.109252
337.739728
341.404626
344.039683
346.582857
349.458413
352.511837
355.188844
