1.620136
4.308707
6.920000
9.205351
12.377642
14.049751
16.100000
18.331701
20.460952
22.645079
24.663175
26.774830
28.878730
30.818095
32.560000
34.408254
36.423265
38.603810
40.680000
42.696190
44.660317
46.912698
49.120000
50.961270
53.203492
55.437460
57.730476
59.318095
61.202222
63.150204
64.845034
67.237370
68.957506
73.709887
76.310159
78.454422
80.765941
82.999320
85.429070
87.686961
89.876236
92.043968
94.557188
96.603220
98.685624
100.199184
101.572925
103.054286
104.465896
105.853968
107.205850
108.525170
109.762630
111.009524
112.201361
113.371565
114.648571
115.885578
117.149660
118.842993
120.612154
122.360000
123.980000
125.630249
127.304898
128.905215
130.529070
132.595238
133.359955
133.978322
134.605805
135.211519
135.886349
136.593832
137.250431
137.852426
138.536281
139.196508
139.856735
140.564218
141.313469
141.862812
142.537483
143.194331
143.863673
144.504717
145.107846
145.800113
146.684671
147.353923
147.937551
148.630476
149.156327
150.126485
150.640000
151.340000
152.280000
152.960000
153.707982
154.385624
155.116372
155.854467
156.775374
157.540635
158.302449
159.045850
159.815102
160.471791
161.360680
162.139592
162.849977
164.545986
166.578912
168.572109
170.972653
172.859864
174.798503
176.615918
178.719184
180.558639
182.496327
184.371701
187.183673
191.548435
198.052063
198.945215
199.780499
200.613197
201.400091
202.176644
203.064943
203.860000
204.712381
205.601361
206.914422
208.058367
209.544444
210.683810
212.155034
213.288571
214.719365
215.782494
216.877460
217.992517
218.869524
219.602993
220.515238
221.180408
222.042177
222.745714
223.564898
224.260227
225.101769
225.939320
226.729932
227.518776
228.420000
229.222721
230.035102
230.939728
232.498367
234.622041
240.763537
243.568435
245.882177
248.650884
251.000317
253.709138
256.333424
258.700136
262.887347
267.655238
274.224444
275.884444
277.304127
278.722857
280.156190
281.705079
283.223696
284.609569
286.185397
286.926984
287.803492
288.712381
289.754671
290.604762
291.320952
292.108571
293.401633
294.148571
294.979048
295.865079
296.824580
297.747937
298.543810
299.365397
300.101905
301.522540
302.335556
303.056825
303.859048
304.361270
304.971565
305.694286
306.221361
307.165714
307.797007
308.526984
309.212063
311.620635
313.580000
314.949252
319.599728
322.704626
324.899683
326.980000
329.018413
331.651837
334.128844
