0.800136
3.528707
6.003764
8.325351
11.520000
13.309751
15.360000
17.571701
20.080952
22.125079
24.203175
26.614830
29.298730
30.918095
33.189932
34.968254
37.483265
39.643810
41.756508
43.736190
46.140317
48.132698
50.333651
52.401270
54.803492
57.037460
59.430476
61.298095
63.782222
65.830204
67.805034
70.377370
72.777506
76.989887
79.470159
81.794422
84.105941
86.779320
88.686984
91.466961
93.548118
95.783968
98.637188
100.703220
103.905624
106.259184
107.812925
109.591429
111.145896
113.033968
114.645850
115.985170
117.622630
118.936508
120.276327
121.811565
123.168571
124.845578
126.329660
128.242993
130.132154
131.866893
133.666757
135.550249
137.484898
139.225215
140.949070
143.875238
144.659955
145.438322
146.205805
146.931519
147.686349
148.393832
149.270431
150.092426
150.876281
151.676508
152.456735
153.284218
154.233469
154.922812
155.677483
156.414331
157.263673
158.084717
158.827846
159.740113
160.544671
161.373923
162.217551
163.090476
163.976327
164.846485
165.710930
166.708073
168.035964
169.059093
170.027982
171.065624
171.996372
172.834467
174.035374
175.020635
176.002449
177.225850
178.030204
179.123583
180.320680
181.119592
182.569977
184.525986
187.138912
189.152109
191.632653
194.139864
196.578503
199.335918
201.719184
204.358639
207.096327
210.251701
215.043673
221.428435
229.452063
230.205215
230.960499
231.693197
232.420091
233.136644
233.804943
234.520000
235.292381
236.061361
237.374422
238.598367
240.904444
242.254603
244.375034
246.328571
247.779683
248.962494
249.977460
250.912517
251.689932
252.462993
253.275238
254.020408
254.782177
255.585714
256.404898
257.300227
257.961769
258.679320
259.389932
260.058776
260.900000
261.582721
262.335102
263.120000
264.140000
265.842041
271.643537
275.548435
278.122177
280.630884
283.420317
286.069138
288.753424
291.680136
294.807347
302.395238
310.224444
312.048889
313.784127
315.642857
317.296190
319.185079
320.847392
322.329569
323.825397
324.646984
325.483492
326.412381
327.554671
328.379048
329.160952
330.148571
331.481633
332.268571
333.158095
334.085079
335.064580
335.927937
336.774603
337.705397
338.461905
339.862540
340.895556
341.936825
343.099048
343.961270
345.131565
346.114286
347.041361
348.465714
349.097007
350.266984
351.712063
355.020635
358.593605
360.549252
365.179728
369.024626
371.699683
374.182857
377.178413
380.523673
384.748844
