0.720136
3.328707
5.603764
7.665351
10.080000
12.269751
14.360000
16.631701
19.000000
21.185079
23.303175
25.794830
28.338730
30.178095
32.409932
34.228254
36.503265
38.763810
40.996508
42.716190
45.360317
47.352698
49.533651
51.961270
54.003492
56.617460
58.720000
60.678095
63.242222
65.100000
67.125034
69.357370
71.537506
76.049887
78.050159
80.734422
83.045941
85.334558
87.329070
89.606961
91.614059
93.483968
95.877188
98.003220
100.085624
102.019184
103.432925
104.954286
106.345896
107.913968
109.285850
110.625170
111.962630
113.256508
114.461361
115.791565
117.068571
118.385578
119.509660
121.262993
123.752154
125.466893
127.700000
129.870249
131.884898
133.885215
135.780000
138.166667
138.899955
139.478322
140.185805
140.711519
141.386349
142.093832
142.810431
143.472426
144.176281
144.876508
145.576735
146.344218
147.093469
147.842812
148.517483
149.174331
149.843673
150.524717
151.207846
152.180113
153.264671
153.880000
154.297551
154.940000
155.636327
156.466485
157.130930
157.988073
159.055964
159.739093
160.567982
161.385624
162.256372
162.994467
163.915374
164.800635
165.602449
166.525850
167.255102
167.951791
168.840680
169.839592
170.529977
172.225986
174.198912
176.472109
178.892653
181.279864
183.838503
186.315918
188.520000
190.738639
192.996327
195.680000
199.440000
204.828435
210.912063
211.745215
212.520499
213.333197
214.200091
214.976644
215.844943
216.600000
217.452381
218.281361
219.454422
220.578367
222.184444
223.274603
224.775034
225.748571
227.279683
228.402494
229.457460
230.192517
230.869932
231.522993
232.255238
232.900408
233.562177
234.245714
234.944898
235.680227
236.461769
237.199320
237.949932
238.698776
239.580000
240.322721
241.135102
241.919728
243.400000
245.160000
250.263537
253.308435
255.742177
258.550884
260.920317
263.569138
266.253424
268.780136
272.527347
278.855238
285.724444
287.544444
289.068254
290.762857
292.256190
293.805397
295.383696
296.769569
298.200000
298.846984
299.543492
300.252381
301.134671
301.784762
302.500952
303.208571
304.321633
304.948571
305.679048
306.345079
307.180000
307.827937
308.534603
309.160000
309.801905
310.902540
311.715556
312.436825
313.080000
313.761270
314.471565
315.134286
315.801361
316.548571
317.237007
318.026984
318.872063
321.360635
324.613605
326.549252
331.099728
333.764626
335.719683
338.002857
340.398413
343.791837
347.088844
