0.440000
2.948707
5.583764
7.865351
10.537642
12.949751
15.120000
17.431701
20.120000
21.785079
23.903175
26.134830
28.738730
30.258095
32.609932
34.728254
36.963265
39.043810
41.396508
43.316190
45.540000
47.652698
49.833651
51.841270
54.023492
56.117460
58.690476
60.258095
62.142222
63.890204
65.960000
68.040000
69.837506
74.679773
76.830159
79.394422
81.585941
83.657279
85.709070
87.606961
89.174059
90.843968
92.617188
94.183220
95.665624
97.699184
98.852925
100.314286
101.665896
103.133968
104.765850
105.865170
107.382630
108.536508
109.781361
111.191565
112.488571
113.885578
115.149660
117.062993
118.920000
120.706893
122.446757
124.230249
125.904898
127.545215
129.049070
131.155238
131.939955
132.618322
133.245805
133.851519
134.446349
135.153832
135.790431
136.452426
137.136281
137.756508
138.416735
139.084218
139.773469
140.400000
141.037483
141.620000
142.303673
142.924717
143.627846
144.240113
144.944671
145.653923
146.377551
147.070476
147.836327
148.686485
149.370930
150.128073
151.215964
151.979093
152.787982
153.465624
154.316372
155.034467
156.235374
157.120635
157.922449
158.825850
159.775102
160.531791
161.240680
162.039592
162.929977
164.285986
166.598912
168.772109
171.232653
173.419864
175.838503
178.375918
180.759184
183.098639
185.156327
187.951701
192.983673
197.368435
203.485397
204.365215
205.100499
205.853197
206.540091
207.216644
207.984943
208.660000
209.432381
210.101361
212.094014
213.878367
215.411111
216.867619
218.615034
220.248571
221.579683
222.802494
223.897460
225.112517
225.849932
226.542993
227.235238
227.900408
228.582177
229.265714
230.004898
230.700227
231.321769
232.059320
232.749932
233.498776
234.180000
234.902721
235.635102
236.359728
237.378367
238.942041
244.423537
248.188435
250.742177
253.770884
256.960317
259.949138
262.573424
265.260136
269.787347
276.495238
283.604444
285.308889
286.824127
288.462857
289.856190
291.465079
292.923696
294.249569
295.785397
296.346984
297.063492
297.712381
298.474671
299.024762
299.640952
300.320000
300.961633
301.548571
302.339048
302.885079
303.624580
304.200000
304.874603
305.445397
306.081905
306.962540
307.675556
308.220000
308.939048
309.541270
310.191565
310.914286
311.501361
312.265714
312.857007
313.586984
314.412063
317.580635
320.533605
322.589252
326.199728
329.984626
332.539683
334.922857
337.358413
340.071837
343.008844
