0.740136
3.568707
5.840000
8.305351
11.237642
13.129751
15.420000
17.711701
20.080000
22.405079
24.543175
26.834830
29.238730
31.418095
34.109932
36.488254
39.183265
41.443810
43.956508
46.276190
48.700317
51.052698
53.173651
55.701270
57.843492
60.337460
63.030476
65.138095
67.462222
69.950204
72.165034
74.397370
76.717506
80.629887
82.990159
85.054422
87.605941
89.579320
91.743492
93.526961
95.434059
97.183968
98.977188
100.683220
102.165624
103.659184
104.652925
105.934286
107.145896
108.453968
109.785850
110.935510
112.182630
113.576508
114.801361
116.091565
117.348571
118.560000
119.649660
121.322993
123.692154
125.806893
128.026757
130.290249
132.504898
134.625215
136.769070
139.215238
139.979955
140.518322
141.225805
141.891519
142.546349
143.253832
143.890431
144.532426
145.196281
145.876508
146.556735
147.264218
147.913469
148.582812
149.257483
149.894331
150.583673
151.244717
151.887846
152.500113
153.144671
153.873923
154.517551
155.130476
155.736327
156.606485
157.450930
158.340000
159.255964
160.059093
160.947982
161.905624
162.616372
163.394467
164.335374
165.100635
165.782449
166.665850
167.395102
168.011791
168.740680
169.340000
169.689977
171.165986
173.458912
175.720000
178.312653
180.519864
182.838503
185.375918
186.959184
189.598639
191.776327
194.331701
197.780000
200.948435
205.812063
206.545215
207.240499
207.993197
208.720091
209.436644
210.204943
210.880000
211.652381
212.441361
213.514422
214.438367
216.364444
217.694603
219.415034
220.548571
222.119683
223.102494
224.157460
225.212517
226.009932
226.822993
227.595238
228.200408
228.882177
229.545714
230.324898
230.800227
231.521769
232.259320
233.029932
233.798776
234.640000
235.342721
236.135102
236.840000
238.298367
240.622041
245.463537
248.688435
250.662177
253.030884
255.300317
257.549138
259.453424
260.880136
263.820000
266.695238
271.584444
273.266667
275.104127
276.942857
278.536190
280.365079
282.151088
283.709569
285.445397
286.246984
286.983492
287.812381
288.874671
289.584762
290.320952
291.108571
292.501633
293.137143
293.979048
294.745079
295.704580
296.447937
297.463810
298.165397
298.941905
300.202540
301.015556
301.636825
302.399048
303.081270
303.831565
304.494286
305.141361
305.785714
306.377007
307.106984
307.792063
309.740635
312.493605
313.040000
316.519728
319.624626
321.179683
323.962857
326.758413
329.971837
332.988844
