1.060136
3.808707
6.763764
9.205351
12.517642
14.629751
17.500000
19.551701
22.040952
24.505079
26.643175
29.114830
31.778730
33.960000
35.020000
36.968254
41.103265
43.663810
46.196508
48.376190
51.100000
53.292698
55.833651
58.101270
60.443492
63.077460
65.450476
67.838095
70.142222
72.760000
74.705034
77.177370
79.417506
84.489887
86.710159
88.574422
91.125941
93.579320
95.649070
98.066961
100.064354
102.103968
104.597188
106.803220
108.813107
110.779184
111.932925
113.094286
114.365896
115.873968
117.125850
118.305170
119.442630
120.776508
121.981361
123.191565
124.348571
125.545578
126.689660
128.662993
131.112154
133.486893
135.946757
138.490249
140.924898
143.245215
145.429070
147.835238
148.639955
149.398322
150.105805
150.731519
151.406349
152.113832
152.850431
153.552426
154.276281
154.976508
155.676735
156.384218
157.273469
157.962812
158.637483
159.294331
160.023673
160.704717
161.407846
162.240113
162.944671
163.673923
164.397551
165.110476
165.796327
166.586485
167.370930
168.268073
169.435964
169.999093
170.847982
171.865624
172.576372
173.220000
174.175374
175.060635
175.842449
176.725850
177.835102
178.611791
179.500680
180.619592
181.609660
185.925986
188.698912
191.052109
193.672653
196.319864
199.337007
202.635918
205.399184
208.358639
211.376327
214.911701
219.583673
225.668435
233.032063
233.905215
234.720499
235.473197
236.220091
237.016644
237.769887
238.540000
239.352381
240.181361
241.274422
242.938367
244.424444
245.703810
247.995034
249.760000
251.399683
252.360000
253.457460
254.392517
255.219864
256.042993
256.795238
257.480408
258.342177
259.025714
259.709796
260.480227
261.201769
261.919320
262.649932
263.398776
264.120000
264.882721
265.615102
266.319728
267.778367
270.162041
276.563537
280.048435
282.082177
284.570884
286.260317
288.789138
291.653424
294.320136
298.987347
307.935238
316.404444
318.044444
319.564127
321.002857
322.416190
323.905079
325.363696
326.769569
328.345397
328.986984
329.763492
330.500000
331.394671
331.944762
332.620952
333.340000
334.381633
334.968571
335.779048
336.505079
337.344580
337.987937
338.734603
339.425397
340.080000
341.302540
342.135556
342.856825
343.639048
344.361270
345.111565
345.834286
346.561361
347.345714
348.037007
348.986984
349.632063
353.000635
357.173605
359.189252
363.219728
367.864626
370.339683
372.742857
375.558413
379.011837
381.868844
