0.420000
2.808707
5.120000
7.005351
10.100000
11.769751
13.940000
16.231701
18.200952
20.105079
21.903175
24.140000
26.678730
28.518095
30.489932
32.408254
34.723265
36.603810
38.736508
40.576190
42.940000
45.012698
47.273651
49.321270
51.563492
53.917460
56.360000
58.098095
60.522222
62.610204
64.645034
66.837370
69.037506
73.509887
75.780317
77.714422
80.165941
82.179320
84.269070
86.546961
88.434059
90.583968
92.837188
94.723220
96.745624
98.299184
99.472925
100.894286
102.065896
103.453968
104.645850
105.785170
106.862630
107.896508
108.921361
110.011565
111.068571
112.125578
113.180000
114.942993
117.332154
119.686893
121.926757
124.310249
126.644898
128.985215
131.229070
134.015238
135.039955
135.798322
136.505805
137.231519
137.966349
138.713832
139.470431
140.252426
140.916281
141.616508
142.556735
143.264218
144.013469
144.702812
145.437483
146.214331
146.943673
147.784717
148.507846
149.280113
150.132698
150.973923
151.697551
152.410476
153.116327
153.966485
154.790930
155.688073
156.980000
157.939093
158.827982
159.785624
160.616372
161.394467
162.595374
163.640635
164.482449
165.485850
166.455102
167.111791
168.160680
169.019592
169.729977
171.085986
173.378912
175.552109
178.172653
180.959864
183.538503
186.575918
189.160000
191.858639
194.756327
197.991701
202.003673
206.468435
212.992063
213.705215
214.360499
215.093197
215.860091
216.556644
217.224943
217.900000
218.652381
219.420000
220.674422
221.678367
224.364444
225.454603
227.435170
228.648571
231.219683
232.240000
233.177460
234.212517
235.069932
235.762993
236.575238
237.360408
238.222177
238.925714
239.864898
240.560227
241.240000
241.899320
242.609932
243.298776
244.100000
244.762721
245.455102
246.100000
247.178367
248.982041
255.063537
259.868435
262.442177
265.210884
267.760317
271.789138
274.813424
277.620136
283.547347
288.795238
294.024444
295.204444
296.444127
297.542857
298.640000
299.705079
300.783696
301.989569
303.380000
303.926984
304.583492
305.472381
306.154671
306.924762
307.640952
308.280000
309.221633
309.848571
310.639048
311.365079
312.164580
312.747937
313.594603
314.285397
314.881905
315.922540
316.735556
317.440000
318.219048
318.961270
319.746259
320.494286
321.221361
321.905714
322.537007
323.346984
323.992063
326.720635
330.460000
332.249252
335.479728
339.044626
341.699683
344.162857
346.998413
350.311837
353.986122
