0.540000
3.268707
5.940000
8.525351
11.177642
14.189751
16.608345
19.491701
21.840000
24.125079
26.223175
28.514830
31.158730
33.458095
35.929932
38.728254
42.043265
43.963810
46.516508
48.596190
51.160000
53.612698
56.013651
58.301270
60.923492
63.217460
65.460000
67.538095
70.060000
72.670204
74.665034
77.217370
79.080000
83.109887
84.730159
86.114422
87.485941
88.819320
90.169070
91.426961
92.802177
94.183968
95.477188
96.823220
98.165624
99.499184
100.752925
101.994286
103.365896
104.753968
106.025850
107.165170
108.662630
109.816508
111.121361
112.431565
113.768571
115.025578
116.329660
118.022993
120.952154
123.406893
126.006757
128.530249
131.084898
133.455646
135.909070
138.615238
139.439955
140.338322
141.045805
141.731519
142.506349
143.433832
144.190431
144.912426
145.676281
146.436508
147.216735
148.144218
149.073469
149.802812
150.477483
151.154331
151.923673
152.744717
153.827846
154.520113
155.224671
155.973923
156.777551
157.570476
158.456327
159.426485
160.270930
161.408073
162.975964
163.999093
164.947982
165.945624
166.816372
167.654467
169.315374
170.300635
171.102449
172.085850
172.975102
173.751791
175.100680
175.998776
176.789977
178.445986
180.798912
182.992109
185.332653
187.839864
190.318503
193.535918
196.259184
199.558639
202.276327
205.260000
209.083673
213.688435
218.612063
219.385215
220.120499
220.933197
221.740091
222.516644
223.304943
224.080000
224.932381
225.781361
227.375374
228.638367
230.304444
231.474603
233.235034
234.328571
235.679683
236.922494
238.437460
239.172517
239.869932
240.622993
241.475238
242.220408
243.142177
243.845714
244.664898
245.360227
246.181769
246.899320
247.669932
248.340000
249.140000
249.882721
250.670204
251.559728
253.018367
255.042041
260.383537
263.568435
265.382177
267.610884
270.080317
272.729138
274.693424
276.720136
279.987347
284.075238
289.104444
290.286667
291.944127
293.242857
294.676190
296.245079
297.603696
298.889569
300.425397
301.306984
302.043492
302.992381
304.074671
304.844762
305.580952
306.348571
307.641633
308.388571
309.299048
310.005079
310.944580
311.787937
312.594603
313.285397
314.001905
315.402540
316.235556
316.996825
317.879048
318.601270
319.351565
320.214286
320.941361
321.625714
322.557007
323.286984
324.252063
327.480635
330.813605
332.089252
334.600000
336.984626
339.339683
341.422857
344.038413
347.031837
349.348844
