1.100136
4.248707
6.820000
9.285351
12.117642
14.629751
16.720000
19.451701
22.180952
24.715238
26.883175
29.654830
32.318730
34.698095
37.589932
40.168254
42.703265
45.343810
47.676508
50.076190
52.640317
55.072698
57.493651
59.881270
62.443492
64.857460
67.450476
69.598095
71.942222
74.570204
76.685034
79.177370
81.475011
85.069887
86.890159
88.574422
90.265941
91.839320
93.329070
94.886961
96.348118
97.703968
99.237188
100.783220
102.185624
103.639184
104.872925
106.194286
107.385896
108.913968
110.185850
111.405170
112.742630
114.196508
115.381361
116.831565
118.148571
119.445578
120.489660
122.442993
125.212154
127.766893
130.506757
133.230249
135.784898
138.210431
140.589070
143.375238
144.279955
144.898322
145.525805
146.211519
146.886349
147.593832
148.290431
148.892426
149.556281
150.236508
150.936735
151.624218
152.353469
152.982812
153.657483
154.314331
155.003673
155.684717
156.327846
157.040113
157.704671
158.353923
159.157551
159.870476
160.496327
161.200000
161.870930
162.548073
163.875964
164.759093
165.647982
166.605624
167.436372
168.254467
169.455374
170.260635
171.082449
172.105850
172.955102
173.611791
174.480680
175.539592
176.229977
177.905986
180.918912
183.612109
186.512653
189.439864
192.158503
195.135918
197.739184
199.998639
202.236327
205.351701
209.203673
212.748435
217.892063
218.625215
219.360499
220.173197
220.940000
221.656644
222.404943
223.160000
224.052381
224.801361
225.960000
227.098367
229.008889
230.954603
232.655034
233.688571
235.379683
236.542494
237.637460
238.952517
239.799320
240.802993
241.635238
242.380408
243.242177
243.945714
244.724898
245.520227
246.341769
247.119320
247.909932
248.738776
249.620000
250.282721
251.095102
251.819728
253.398367
255.642041
260.523537
265.248435
267.982177
271.270884
274.360317
277.009138
279.633424
283.200136
287.187347
291.475238
296.544444
298.664444
300.504127
302.468571
304.196190
306.305397
308.263696
310.099138
312.005397
312.786984
313.540000
314.312381
315.194671
315.904762
316.580952
317.248571
318.441633
319.068571
319.859048
320.565079
321.364580
322.087937
322.834603
323.465397
324.021905
325.182540
325.795556
326.420000
327.159048
327.681270
328.371565
329.034286
329.641361
330.265714
330.797007
331.486984
332.052063
333.600635
336.373605
338.309252
342.619728
346.764626
349.419683
352.242857
356.238413
359.951837
362.628844
