0.280136
3.408707
6.003764
8.645351
11.397642
14.449751
16.720000
19.411701
22.200952
24.645079
27.083175
29.594830
32.518730
35.138095
37.829932
40.128254
43.083265
45.663810
48.356508
50.556190
53.320317
55.972698
58.533651
60.921270
63.703492
66.017460
68.870476
70.678095
73.202222
76.110204
78.205034
80.757370
83.057506
86.329887
88.870159
91.174422
93.585941
95.972517
98.049070
100.446961
102.570295
104.803968
107.117188
109.443220
111.445624
113.378367
114.872925
116.234286
117.685896
119.133968
120.645850
121.905170
123.102630
124.289524
125.381361
126.591565
127.828571
128.945578
130.060000
131.622993
133.932154
135.966893
138.006757
140.190249
142.204898
144.205215
146.129070
148.495238
149.299955
150.018322
150.725805
151.411519
152.112698
152.895329
153.670431
154.372426
155.096281
155.796508
156.496735
157.344218
158.073469
158.902812
159.577483
160.234331
160.943673
161.764717
162.407846
163.260113
163.964671
164.693923
165.497551
166.050476
166.716327
167.806485
168.610930
169.188073
170.395964
171.419093
172.247982
173.220000
174.036372
174.854467
175.975374
176.840635
177.642449
178.585850
179.555102
180.451791
181.340680
182.219592
183.049977
184.725986
187.218912
189.640000
192.132653
194.459864
196.778503
199.935918
202.260000
205.198639
207.976327
211.020000
214.083673
218.428435
223.272063
224.025215
224.780499
225.573197
226.340091
227.136644
227.964943
228.580000
229.352381
230.101361
231.194422
232.578367
234.371111
235.774603
237.435034
238.905714
240.779683
242.062494
243.077460
244.232517
245.069932
245.982993
246.735238
247.380408
248.242177
248.965714
249.664898
250.360227
251.101769
251.859320
252.589932
253.358776
254.280000
255.002721
255.815102
256.579728
257.958367
260.242041
265.240000
269.308435
272.042177
275.081769
278.340317
280.989138
283.133424
285.240136
289.267347
291.335238
295.664444
297.333333
299.004127
300.645714
302.096190
303.725079
305.303696
306.749569
308.525397
309.386984
310.163492
311.092381
312.074671
312.804762
313.620952
314.480000
315.621633
316.248571
317.139048
317.905079
318.804580
319.607937
320.474603
321.225397
321.941905
323.262540
324.035556
324.676825
325.419048
326.061270
326.791565
327.454286
328.161361
328.965714
329.617007
330.346984
330.992063
332.920635
335.360000
337.049252
340.400000
342.884626
345.679683
348.202857
350.878413
353.851837
357.068844
