0.960136
4.048707
7.003764
9.365351
12.897642
15.309751
18.040000
20.711701
23.520952
26.405079
28.943175
31.774830
34.118730
36.318095
38.969932
41.148254
43.740000
45.863810
48.176508
50.156190
52.980317
54.892698
57.293651
59.541270
62.223492
64.277460
66.590476
68.418095
70.962222
72.930204
75.125034
77.500000
79.377506
83.508980
85.730159
87.414422
89.525941
91.239320
92.939773
94.966961
96.562177
98.323968
100.357188
102.263220
104.485624
106.439184
107.872925
109.534286
111.025896
112.553968
114.145850
115.565170
117.382630
118.816508
120.281361
121.911565
123.468571
124.965578
126.289660
128.262993
130.372154
132.306893
134.306757
136.570249
138.644898
140.640000
142.769070
145.255238
146.239955
146.958322
147.705805
148.391519
149.086349
149.893832
150.590431
151.312426
152.016281
152.736508
153.476735
154.184218
154.893469
155.642812
156.317483
156.994331
157.623673
158.304717
158.987846
159.660113
160.388027
161.193923
161.977551
162.590476
163.376327
164.226485
164.930930
165.608073
166.495964
167.299093
168.007982
168.785624
169.576372
170.234467
171.115374
171.840635
172.562449
173.405850
174.135102
175.011791
175.900680
176.799592
177.509977
180.745986
183.258912
185.512109
187.760000
190.139864
192.338503
195.075918
196.199184
198.818639
200.816327
202.560000
206.803673
214.348435
222.252063
223.265215
224.240499
225.113197
226.100091
226.916644
227.864943
228.720000
229.772381
230.541361
232.760952
233.998367
235.824444
236.914603
239.195034
240.571429
242.259683
243.482494
244.657460
245.572517
246.559864
247.422993
248.475238
249.200408
250.122177
250.945714
251.904898
252.780227
253.621769
254.519320
255.429932
256.318776
257.280000
258.062721
258.855102
259.639728
260.898367
262.922041
268.963537
273.848435
276.222177
279.330884
283.220317
286.129138
289.633424
292.020136
297.267347
304.275238
312.104444
313.448889
314.824127
316.162857
317.416190
318.825079
320.263696
321.489569
323.025397
323.766984
324.463492
325.232381
325.914671
326.564762
327.280952
327.920000
328.901633
329.568571
330.319048
331.005079
331.824580
332.387937
333.134603
333.825397
334.461905
335.842540
336.755556
337.356825
338.639048
339.461270
340.211565
341.334286
342.101361
343.011429
343.917007
344.786984
345.732063
348.100635
351.493605
354.089252
357.720000
361.924626
364.119683
366.442857
368.598413
372.451837
374.728844
