0.720136
3.688707
6.343764
8.565351
11.897642
13.809751
16.280000
18.551701
21.200952
23.820317
26.083175
28.694830
31.158730
33.518095
35.920000
38.248254
41.203265
43.343810
45.736508
47.976190
50.560000
53.052698
55.393651
57.701270
60.123492
62.577460
64.970476
67.098095
69.740000
72.030204
74.145034
76.497370
78.617506
82.689887
84.870159
87.514422
89.825941
91.957279
94.525351
96.606961
98.888118
101.183968
103.357188
105.663220
107.725624
109.359184
110.692925
112.034286
113.277687
114.733968
115.905850
117.285170
118.460000
119.536508
120.621361
121.691565
122.808571
123.985578
125.029660
126.882993
128.812154
130.700000
132.506757
134.410249
136.344898
138.185215
140.089070
142.435238
143.159955
143.738322
144.445805
145.051519
145.686349
146.393832
147.030431
147.672426
148.376281
149.016508
149.736735
150.444218
151.113469
151.862812
152.537483
153.134331
153.843673
154.544717
155.227846
155.940113
156.644671
157.373923
158.177551
158.890476
159.520000
160.360000
161.130930
162.008073
163.135964
163.999093
164.887982
165.805624
166.676372
167.254467
168.455374
169.340635
170.142449
171.045850
171.895102
172.631791
173.560680
174.399592
175.129977
177.965986
180.698912
182.872109
185.152653
187.579864
189.898503
192.515918
194.859184
197.478639
199.636327
202.031701
204.743673
208.648435
213.452063
214.145215
214.820000
215.513197
216.160000
216.776644
217.544943
218.160000
218.852381
219.541361
220.594422
221.838367
223.484444
225.174603
226.955034
228.188571
230.279683
231.482494
232.277460
233.132517
233.979728
234.782993
235.555238
236.280408
236.982177
237.705714
238.384898
239.120000
239.721769
240.339320
240.989932
241.658776
242.340000
242.922721
243.655102
244.240000
245.720000
247.762041
253.743537
257.868435
260.622177
263.550884
266.260317
270.009138
272.753424
275.240136
279.100000
283.515238
288.284444
289.964444
291.484127
293.122857
294.556190
296.245079
297.703696
299.069569
300.520000
301.186984
301.863492
302.460000
303.134671
303.764762
304.260952
304.960000
305.881633
306.368571
306.999048
307.645079
308.324580
308.747937
309.474603
310.065397
310.500000
311.442540
312.095556
312.700000
313.439048
313.981270
314.731565
315.394286
316.061361
316.705714
317.337007
318.066984
318.712063
321.000635
323.860000
325.049252
328.919728
331.440000
333.219683
335.762857
338.738413
342.051837
345.208844
