0.482857
1.195510
1.840000
2.531973
3.202993
3.985306
4.640000
5.340680
6.083265
6.814150
7.549388
8.293356
9.010794
9.737551
10.443810
11.201224
11.844286
12.604898
13.336871
13.875782
14.787755
15.515510
16.257279
16.983129
17.806395
18.492653
19.261088
19.971020
20.688980
21.433469
22.121361
22.894150
23.637959
24.355102
25.056327
25.777143
26.504626
27.239592
27.981361
28.695918
29.442041
30.114603
30.901995
31.580000
32.266349
32.991565
33.740408
34.488435
35.200000
35.879546
36.663129
37.435510
38.150884
38.872381
39.577596
40.377732
41.049478
41.787891
42.478639
43.189524
43.931156
44.584626
45.308707
46.071973
46.796054
47.274558
47.997415
48.760816
49.856508
50.661224
51.382313
52.124354
52.904082
53.680862
54.463673
55.249388
55.974286
56.695918
57.520000
58.269116
59.071882
59.789252
60.498821
61.254694
62.051565
62.746667
63.568707
64.340000
65.063265
65.839184
66.570748
67.331020
68.104354
68.870748
69.577959
70.315646
71.043175
71.796190
72.581769
73.355556
74.162449
74.852109
75.663265
76.424626
77.179048
77.957460
78.713469
79.480680
80.240952
80.935102
81.688254
82.540816
83.271020
84.018912
84.746531
85.529660
86.302993
87.107211
87.897551
88.654694
89.384898
90.142041
90.925306
91.617188
92.295646
93.059320
93.792109
94.514512
95.289932
95.954014
96.688481
97.406531
98.124127
99.003809
99.712245
100.465079
101.240045
102.011292
102.798095
103.573061
104.311746
105.033742
105.776190
106.524082
107.184082
108.109388
108.853469
109.632789
110.369660
111.116054
111.867619
112.666122
113.516372
114.354467
115.285442
116.155374
116.777143
117.612245
118.480816
119.259184
120.113061
120.893878
121.585397
122.518775
123.289388
124.109569
124.809342
125.664218
126.488980
127.280000
128.037143
128.865714
129.574014
130.380000
131.120272
131.952789
132.791429
133.789116
135.180000
136.402177
137.174694
138.067551
138.934694
139.960000
140.792064
141.925986
143.132336
144.051746
144.807256
145.733968
146.620000
147.713741
148.798073
149.910748
150.842177
151.890340
152.834513
154.259093
155.933560
156.882222
157.800000
158.852698
159.712608
160.607755
161.380000
162.332381
163.354263
164.282676
165.207007
165.967710
166.924082
167.793333
168.454694
169.520136
170.396599
171.372426
172.328798
173.565986
175.254966
176.017596
176.766440
177.584444
178.312971
179.038594
179.715510
180.553197
181.275918
182.026213
182.711111
183.465079
184.223356
185.027075
185.794898
186.558775
187.477551
188.127619
188.835102
189.522993
190.320907
191.071429
191.804127
192.522018
193.256326
193.981927
194.714014
195.460544
196.202494
196.934286
197.673696
198.460907
199.293333
200.259592
201.047438
201.787937
202.502313
203.264762
204.023175
204.804671
205.554399
206.295238
207.016825
207.764444
208.487347
209.202902
210.013061
210.753061
211.557846
212.277551
213.107755
213.853379
214.633832
215.341723
216.114399
216.851746
217.604218
218.456100
219.272336
220.216281
221.292698
223.306122
224.299002
225.151429
226.032245
226.974422
228.048980
229.038231
230.367347
232.149796
233.455102
234.444490
235.468571
236.587755
237.288163
238.226939
239.140000
240.228163
241.038413
241.828571
242.544898
243.294286
244.020408
244.743265
245.426531
246.194921
246.953469
247.688571
248.310476
249.118095
249.855102
250.640000
251.323674
251.993878
252.734286
253.431020
254.168254
254.820000
255.545306
256.226259
256.993061
257.725714
258.517143
259.248571
260.012653
260.724082
261.478367
262.100000
262.847755
263.591429
264.361905
265.074694
265.821224
266.565850
267.280000
268.011020
268.734286
269.460816
270.180408
270.862449
271.647347
272.362041
273.110204
273.831837
274.564082
275.276508
276.059184
276.799683
277.576190
278.325714
279.092653
279.813129
280.539615
281.318776
282.090794
282.869184
283.636735
284.376508
285.149660
285.850204
286.588571
287.294286
288.085714
288.758367
289.543674
290.258481
290.999388
291.738367
292.469796
293.265714
293.964490
294.686122
295.418367
296.192517
296.767755
297.457415
298.208390
299.052245
299.737143
300.499592
301.160816
302.010612
302.982449
303.900000
306.857551
