0.802857
1.575510
2.510204
3.251973
4.002993
4.745306
5.431655
6.160680
6.923265
7.654150
8.389388
9.133356
9.890794
10.597551
11.303810
12.061224
12.724286
13.444898
14.256871
14.995782
15.807755
16.555510
17.277279
18.003129
18.786395
19.472653
20.221088
20.951020
21.688980
22.433469
23.161361
23.954150
24.717959
25.415102
26.116327
26.957143
27.564626
28.279592
29.041361
29.835918
30.542041
31.214603
32.041995
32.722948
33.446349
34.191565
34.980408
35.728435
36.508707
37.279546
38.083129
38.855510
39.590884
40.332381
41.077596
41.817732
42.569478
43.307891
44.098639
44.849524
45.591156
46.204626
46.848707
47.711973
48.476054
49.154558
49.877415
50.680816
51.716508
52.541224
53.282313
54.044354
54.740000
55.420862
56.423673
57.180000
57.974286
58.700000
59.526667
60.309116
61.131882
61.909252
62.598821
63.394694
64.171565
64.986667
65.828707
66.682041
67.403265
68.199184
68.970748
69.731020
70.504354
71.250748
72.037959
72.815646
73.643175
74.456190
75.221769
75.995556
76.802449
77.532109
78.343265
79.104626
79.879048
80.657460
81.420000
82.160680
82.940952
83.715102
84.488254
85.240816
85.971020
86.778912
87.566531
88.349660
89.122993
89.887211
90.637551
91.354694
92.084898
92.802041
93.545306
94.257188
94.955646
95.679320
96.412109
97.174512
97.929932
98.674014
99.368481
100.146531
100.884127
101.543809
102.252245
102.985079
103.760045
104.511292
105.238095
105.993061
106.711746
107.473742
108.216190
109.024082
109.764082
110.649388
111.693469
112.472789
113.269660
114.056054
114.867619
115.606122
116.476372
117.314467
118.245442
119.235374
120.157143
120.972245
121.880816
122.659184
123.593061
124.473878
125.325397
126.258775
127.029388
127.909569
128.729342
129.484218
130.348980
131.162449
132.157143
132.925714
133.734014
134.526939
135.320272
136.252789
137.191429
138.509116
140.120000
141.242177
142.300000
143.407551
144.360000
145.482902
146.552064
147.845986
148.992336
150.151746
150.967256
152.293968
153.473968
154.633741
155.878073
157.050748
158.262177
159.470340
160.754513
162.259093
164.353560
165.342222
166.349206
167.512698
168.532608
169.627755
170.665714
171.712381
172.814263
173.842676
174.847007
175.967710
177.044082
178.113333
179.194694
180.340136
181.476599
182.600000
183.708798
184.705986
186.614966
187.377596
188.106440
189.204444
189.732971
190.598594
191.295510
192.073197
192.795918
193.566213
194.291111
195.025079
195.843356
196.627075
197.414898
198.158775
199.117551
199.807619
200.535102
201.222993
201.980907
202.731429
203.564127
204.322018
205.076326
205.865782
206.594014
207.340544
208.142494
208.914286
209.733696
210.640907
211.433333
212.479592
213.347438
214.227936
214.882313
215.664762
216.463175
217.224671
218.054399
218.835238
219.596825
220.464444
221.167347
221.902903
222.713061
223.473061
224.277846
224.977551
225.847755
226.573379
227.313832
228.181723
228.894399
229.611746
230.344218
231.196100
232.012336
232.996281
234.032698
236.226122
237.219002
238.131429
239.232245
240.274422
241.388980
242.538231
243.927347
245.409796
246.355102
247.320000
248.328571
249.327755
250.348163
251.446939
252.729796
253.740000
254.658413
256.188571
256.884898
257.694286
258.500408
259.243265
260.006531
260.794921
261.593469
262.308571
263.030476
263.838095
264.595102
265.480000
266.583674
267.013878
267.734286
268.431020
269.248254
269.964898
270.745306
271.506259
272.233061
273.085714
273.857143
274.588571
275.452653
276.284082
277.038367
277.817551
278.527755
279.291429
280.021905
280.774694
281.581224
282.365850
283.131020
283.871020
284.694286
285.520816
286.260408
287.022449
287.816735
288.962041
289.690204
290.391837
291.024082
291.756508
292.479184
293.259682
294.036191
294.825714
295.552653
296.393129
297.159615
297.938776
298.690794
299.469184
300.176735
300.936508
301.689660
302.410204
303.168571
303.894286
304.625714
305.338367
306.123673
306.898481
307.679388
308.458367
309.209796
310.125714
310.864490
311.646122
312.456735
313.192517
313.807755
314.737415
315.688390
316.712245
317.737143
318.799592
319.660816
320.510612
321.482449
322.821995
326.077551
