0.402857
0.955510
1.710204
2.331973
3.042993
3.745306
4.491655
5.100680
5.820000
6.514150
7.169388
7.933356
8.630794
9.277551
9.983810
10.701224
11.244286
12.044898
12.776871
13.460000
14.227755
14.855510
15.557279
16.263129
17.026395
17.612653
18.301088
18.991020
19.708980
20.353469
21.081361
21.774150
22.440000
23.095102
23.776327
24.497143
25.084626
25.799592
26.420000
27.075918
27.742041
28.414603
29.101995
29.782948
30.446349
31.171565
31.920408
32.668435
33.448707
34.219546
34.923129
35.575510
36.250884
36.972381
37.597596
38.337732
38.989478
39.640000
40.298639
41.009524
41.651156
42.324626
43.008707
43.711973
44.396054
45.074558
45.777415
46.460816
47.396508
48.160000
48.782313
49.484354
50.184082
50.960862
51.703673
52.309388
53.114286
53.900000
54.586667
55.309116
56.071882
56.809252
57.438821
58.154694
58.840000
59.546667
60.408707
61.120000
61.783265
62.399184
63.050748
63.811020
64.584354
65.350748
65.957959
66.655646
67.323175
68.116190
68.801769
69.435556
70.182449
70.892109
71.603265
72.244626
72.959048
73.677460
74.293469
75.000680
75.680952
76.400000
77.088254
77.820816
78.571020
79.160000
79.826531
80.509660
81.302993
82.080000
82.720000
83.354694
83.984898
84.642041
85.345306
86.077188
86.675646
87.299320
88.012109
88.714512
89.389932
90.020000
90.608481
91.240000
91.964127
92.783809
93.472245
94.165079
94.840000
95.551293
96.218095
96.933061
97.631746
98.313741
99.040000
99.760000
100.160000
101.029388
101.893469
102.632789
103.349660
104.036054
104.720000
105.506122
106.336372
107.074467
107.945442
108.840000
109.657143
110.532245
111.260816
112.079184
112.993061
114.113878
115.165397
116.138775
116.977551
117.909569
118.809342
119.584218
120.448980
121.242449
122.017143
122.725714
123.554014
124.266939
125.060272
125.920000
126.791429
127.929116
129.720000
130.962177
131.920000
133.007551
134.114694
135.282902
136.212063
137.465986
138.532336
139.691746
140.500000
141.673968
142.833968
143.873741
144.918073
145.930748
147.222177
148.410340
149.434513
150.959093
152.913560
153.982222
155.040000
156.152698
157.072608
158.087755
159.085714
160.132381
161.214263
162.182676
163.207007
164.307710
165.344082
166.353333
167.354694
168.360136
169.416599
170.392426
171.448798
172.625986
174.954966
175.777596
176.366440
177.084444
177.752971
178.400000
179.095510
179.793197
180.415918
181.086213
181.811111
182.505079
183.240000
183.947075
184.640000
185.338775
186.077551
186.687619
187.315102
188.002993
188.740907
189.391429
190.004127
190.682018
191.316326
191.901927
192.594014
193.300544
193.982494
194.714286
195.453696
196.060000
196.833333
197.779592
198.427438
199.127937
199.782313
200.464762
201.063175
201.784671
202.480000
203.115238
203.796825
204.544444
205.140000
205.742903
206.513061
207.213061
208.017846
208.637551
209.407755
210.153379
210.833832
211.481723
212.234399
212.791746
213.464218
214.176100
214.932336
215.856281
216.952698
219.486122
220.379002
221.231429
222.292245
223.354422
224.488980
225.418231
226.827347
228.229796
229.475102
230.664490
231.588571
232.707755
233.748163
234.966939
236.209796
237.428163
238.498413
239.868571
240.524898
241.314286
242.060408
242.703265
243.466531
244.194921
244.893469
245.508571
246.270476
246.958095
247.695102
248.480000
249.143674
249.773878
250.454286
251.131020
251.768254
252.484898
253.105306
253.766258
254.513061
255.245714
255.957143
256.648571
257.352653
258.044082
258.798367
259.537551
260.267755
260.971429
261.641905
262.374694
263.141224
263.865850
264.631020
265.411020
266.134286
266.820816
267.520408
268.202449
268.907347
269.622041
270.330204
271.051837
271.784082
272.516508
273.199184
273.899682
274.636190
275.365714
276.092653
276.773129
277.499615
278.198776
278.930794
279.649184
280.416735
281.136508
281.769660
282.470204
283.128571
283.774286
284.465714
285.098367
285.803674
286.478481
287.199388
287.918367
288.609796
289.425714
290.084490
290.806122
291.498367
292.192517
292.767755
293.540000
294.308390
295.072245
295.857143
296.759592
297.480816
298.310612
299.200000
300.121995
303.077551
