0.242857
0.915510
1.670204
2.411973
3.222993
3.965306
4.751655
5.480680
6.243265
6.974150
7.749388
8.533356
9.250794
9.957551
10.683810
11.421224
12.184286
12.944898
13.696871
14.395782
15.167755
15.955510
16.697279
17.423129
18.186395
18.892653
19.641088
20.371020
21.108980
21.813469
22.541361
23.274150
24.107755
24.835102
25.576327
26.300000
27.024626
27.759592
28.501361
29.275918
30.042041
30.754603
31.541995
32.302948
32.986349
33.731565
34.500408
35.248435
36.028707
36.719546
37.563129
38.335510
39.030884
39.772381
40.537596
41.277732
42.069478
42.807891
43.518639
44.329524
45.091156
45.764626
46.528707
47.311973
48.036054
48.614558
49.377415
50.180816
51.276508
52.061224
52.742313
53.504354
54.304082
55.080862
56.043673
56.949388
57.674286
58.475918
59.246667
60.049116
60.851882
61.609252
62.318821
63.134694
63.971565
64.826667
65.668707
66.420000
67.200000
67.939184
68.710748
69.491020
70.264354
71.050748
71.817959
72.515646
73.283175
74.016190
74.821769
75.535556
76.342449
77.012109
77.783265
78.544626
79.359048
80.137460
80.913469
81.720680
82.480952
83.295102
84.068254
84.840816
85.551020
86.338912
87.146531
87.949660
88.742993
89.547211
90.337551
91.074694
91.804898
92.522041
93.305306
93.997188
94.695646
95.459320
96.252109
97.054512
97.829932
98.554014
99.248481
100.006531
100.824127
101.663809
102.412245
103.145079
103.920045
104.671293
105.438095
106.253061
107.011746
107.753742
108.596190
109.364082
110.124082
111.000000
112.073469
112.852789
113.669660
114.536054
115.307619
115.880000
116.716372
117.554467
118.485442
119.475374
120.377143
121.212245
122.080816
122.939184
123.813061
124.653878
125.445397
126.438775
127.209388
128.089569
128.749342
129.544218
130.268980
131.002449
131.857143
132.605714
133.314014
134.120000
134.900272
135.772789
136.651429
137.729116
139.147347
140.282177
141.394694
142.567551
143.674694
144.842902
146.032063
147.445986
148.732336
149.891746
150.987256
152.313968
153.693968
154.913741
156.098073
157.310748
158.482177
159.560000
160.694513
162.099093
163.873560
164.822222
165.889206
167.112698
168.092608
169.107755
170.185714
171.252381
172.314263
173.302676
174.347007
175.467710
176.484082
177.513333
178.514694
179.660136
180.616599
181.672426
182.660000
183.785986
185.334966
186.177596
186.866440
187.624444
188.392971
189.138594
189.895510
190.593197
191.315918
192.106213
192.831111
193.545079
194.343356
195.107075
195.914898
196.658775
197.577551
198.267619
198.995102
199.722993
200.480907
201.251429
202.020000
202.762018
203.476326
204.201927
204.934014
205.700544
206.442494
207.234286
207.973696
208.740907
209.493333
210.359592
211.127438
211.947936
212.662313
213.429524
214.203175
215.004671
215.854399
216.575238
217.276825
218.024444
218.727347
219.522903
220.293061
221.133061
221.957846
222.757551
223.627755
224.453379
225.193832
225.901723
226.634399
227.411746
228.124218
228.976100
229.812336
230.696281
231.672698
234.046122
235.099002
236.271429
237.172245
238.154422
239.708980
240.938231
242.547347
244.109796
245.455102
247.344490
248.588571
249.867755
251.028163
252.406939
254.249796
255.888163
256.938413
257.928571
258.624898
259.374286
260.100408
260.863265
261.626531
262.394921
263.093469
263.848571
264.530476
265.278095
266.035102
266.840000
267.623674
268.333878
269.074286
269.811020
270.568254
271.284898
271.985306
272.726259
273.493061
274.305714
275.037143
275.768571
276.532653
277.284082
278.058367
278.817551
279.587755
280.331429
281.141905
281.814694
282.641224
283.385850
284.151020
284.891020
285.694286
286.480816
287.220408
287.942449
288.727347
289.482041
290.250204
291.091837
291.824082
292.616508
293.359184
294.179683
294.976191
295.765714
296.492653
297.333129
298.059615
298.878776
299.650794
300.449184
301.216735
302.016508
302.769660
303.510204
304.268571
304.994286
305.785714
306.478367
307.243673
307.998481
308.779388
309.558367
310.289796
311.125714
312.004490
312.806122
313.598367
314.332517
314.907755
315.797415
316.688390
317.572245
318.357143
319.359592
320.140816
321.010612
321.982449
323.461995
326.497551
