2.542857
3.275510
4.050204
4.791973
5.582993
6.465306
7.191655
7.900680
8.663265
9.422449
10.189388
10.973356
11.690794
12.357551
13.163810
13.881224
14.544286
15.344898
16.196871
16.935782
17.707755
18.375510
19.117279
19.843129
20.666395
21.412653
22.161088
22.871020
23.628980
24.373469
25.101361
25.894150
26.657959
27.355102
28.076327
28.937143
29.580000
30.299592
31.081361
31.795918
32.482041
33.214603
33.961995
34.702948
35.446349
36.171565
36.920408
37.668435
38.468707
39.239546
40.003129
40.755510
41.490884
42.232381
42.977596
43.737732
44.469478
45.207891
45.878639
46.649524
47.411156
48.064626
48.788707
49.571973
50.276054
51.054558
51.817415
52.620816
53.576508
54.381224
55.102313
55.764354
56.604082
57.320862
58.103673
58.949388
59.654286
60.475918
61.240000
62.009116
62.791882
63.509252
64.278821
65.074694
65.811565
66.646667
67.508707
68.402041
69.063265
69.799184
70.590748
71.371020
72.164354
72.910748
73.657959
74.375646
75.183175
75.996190
76.801769
77.575556
78.402449
79.092109
79.843265
80.644626
81.419048
82.197460
82.953469
83.740680
84.540952
85.315102
86.108254
86.880816
87.631020
88.418912
89.166531
89.969660
90.822993
91.627211
92.437551
93.234694
93.944898
94.662041
95.425306
96.177188
96.875646
97.699320
98.432109
99.174512
99.969932
100.694014
101.448481
102.146531
102.944127
103.723809
104.492245
105.205079
105.980045
106.771293
107.518095
108.333061
109.071746
109.833742
110.656190
111.444082
112.124082
112.860000
113.753469
114.572789
115.389660
116.176054
116.967619
117.746122
118.476372
119.314467
120.165442
121.135374
122.037143
122.961225
123.860816
124.739184
125.693061
126.553878
127.165397
128.158775
128.929388
129.789569
130.609342
131.404218
132.248980
133.022449
133.857143
134.625714
135.434014
136.266939
137.040272
137.892789
138.831429
140.349116
141.340000
142.742177
143.814694
144.947551
146.054694
147.262902
148.332064
149.645986
150.792336
152.051746
153.147256
154.373968
155.593968
156.733742
158.038073
159.270748
160.582177
161.830340
163.074513
164.839093
166.793560
167.942222
169.069206
170.452698
171.412608
172.567755
173.585714
174.492381
175.894263
177.142676
178.227007
179.427710
180.568571
181.773333
182.834694
184.260136
185.356599
186.492426
187.628798
188.965986
190.954966
191.717596
192.206440
192.944444
194.052971
194.778594
195.615510
196.353197
197.075918
197.826213
198.591111
199.345079
200.103356
200.947075
201.714898
202.538775
203.397551
204.127619
204.895102
205.622993
206.420907
207.191429
207.944127
208.662018
209.396326
210.161927
210.894014
211.660544
212.402494
213.174286
213.913696
214.680907
215.473333
216.599592
217.387438
218.207936
218.922313
219.744762
220.503175
221.304671
222.074399
222.795238
223.536825
224.344444
225.107347
225.862903
226.673061
227.533061
228.437846
229.137551
229.987755
230.793379
231.613832
232.381723
233.194399
233.971746
234.744218
235.576100
236.412336
237.376281
238.492698
240.566122
241.559002
242.411429
243.212245
244.554422
245.648980
246.458231
247.867347
249.349796
250.855102
252.144490
253.188571
254.487755
255.628163
256.926939
258.329796
259.888163
260.918413
262.388571
263.164898
264.074286
264.840408
265.703265
266.466531
267.274921
268.073469
268.888571
269.650476
270.478095
271.255102
272.140000
273.023674
273.713878
274.474286
275.171020
276.008254
276.724898
277.485306
278.186259
279.013061
279.845714
280.657143
281.428571
282.212653
283.044082
283.818367
284.657551
285.447755
286.291429
287.061905
287.894694
288.721225
289.565850
290.351020
291.122041
291.954286
292.740816
293.520408
294.262449
295.047347
295.822041
296.610204
297.411837
298.204082
298.936508
299.759184
300.519682
301.336190
302.085714
302.872653
303.653129
304.419615
305.278775
306.030794
306.789184
307.596735
308.396508
309.189660
309.890204
310.808571
311.414286
312.185714
312.898367
313.723674
314.458481
315.219388
316.018367
316.769796
317.665714
318.364490
319.126122
319.938367
320.632517
321.207755
321.957415
322.788390
323.632245
324.417143
325.219592
325.980816
326.830612
327.582449
328.881995
331.560000
