0.422857
1.155510
1.910204
2.491973
3.022993
3.660000
4.271655
4.980680
5.663265
6.274150
6.889388
7.633356
8.290794
8.757551
9.423810
10.141224
10.684286
11.324898
11.956871
12.615782
13.300000
13.895510
14.497279
15.123129
15.786395
16.040000
16.060000
16.060000
16.060000
16.100000
16.140000
16.160000
16.200000
16.455102
16.680000
17.097143
17.640000
17.980000
18.160000
18.415918
19.020000
19.240000
19.541995
19.620000
19.786349
20.211565
20.400000
20.400000
20.400000
20.400000
20.803129
21.475510
22.090884
22.752381
23.397596
24.057732
24.689478
25.367891
25.958639
26.609524
27.271156
27.884626
28.508707
29.211973
29.856054
30.514558
30.797415
31.540816
32.636508
33.340000
33.942313
34.724354
35.384082
36.120862
36.960000
37.729388
38.394286
39.175918
39.886667
40.629116
41.351882
42.109252
42.678821
43.434694
44.171565
44.880000
45.588707
46.340000
46.963265
47.719184
48.370748
49.051020
49.784354
50.410748
51.177959
51.955646
52.623175
53.436190
54.160000
54.835556
55.582449
56.112109
56.863265
57.484626
58.199048
58.897460
59.573469
60.360680
61.020952
61.575102
62.308254
63.000816
63.731020
64.438912
65.106531
65.789660
66.582993
67.347211
68.017551
68.754694
69.404898
70.122041
70.800000
71.457188
72.075646
72.739320
73.472109
74.154512
74.849932
75.514014
76.148481
76.846531
77.524127
78.160000
78.812245
79.525079
80.180045
80.831293
81.538095
82.253061
82.891746
83.593741
84.336191
84.984082
85.644082
86.229388
86.933469
87.572789
88.369660
88.976054
89.647619
90.320000
91.036372
91.834467
92.465442
93.255374
94.097143
94.932245
95.680816
96.559184
97.233061
98.073878
98.685397
99.558775
100.169388
100.769569
101.429342
102.064218
102.908980
103.600000
104.277143
104.965714
105.674014
106.306939
107.020000
107.832789
108.651429
109.280000
109.500000
110.662177
110.814694
111.687551
112.274694
112.660000
112.720000
112.740000
112.812336
112.900000
112.900000
113.313968
113.993968
114.120000
114.260000
114.280000
114.280000
114.340000
114.400000
114.479093
115.413560
115.480000
115.480000
115.540000
115.600000
115.720000
115.740000
116.440000
116.894263
117.542676
118.107007
119.047710
119.904082
120.493333
121.140000
121.840000
122.576599
123.272426
124.220000
124.705986
125.474966
125.997596
126.726440
127.464444
128.192971
128.718594
129.340000
130.033197
130.635918
131.306213
131.951111
132.685079
133.343356
134.027075
134.734898
135.360000
136.097551
136.787619
137.240000
137.922993
138.620907
139.291429
140.024127
140.602018
141.256326
141.961927
142.554014
143.160544
143.902494
144.574286
145.233696
145.880000
146.313333
147.499592
148.207438
148.867937
149.500000
150.084762
150.763175
151.444671
152.174399
152.795238
153.496825
154.204444
154.800000
155.462903
156.180000
156.873061
157.577846
158.177551
158.847755
159.606757
160.333832
160.941723
161.594399
162.291746
162.944218
163.636100
164.472336
165.276281
166.192698
167.946122
168.799002
169.511429
170.312245
171.294422
172.208980
173.238231
174.387347
175.769796
176.575102
177.480000
178.088571
179.207755
180.308163
181.506939
182.749796
184.088163
185.218413
186.728571
187.284898
188.074286
188.800408
189.483265
190.106531
190.854921
191.613469
192.288571
193.050476
193.658095
194.380000
195.180000
195.663674
196.313878
197.014286
197.671020
198.308254
198.964898
199.605306
200.280000
200.973061
201.685714
202.277143
202.760000
202.760000
202.780000
202.798367
202.840000
202.840000
202.840000
202.840000
202.840000
202.840000
202.840000
202.840000
202.840000
202.880000
203.240000
203.420000
203.442449
203.580000
203.782041
204.270204
204.400000
204.924082
205.616508
206.199184
206.919682
207.520000
208.125714
208.772653
209.373129
209.999615
210.618776
211.230794
211.789184
212.516735
212.996508
213.669660
214.270204
214.828571
215.354286
215.905714
216.458367
217.103673
217.678481
218.299388
218.858367
219.509796
220.145714
220.804490
221.346122
221.998367
222.400000
222.880000
223.477415
224.048390
224.660000
225.117143
225.679592
226.380816
226.740000
226.802449
227.841995
230.497551
