2.002857
2.735510
3.470204
4.211973
4.962993
5.765306
6.491655
7.200680
7.943265
8.674150
9.369388
10.173356
10.890794
11.617551
12.343810
13.081224
13.824286
14.584898
15.396871
16.095782
16.927755
17.655510
18.377279
19.103129
19.906395
20.612653
21.341088
22.071020
22.808980
23.573469
24.241361
25.094150
25.817959
26.515102
27.292653
28.057143
28.824626
29.619592
30.401361
31.115918
31.842041
32.594603
33.381995
34.062948
34.926349
35.671565
36.520408
37.328435
38.108707
38.879546
39.603129
40.375510
41.130884
41.872381
42.617596
43.417732
44.189478
44.927891
45.638639
46.409524
47.191156
47.924626
48.668707
49.451973
50.196054
50.954558
51.637415
52.320816
53.396508
54.181224
54.942313
55.724354
56.604082
57.380862
58.203673
59.049388
59.794286
60.595918
61.426667
62.229116
63.031882
63.849252
64.658821
65.474694
66.311565
67.146667
67.928707
68.682041
69.483265
70.279184
71.090748
71.871020
72.644354
73.450748
74.217959
74.975646
75.763175
76.636190
77.501769
78.295556
79.182449
79.892109
80.703265
81.484626
82.299048
83.137460
83.913469
84.740680
85.560952
86.315102
87.108254
87.960816
88.711020
89.498912
90.286531
91.089660
91.882993
92.687211
93.477551
94.234694
94.944898
95.662041
96.425306
97.077188
97.875646
98.639320
99.372109
100.274512
101.049932
101.774014
102.428481
103.306531
103.964127
104.763809
105.592245
106.585079
107.180045
107.991293
108.778095
109.573061
110.351746
111.133741
111.896191
112.744082
113.504082
114.249388
115.233469
116.012789
116.829660
117.636054
118.447619
119.246122
119.900000
120.734467
121.665442
122.655374
123.577143
124.661225
125.560816
126.439184
127.353061
128.313878
129.285397
130.418775
131.189388
132.129569
133.029342
133.884218
134.808980
135.622449
136.517143
137.405714
138.194014
139.046939
139.940272
140.852789
141.711429
142.760000
144.140000
145.382177
146.534694
147.587551
148.714694
149.922902
150.992064
152.285986
153.452336
154.591746
155.827256
157.193968
158.493968
159.753741
161.058073
162.290748
163.722177
164.930340
166.214513
167.679093
170.013560
171.022222
172.049206
172.972698
173.960000
174.747755
175.485714
176.440000
177.474263
178.282676
179.147007
180.047710
181.064082
181.953333
182.794694
183.640136
184.576599
185.572426
186.588798
187.165986
189.454966
190.437596
191.166440
192.044444
192.792971
193.558594
194.355510
195.113197
195.815918
196.586213
197.331111
198.145079
198.923356
199.707075
200.534898
201.298776
202.117551
202.787619
203.555102
204.302993
205.060907
205.811429
206.544127
207.282018
208.016326
208.721927
209.434014
210.240544
210.982494
211.814286
212.553696
213.340907
214.173333
214.959592
215.747438
216.647936
217.342313
218.124762
218.843175
219.684671
220.414399
221.195238
221.956825
222.744444
223.467347
224.282903
225.173061
225.952245
226.817846
227.637551
228.487755
229.366757
230.153832
231.046894
231.914399
232.571746
233.304218
234.136100
234.952336
235.896281
236.452698
238.086122
239.079002
240.191429
241.312245
242.534422
243.648980
244.718231
246.187347
247.389796
248.695102
249.564490
250.588571
251.667755
252.728163
254.026939
255.429796
256.828163
257.838413
259.408571
260.124898
260.954286
261.720408
262.503265
263.306531
264.174921
264.933469
265.668571
266.430476
267.258095
268.095102
268.980000
269.783674
270.473878
271.354286
272.031020
272.848254
273.564898
274.345306
275.126259
275.893061
276.785714
277.537143
278.368571
279.132653
280.004082
280.818367
281.697551
282.467755
283.231429
284.101905
284.914694
285.741224
286.525850
287.411020
288.231020
289.074286
289.940816
290.760408
291.542449
292.347347
293.162041
294.010204
294.771837
295.704082
296.516508
297.299184
298.139682
298.916191
299.805714
300.632653
301.573129
302.339614
303.198776
303.990794
304.929184
305.696735
306.536508
307.409660
308.110204
308.988571
309.774286
310.625714
311.418367
312.263673
313.098481
313.899388
314.738367
315.489796
316.385714
317.264490
318.006122
318.778367
319.592517
320.207755
321.057415
322.028390
322.912245
323.777143
324.619592
325.380816
326.230612
327.162449
328.501995
331.577551
