0.902857
1.515510
2.250204
2.971973
3.722993
4.485306
5.251655
5.960680
6.703265
7.434150
8.249388
8.993356
9.710794
10.417551
11.123810
11.861224
12.604286
13.344898
14.096871
14.835782
15.627755
16.355510
17.137279
17.863129
18.626395
19.332653
20.081088
20.811020
21.548980
22.293469
23.021361
23.774150
24.537959
25.255102
25.916327
26.657143
27.404626
28.159592
28.901361
29.615918
30.342041
31.074603
31.821995
32.562948
33.306349
34.091565
34.840816
35.608435
36.388707
37.079546
38.023129
38.715510
39.450884
40.212381
40.937596
41.717732
42.449478
43.167891
43.898639
44.649524
45.411156
46.104626
46.868707
47.671973
48.376054
49.094558
49.597415
50.400816
51.496508
52.281224
53.002313
53.784354
54.604082
55.380862
56.123673
56.969388
57.774286
58.575918
59.340000
60.109116
60.911882
61.689252
62.418821
63.214694
63.991565
64.746667
65.588707
66.402041
67.083265
67.839184
68.590748
69.331020
70.124354
70.890748
71.617959
72.415646
73.143175
73.936190
74.741769
75.495556
76.302449
77.012109
77.823265
78.584626
79.359048
80.137460
80.893469
81.680680
82.460952
83.160000
83.968254
84.680816
85.371020
86.138912
86.766531
87.569660
88.362993
89.127211
89.900000
90.634694
91.364898
92.060000
92.845306
93.557188
94.295646
95.119320
95.872109
96.654512
97.449932
98.174014
98.925442
99.646531
100.404127
101.183809
102.052245
102.805079
103.580045
104.351292
105.178095
105.973061
106.751746
107.533742
108.336191
109.144082
109.904082
110.829388
111.813469
112.612789
113.409660
114.196054
114.927619
115.520000
116.336372
117.134467
118.045442
119.055374
119.957143
120.772245
121.600816
122.459184
123.393061
124.313878
125.185397
126.098775
126.869388
127.749569
128.580000
129.344218
130.208980
131.022449
131.957143
132.705714
133.494014
134.346939
135.200272
136.112789
137.051429
138.469116
139.680000
141.002177
142.314694
143.447551
144.634694
146.022902
147.192063
148.545986
149.992336
151.491746
152.627256
153.853968
155.073968
156.273741
157.738073
158.950748
160.262177
161.510340
162.834513
164.899093
166.973560
168.202222
169.289206
170.412698
171.512608
172.627755
173.545714
174.612381
176.314263
177.602676
178.647007
179.927710
181.124082
182.313333
183.414694
184.700136
185.896599
187.092426
188.268798
189.585986
192.014966
193.217596
193.686440
194.424444
195.152971
196.118594
196.955510
197.573197
198.295918
199.086213
199.851111
200.605079
201.423356
202.207075
203.014898
203.818775
204.597551
205.267619
206.115102
206.862993
207.700907
208.431429
209.144127
209.882018
210.616326
211.401927
212.114014
212.860544
213.662494
214.434286
215.193696
215.920907
216.693333
217.799592
218.407438
219.147936
220.102313
220.904762
221.683175
222.464671
223.294399
224.015238
224.736825
225.564444
226.347347
227.022903
227.853061
228.673061
229.457846
230.217551
231.047755
231.933379
232.733832
233.441723
234.314399
235.051746
235.744218
236.596100
237.392336
238.336281
239.272698
241.646122
242.639002
243.471429
244.232245
245.834422
247.088980
248.378231
249.967347
251.769796
253.115102
254.464490
255.508571
257.107755
258.608163
260.186939
261.649796
263.048163
264.398413
266.428571
267.204898
268.014286
268.800408
269.583265
270.306531
271.074921
271.833469
272.588571
273.350476
274.158095
274.935102
275.760000
276.503674
277.273878
277.994286
278.711020
279.468254
280.184898
280.945306
281.686259
282.473061
283.225714
284.017143
284.688571
285.472653
286.284082
287.078367
287.877551
288.667755
289.451429
290.241905
290.994694
291.901224
292.645850
293.371020
294.211020
295.014286
295.860816
296.680408
297.402449
298.247347
299.002041
299.830204
300.591837
301.444082
302.236508
303.039184
303.819682
304.716191
305.545714
306.292653
307.073129
307.919615
308.718776
309.550794
310.349184
311.173469
311.956508
312.789660
313.510204
314.328571
315.074286
315.905714
316.658367
317.503673
318.298481
319.138776
319.958367
320.769796
321.645714
322.404490
323.206122
323.998367
324.672517
325.247755
326.237415
327.148390
328.052245
328.877143
329.759592
330.540816
331.390612
332.402449
333.781995
337.157551
