0.622857
1.355510
2.110204
2.811973
3.562993
4.305306
4.971655
5.680680
6.380000
7.074150
7.789388
8.533356
9.230794
9.917551
10.583810
11.261224
11.984286
12.644898
13.376871
14.075782
14.847755
15.515510
16.217279
16.943129
17.706395
18.332653
19.001088
19.711020
20.408980
21.153469
21.801361
22.534150
23.237959
23.935102
24.556327
25.257143
25.944626
26.639592
27.341361
28.055918
28.762041
29.394603
30.121995
30.802948
31.446349
32.151565
32.900408
33.648435
34.428707
35.139546
36.003129
36.715510
37.390884
38.092381
38.797596
39.497732
40.209478
40.907891
41.578639
42.249524
42.971156
43.644626
44.288707
45.051973
45.756054
46.514558
47.177415
47.980816
49.056508
49.861224
50.602313
51.384354
52.204082
52.980862
53.823673
54.669388
55.434286
56.200000
57.086667
57.909116
58.711882
59.469252
60.278821
61.114694
61.971565
62.806667
63.668707
64.442041
65.303265
66.099184
66.910748
67.751020
68.524354
69.310748
70.097959
70.875646
71.663175
72.516190
73.261769
74.035556
74.862449
75.572109
76.383265
77.084626
77.879048
78.617460
79.353469
80.100680
80.840952
81.535102
82.328254
83.060816
83.771020
84.558912
85.326531
86.129660
86.862993
87.667211
88.457551
89.194694
89.924898
90.642041
91.400000
92.077188
92.715646
93.479320
94.272109
95.014512
95.729932
96.454014
97.148481
97.866531
98.644127
99.403809
100.152245
100.885079
101.580045
102.311292
103.078095
103.813061
104.551746
105.293741
106.056190
106.824082
107.500000
108.389388
109.373469
110.172789
111.029660
111.836054
112.627619
113.226122
114.056372
114.874467
115.805442
116.795374
117.520000
118.372245
119.420816
120.299184
121.273061
122.213878
123.165397
124.178776
124.949388
125.909569
126.809342
127.624218
128.508980
129.482449
130.357143
131.205714
131.954014
132.806939
133.580272
134.492789
135.451429
136.509116
138.180000
139.462177
140.614694
141.767551
143.054694
144.302902
145.632063
147.205986
148.772336
150.191746
151.327256
152.633968
153.933968
155.173742
156.978073
158.530748
159.942177
161.150340
162.514513
164.439093
166.873560
167.962222
169.020000
170.112698
171.132608
172.147755
173.185714
174.352381
175.534263
176.542676
177.547007
178.527710
179.704082
180.833333
181.874694
183.060136
184.276599
185.392426
186.608798
188.045986
190.314966
191.097596
191.826440
192.664444
193.472971
194.258594
194.995510
195.693197
196.515918
197.246213
197.971111
198.725079
199.543356
200.307075
201.094898
201.878775
202.657551
203.347619
204.075102
204.682993
205.440000
206.111429
206.804127
207.502018
208.196326
208.901927
209.574014
210.280544
211.042494
211.794286
212.533696
213.400907
214.233333
215.419592
216.307438
217.047936
217.842313
218.744762
219.563175
220.364671
221.174399
221.935238
222.656825
223.504444
224.367347
225.222903
226.033061
226.893061
227.757846
228.497551
229.327755
230.233379
230.993832
231.721723
232.554399
233.351746
234.168435
235.116100
236.072336
237.196281
238.432698
240.986122
241.939002
242.791429
243.752245
245.014422
246.368980
247.638231
249.127347
250.769796
252.080000
253.184490
254.268571
255.507755
256.828163
258.306939
259.489796
260.628163
261.278413
262.408571
263.124898
263.954286
264.720408
265.543265
266.326531
267.134921
267.933469
268.725714
269.510476
270.258095
271.015102
271.960000
272.763674
273.453878
274.314286
275.031020
275.848254
276.564898
277.285306
278.086258
278.873061
279.705714
280.477143
281.208571
281.972653
282.828163
283.598367
284.357551
285.107755
285.871429
286.681905
287.414694
288.201224
288.945850
289.711020
290.511020
291.234286
292.000816
292.780408
293.502449
294.267347
295.022041
295.790204
296.611837
297.404082
298.156508
298.999184
299.739683
300.616191
301.345714
302.212653
303.013129
303.819615
304.658776
305.410794
306.189184
306.956735
307.716508
308.509660
309.250204
310.008571
310.714286
311.485714
312.198367
312.963673
313.718481
314.459388
315.238367
315.989796
316.805714
317.504490
318.226122
318.918367
319.572517
320.227755
321.037415
321.908390
322.692245
323.477143
324.219592
324.940816
325.790612
326.762449
328.121995
331.137551
