0.402857
1.135510
1.890204
2.631973
3.482993
4.265306
5.091655
5.840680
6.623265
7.434150
8.209388
9.033356
9.830794
10.597551
11.403810
12.161224
12.884286
13.724898
14.556871
15.275782
16.107755
16.915510
17.697279
18.443129
19.326395
20.112653
20.921088
21.731020
22.528980
23.273469
24.081361
24.974150
25.877959
26.575102
27.336327
28.177143
29.024626
29.779592
30.581361
31.455918
32.202041
32.994603
33.801995
34.622948
35.386349
36.131565
37.040408
37.808435
38.808707
39.579546
40.443129
41.215510
42.050884
42.892381
43.777596
44.577732
45.369478
46.247891
46.938639
47.709524
48.591156
49.304626
50.188707
51.051973
51.796054
52.554558
53.277415
54.080816
55.176508
56.061224
56.742313
57.784354
58.744082
59.520862
60.403673
61.309388
62.134286
62.995918
63.886667
64.709116
65.571882
66.469252
67.278821
68.114694
69.051565
69.906667
70.768707
71.642041
72.463265
73.339184
74.221497
75.031020
75.904354
76.790748
77.557959
78.415646
79.263175
80.136190
81.081769
81.915556
82.802449
83.552109
84.403265
85.164626
85.979048
86.917460
87.653469
88.540680
89.380952
90.215102
91.008254
91.820816
92.571020
93.438912
94.226531
95.029660
95.882993
96.767211
97.737551
98.514694
99.224898
99.942041
100.765306
101.617188
102.335646
103.178639
104.016327
104.834512
105.749932
106.554014
107.248481
108.126531
108.924127
109.843809
110.692245
111.485079
112.280045
113.111293
113.958095
114.813061
115.623492
116.413742
117.316190
118.164082
118.904082
119.720000
120.573469
121.432789
122.249660
123.036054
123.867619
124.666122
125.516372
126.434467
127.365442
128.355374
129.257143
130.252245
131.120816
131.999184
132.992245
134.093878
135.005397
136.058775
136.969388
137.869569
138.769342
139.664218
140.708980
141.422449
142.357143
143.205714
144.000000
144.806939
145.680272
146.552789
147.451429
148.469116
149.947347
151.262177
152.254694
153.387551
154.454694
155.542902
156.612064
157.685986
158.780000
159.831746
160.967256
162.233968
163.413968
164.653741
165.878073
167.070748
168.422177
169.550340
170.794513
172.239093
174.633560
175.602222
176.509206
177.532698
178.432608
179.267755
180.280000
181.032381
181.954263
182.782676
183.627007
184.547710
185.544082
186.453333
187.334694
188.260136
189.236599
190.312426
191.368798
192.725986
195.169796
195.995193
196.766440
197.584444
198.432971
199.158594
199.915510
200.633197
201.475918
202.226213
202.951111
203.825079
204.643356
205.527075
206.314898
207.178776
208.077551
208.847619
209.695102
210.522993
211.320907
212.131429
213.064127
213.782018
214.576326
215.381927
216.174014
217.000544
217.742494
218.634286
219.573696
220.340907
221.213333
222.119592
222.967438
223.907937
224.622313
225.464762
226.263175
227.144671
228.014399
228.795238
229.556825
230.424444
231.267347
232.082903
233.013061
233.853061
234.697846
235.557551
236.327755
237.313379
238.093832
238.961723
239.794399
240.631746
241.404218
242.256100
243.132336
244.096281
245.032698
246.526122
247.619002
248.651429
249.692245
250.814422
252.048980
253.098231
254.287347
255.729796
256.875102
257.924490
258.848571
259.907755
260.968163
262.306939
263.629796
264.808163
265.918413
267.488571
268.164898
269.054286
269.920408
270.803265
271.666531
272.554921
273.413469
274.208571
275.070476
275.918095
276.795102
277.760000
278.623674
279.373878
280.174286
280.891020
281.728254
282.444898
283.245306
284.026258
284.853061
285.785714
286.537143
287.288571
288.132653
288.924082
289.778367
290.637551
291.407755
292.271429
293.061905
293.814694
294.701224
295.525850
296.391020
297.211020
297.994286
298.860816
299.660408
300.482449
301.267347
302.602041
303.330204
304.051837
304.704082
305.456508
306.355919
307.219683
308.036191
308.865714
309.752653
310.673129
311.499615
312.498776
313.270794
314.129184
315.136735
315.856508
316.809660
317.590204
318.468571
319.254286
320.205714
320.878367
321.883673
322.658481
323.479388
324.338367
325.069796
325.982857
326.944490
327.666122
328.418367
329.072517
329.667755
330.797415
331.728390
332.632245
333.677143
334.579592
335.440816
336.290612
337.322449
338.661995
341.497551
