0.100000
0.100000
0.490204
1.211973
1.962993
2.765306
3.491655
4.200680
4.923265
5.794150
6.529388
7.373356
8.090794
8.937551
9.663810
10.441224
11.164286
11.924898
12.716871
13.475782
14.247755
14.995510
15.757279
16.523129
17.406395
18.132653
18.941088
19.691020
20.428980
21.233469
21.981361
22.774150
23.537959
24.295102
25.016327
25.777143
26.544626
27.299592
28.081361
28.795918
29.562041
30.314603
31.081995
31.822948
32.566349
33.291565
34.040408
34.828435
35.748707
36.539546
37.503129
38.395510
39.230884
39.972381
40.757596
41.537732
42.329478
43.007891
43.818639
44.649524
45.391156
46.069252
46.908707
47.671973
48.416054
49.234558
50.017415
50.860816
51.956508
52.841224
53.762313
54.544354
55.464082
56.240862
57.223673
58.089388
59.054286
59.915918
60.806667
61.809116
62.631882
63.549252
64.398821
65.454694
66.351565
67.246667
68.528707
69.402041
70.283265
71.119184
71.930748
73.011020
73.824354
74.750748
75.857959
76.855646
77.822222
78.896190
80.421769
81.235556
82.122449
82.932109
83.743265
84.544626
85.459048
86.297460
87.073469
88.000680
88.820952
89.695102
90.528254
91.280816
92.031020
92.818912
93.586531
94.429660
95.242993
96.047211
96.797551
97.554694
98.324898
99.102041
99.865306
100.617188
101.315646
102.219320
103.012109
103.794512
104.649932
105.354014
106.068481
106.926531
107.684127
108.623809
109.392245
110.125079
110.900045
111.671293
112.398095
113.193061
113.971746
114.733741
115.556190
116.324082
117.064082
117.729388
118.713469
119.572789
120.369660
121.316054
122.047619
122.846122
123.696372
124.634467
125.565442
126.555374
127.457143
128.532245
129.400816
130.279184
131.213061
132.313878
133.245397
134.238776
135.049388
136.069569
136.949342
137.764218
138.928980
139.742449
140.997143
141.985714
142.814014
143.626939
144.480272
145.372789
146.311429
147.329116
149.287347
150.142177
151.314694
152.447551
153.554694
155.022902
156.176508
157.685986
159.132336
160.431746
161.687256
162.993968
164.253968
165.473741
167.138073
168.490748
169.922177
171.130340
172.474513
173.939093
175.593560
176.442222
177.269206
178.332698
179.112608
179.947755
180.785714
181.660000
182.534263
183.322676
184.160000
184.907710
185.804082
186.513333
187.534694
188.580136
189.556599
190.632426
191.688798
193.065986
195.074966
195.877596
196.606440
197.404444
198.172971
198.958594
199.735510
200.553197
201.295918
202.046213
202.831111
203.605079
204.363356
205.147075
206.054898
207.118775
208.117551
208.927619
209.635102
210.462993
211.240907
212.051429
212.844127
213.622018
214.316326
215.181927
215.914014
216.740544
217.522494
218.294286
219.053696
220.000907
221.053333
222.219592
223.207438
224.047936
224.762313
225.544762
226.523175
227.424671
228.269592
229.035238
229.836825
230.584444
231.367347
232.082903
232.913061
233.853061
234.617846
235.477551
236.407755
237.513379
238.173832
238.821723
239.614399
240.451746
241.324218
242.236100
243.192336
244.296281
245.452698
247.926122
248.959002
250.031429
251.112245
252.374422
253.777959
254.858231
256.327347
258.229796
259.575102
260.644490
261.668571
262.587755
263.608163
264.706939
266.029796
267.488163
268.778413
270.411428
271.424898
272.254286
273.160408
274.123265
274.886531
276.074921
277.086939
278.034286
278.970476
280.132381
281.235102
283.180000
284.003674
284.913878
285.714286
286.451020
287.228254
287.984898
288.745306
289.486259
290.273061
291.045714
291.777143
292.508571
293.292653
294.024082
294.878367
295.737551
296.507755
297.271429
298.101905
298.854694
299.641224
300.465850
301.211020
301.951020
302.674286
303.500816
304.220408
304.922449
305.607347
306.382041
307.190204
307.931837
308.664082
309.436508
310.199184
310.939683
311.716191
312.445714
313.152653
313.893129
314.659615
315.438776
316.190794
316.969184
317.716735
318.456508
319.189660
319.890204
320.608571
321.274286
322.005714
322.658367
323.343673
324.058481
324.759388
325.438367
326.069796
326.865714
327.484490
328.186122
328.878367
329.532517
330.107755
330.857415
331.648390
332.392245
333.177143
333.979592
334.640816
335.260000
335.542449
336.581995
339.337551
