0.782857
1.395510
2.110204
2.851973
3.482993
4.165306
4.871655
5.540680
6.263265
6.994150
7.649388
8.373356
9.050794
9.697551
10.423810
11.081224
11.744286
12.424898
13.136871
13.855782
14.600000
15.215510
15.937279
16.563129
17.306395
17.892653
18.641088
19.291020
19.928980
20.573469
21.221361
21.900000
22.537959
23.215102
23.856327
24.437143
25.124626
25.819592
26.481361
27.115918
27.822041
28.454603
29.121995
29.782948
30.446349
31.151565
31.860408
32.608435
33.388707
33.999546
34.803129
35.475510
36.110884
36.820000
37.497596
38.137732
38.829478
39.487891
40.138639
40.789524
41.471156
42.084626
42.808707
43.491973
44.176054
44.894558
45.457415
46.260816
47.136508
47.880000
48.522313
49.224354
49.964082
50.680862
51.323673
52.109388
52.814286
53.500000
54.266667
55.029116
55.871882
56.509252
57.118821
57.994694
58.551565
59.366667
59.988707
60.762041
61.403265
62.039184
62.790748
63.471020
64.244354
64.930748
65.580000
66.335646
67.023175
67.636190
68.401769
69.095556
69.842449
70.532109
71.203265
71.924626
72.619048
73.377460
73.973469
74.760680
75.500952
76.215102
77.008254
77.580816
78.291020
79.018912
79.580000
80.289660
80.982993
81.787211
82.577551
83.240000
83.944898
84.642041
85.345306
85.997188
86.435646
87.299320
88.032109
88.754512
89.489932
90.174014
90.828481
91.526531
92.244127
93.023809
93.672245
94.385079
95.120045
95.811292
96.458095
97.173061
97.860000
98.593741
99.216190
99.944082
100.644082
101.329388
102.173469
102.952789
103.749660
104.376054
105.127619
105.826122
106.576372
107.160000
107.945442
108.935374
109.737143
110.512245
111.340816
111.979184
112.793061
113.633878
114.525397
115.518775
116.029388
116.889569
117.589342
118.404218
119.160000
119.960000
120.717143
121.485714
122.194014
122.960000
123.740272
124.532789
125.391429
126.740000
127.540000
128.682177
129.874694
130.947551
132.054694
133.462902
134.592063
135.985986
137.172336
138.531746
139.667256
140.893968
142.053968
143.273741
144.658073
145.890748
147.162177
148.370340
149.714513
151.299093
153.333560
154.442222
155.489206
156.712698
157.732608
158.747755
159.860000
160.752381
162.062789
163.062676
164.047007
165.127710
166.264082
167.313333
168.314694
169.440136
170.536599
171.632426
172.588798
173.845986
175.554966
176.477596
177.146440
177.884444
178.392971
178.998594
179.715510
180.413197
181.060000
181.786213
182.371111
183.065079
183.723356
184.467075
185.194898
185.938775
186.717551
187.347619
187.895102
188.542993
189.240907
189.891429
190.564127
191.202018
191.856326
192.521927
193.154014
193.840544
194.502494
195.234286
195.973696
196.720000
197.393333
198.119592
198.747438
199.487936
200.042313
200.744762
201.443175
202.204671
202.934399
203.455238
204.096825
204.844444
205.427347
206.142902
206.793061
207.473061
208.137846
208.797551
209.527755
210.213379
210.833832
211.481723
212.160000
212.851746
213.484218
214.216100
214.932336
215.836281
216.832698
219.186122
220.139002
220.991429
221.912245
223.054422
224.188980
225.238231
226.807347
228.369796
229.735102
230.644490
231.668571
232.827755
233.948163
235.186939
236.449796
237.868163
239.078413
240.648571
241.344898
242.094286
242.840408
243.463265
244.126531
244.854921
245.513469
246.228571
246.960000
247.638095
248.355102
249.080000
249.740000
250.373878
251.094286
251.791020
252.528254
253.184898
253.925306
254.526259
255.133061
255.885714
256.577143
257.208571
257.972653
258.624082
259.338367
260.037551
260.687755
261.411429
262.101905
262.754694
263.521224
264.260000
264.951020
265.611020
266.334286
267.040816
267.760408
268.422449
269.080000
269.760000
270.450204
271.151837
271.844082
272.576508
273.219184
273.959682
274.696191
275.405714
276.092653
276.833129
277.479615
278.138776
278.890794
279.589184
280.316735
280.976508
281.769660
282.390204
283.028571
283.714286
284.405714
285.038367
285.743673
286.398481
287.099388
287.818367
288.549796
289.185714
289.864490
290.566122
291.218367
291.872517
292.547755
293.277415
294.088390
294.872245
295.637143
296.319592
297.060816
297.730612
298.442449
299.641995
302.677551
