0.722857
1.455510
2.170204
2.911973
3.505986
4.265306
4.931655
5.640680
6.323265
7.054150
7.789388
8.533356
9.210794
9.917551
10.623810
11.301224
12.004286
12.704898
13.416871
14.115782
14.867755
15.575510
16.257279
16.943129
17.706395
18.352653
19.061088
19.771020
20.488980
21.193469
21.881361
22.614150
23.317959
23.995102
24.656327
25.397143
26.084626
26.799592
27.461361
28.175918
28.882041
29.554603
30.281995
30.982948
31.606349
32.351565
33.100408
33.708435
34.468707
35.239546
35.903129
36.655510
37.310884
38.052381
38.757596
39.457732
40.169478
40.847891
41.518639
42.229524
42.951156
43.564626
44.308707
45.051973
45.756054
46.200000
46.817415
47.520816
48.616508
49.421224
49.862313
50.644354
51.504082
52.280862
53.123673
53.960000
54.674286
55.435918
56.286667
57.069116
57.871882
58.629252
59.278821
60.094694
60.851565
61.646667
62.388707
63.162041
63.823265
64.479184
65.470748
66.251020
67.024354
67.830748
68.597959
69.395646
70.123175
70.996190
71.801769
72.555556
73.322449
74.032109
74.783265
75.544626
76.339048
77.117460
77.793469
78.580680
79.320952
80.095102
80.848254
81.600816
82.291020
83.078912
83.726531
84.629660
85.442993
86.067211
86.857551
87.594694
88.344898
89.102041
89.865306
90.637188
91.255646
92.059320
92.792109
93.494512
94.249932
94.914014
95.608481
96.386531
97.148254
97.943809
98.660000
99.385079
100.140045
100.871292
101.598095
102.353061
103.091746
103.813741
104.576190
105.324082
106.064082
106.789388
107.593469
108.372789
109.129660
109.876054
110.647619
111.386122
112.196372
113.034467
113.965442
114.675374
115.497143
116.312245
117.180816
117.979184
118.820000
119.653878
120.525397
121.398775
122.129388
123.009569
123.809342
124.524218
125.368980
126.142449
126.997143
127.745714
128.514014
129.300000
130.060272
130.852789
131.671429
132.509116
133.767347
134.802177
135.880000
136.847551
137.860000
138.940000
139.872063
141.105986
142.172336
143.311746
144.307256
145.413968
146.413968
147.553742
148.798073
149.850748
151.022177
152.070340
153.114513
154.219093
155.533560
156.582222
157.640000
158.692698
159.672608
160.667755
161.640000
162.592381
163.674263
164.642676
165.587007
166.687710
167.724082
168.753333
169.774694
170.780000
171.760000
172.752426
173.808798
174.945986
176.774966
177.557596
178.286440
179.084444
179.800000
180.711565
181.455510
182.013197
182.715918
183.426213
184.131111
184.840000
185.543356
186.247075
186.974898
187.698775
188.457551
189.147619
189.855102
190.522993
191.280907
192.031429
192.744127
193.422018
194.116326
194.861927
195.554014
196.260544
196.962494
197.694286
198.433696
199.160907
199.953333
200.599592
201.347438
202.087937
202.762313
203.524762
204.283175
205.044671
205.774399
206.495238
207.196825
207.944444
208.647347
209.362903
210.173061
210.933061
211.737846
212.437551
213.247755
213.953379
214.693832
215.401723
216.174399
216.911746
217.604218
218.436100
219.192336
220.096281
221.040000
222.766122
223.759002
224.611429
225.492245
226.554422
227.988980
229.118231
230.427347
232.129796
233.415102
234.444490
235.468571
236.487755
237.588163
238.626939
239.769796
241.028163
242.198413
243.768571
244.464898
245.294286
246.040408
246.763265
247.526531
248.294921
249.053469
249.808571
250.570476
251.358095
252.135102
252.940000
253.683674
254.453878
255.174286
255.911020
256.668254
257.344898
258.045306
258.766258
259.533061
260.285714
260.977143
261.708571
262.452653
263.184082
263.898367
264.597551
265.327755
266.011429
266.721905
267.474694
268.241224
268.925850
269.620000
270.331020
271.054286
271.780816
272.500408
273.182449
273.867347
274.602041
275.290204
276.011837
276.764082
277.476508
278.199184
278.939683
279.676191
280.405714
281.132653
281.873129
282.599615
283.358776
284.070794
284.789184
285.536735
286.276508
287.009660
287.710204
288.448571
289.134286
289.865714
290.518367
291.243673
291.958481
292.679388
293.418367
294.109796
294.905714
295.584490
296.286122
296.958367
297.612517
298.187755
298.957415
299.788390
300.592245
301.377143
302.179592
302.900816
303.670612
304.162449
305.001995
307.957551
