0.422857
0.935510
1.690204
2.371973
3.102993
3.825306
4.551655
5.260680
5.983265
6.714150
7.429388
8.193356
8.890794
9.597551
10.303810
11.021224
11.744286
12.464898
13.176871
13.895782
14.640000
15.320000
16.037279
16.763129
17.486395
18.152653
18.861088
19.551020
20.248980
20.953469
21.681361
22.394150
23.117959
23.835102
24.476327
25.197143
25.900000
26.599592
27.281361
28.015918
28.742041
29.414603
30.141995
30.862948
31.566349
32.291565
33.040408
33.768435
34.548707
35.219546
35.923129
36.635510
37.350884
38.032381
38.777596
39.537732
40.249478
40.947891
41.658639
42.369524
43.071156
43.744626
44.528707
45.291973
45.996054
46.574558
47.317415
48.040816
49.096508
49.901224
50.542313
51.324354
52.144082
52.880862
53.663673
54.509388
55.294286
56.040000
56.806667
57.589116
58.371882
59.129252
59.918821
60.714694
61.591565
62.426667
63.128707
63.900000
64.623265
65.419184
66.190748
66.971020
67.744354
68.530748
69.277959
70.055646
70.843175
71.656190
72.441769
73.195556
74.022449
74.732109
75.503265
76.264626
77.039048
77.797460
78.593469
79.280680
80.060952
80.795102
81.608254
82.340816
83.091020
83.898912
84.506531
85.309660
86.122993
86.927211
87.737551
88.474694
89.124898
89.820000
90.545306
91.237188
91.915646
92.679320
93.432109
94.154512
94.909932
95.614014
96.328481
97.066531
97.804127
98.603809
99.332245
100.085079
100.860045
101.631293
102.378095
103.153061
103.911746
104.673742
105.436190
106.204082
106.884082
107.729388
108.613469
109.372789
110.089660
110.816054
111.527619
112.166122
112.976372
113.794467
114.545442
115.455374
116.357143
117.132245
118.000816
118.819184
119.733061
120.513878
121.385397
122.298775
122.989388
123.829569
124.649342
125.384218
126.148980
126.962449
127.857143
128.605714
129.314014
130.166939
130.880272
131.672789
132.511429
133.449116
134.380000
135.482177
136.280000
137.347551
138.074694
139.042902
139.992064
141.065986
142.080000
143.131746
143.807256
144.853968
145.593968
146.633741
147.758073
148.830748
149.842177
151.010340
151.994513
153.259093
154.693560
155.442222
156.309206
156.992698
157.772608
158.540000
159.205714
160.032381
160.854263
161.560000
162.027007
162.987710
163.844082
164.613333
165.234694
166.040000
166.896599
167.672426
168.608798
169.565986
170.954966
171.697596
172.486440
173.224444
173.972971
174.718594
175.595510
176.153197
176.875918
177.626213
178.351111
179.105079
179.903356
180.667075
181.474898
182.278775
183.057551
183.747619
184.435102
185.142993
185.920907
186.631429
187.344127
188.062018
188.736326
189.461927
190.154014
190.880544
191.622494
192.354286
193.093696
193.860907
194.693333
195.899592
196.687438
197.427936
198.142313
198.924762
199.603175
200.364671
201.114399
201.835238
202.576825
203.344444
204.067347
204.702902
205.533061
206.293061
207.117846
207.837551
208.627755
209.433379
210.153832
210.821723
211.594399
212.311746
213.044218
213.896100
214.772336
215.856281
217.072698
219.686122
220.739002
221.751429
222.852245
224.234422
225.428980
226.938231
228.587347
230.469796
231.875102
233.220000
234.208571
235.707755
236.888163
238.406939
239.749796
241.208163
242.458413
243.888571
244.524898
245.314286
246.020408
246.783265
247.506531
248.274921
249.000000
249.668571
250.430476
251.140000
251.855102
252.760000
253.503674
254.173878
254.894286
255.671020
256.408254
257.064898
257.805306
258.446258
259.193061
259.985714
260.757143
261.488571
262.212653
262.924082
263.618367
264.397551
265.067755
265.691429
266.461905
267.134694
267.921224
268.625850
269.311020
270.031020
270.754286
271.500816
272.220408
272.902449
273.627347
274.322041
275.050204
275.771837
276.504082
277.196508
277.939184
278.659683
279.356191
280.065714
280.792653
281.513129
282.239615
282.958776
283.670794
284.409184
285.096735
285.756508
286.549660
287.190204
287.868571
288.474286
289.125714
289.718367
290.403673
291.018481
291.679388
292.398367
293.089796
293.905714
294.544490
295.246122
295.938367
296.592517
297.167755
297.917415
298.708390
299.532245
300.300000
301.039592
301.740816
302.570612
303.462449
304.300000
307.117551
