0.542857
1.275510
2.150204
2.891973
3.678912
4.645306
5.271655
6.000680
6.823265
7.574150
8.309388
9.233356
10.030794
10.797551
11.583810
12.321224
13.104286
13.904898
14.716871
15.575782
16.347755
17.095510
17.897279
18.723129
19.486395
20.232653
21.261088
21.971020
22.708980
23.433469
24.241361
25.034150
25.797959
26.595102
27.356327
28.117143
28.904626
29.659592
30.441361
31.415918
32.128163
33.054603
33.961995
34.442948
35.186349
35.971565
36.820408
37.568435
38.428707
39.199546
40.223129
41.135510
41.950884
42.732381
43.577596
44.337732
45.189478
46.007891
46.718639
47.589524
48.331156
49.024626
49.788707
50.651973
51.396054
52.154558
52.917415
53.720816
54.916508
55.721224
56.522313
57.324354
58.304082
59.100862
60.023673
60.989388
61.794286
62.655918
63.566667
64.449116
65.251882
66.089252
67.058821
68.214694
68.871565
69.786667
70.728707
71.542041
72.403265
73.219184
74.090748
74.911020
75.884354
76.690748
77.537959
78.275646
79.283175
80.096190
81.021769
81.795556
82.642449
83.392109
84.283265
85.044626
85.919048
86.737460
87.513469
88.380680
89.240952
90.015102
90.868254
91.680816
92.351020
93.098912
93.986531
94.949660
95.822993
96.707211
97.597551
98.474694
99.204898
99.962041
100.825306
101.617188
102.435646
103.199320
104.052109
104.874512
105.789932
106.474014
107.168481
108.006531
108.844127
109.723809
110.532245
111.285079
112.100045
113.031293
113.798095
114.653061
115.491746
116.413742
117.176191
118.084082
118.804082
119.569388
120.533469
121.332789
122.129660
122.996054
123.807619
124.626122
125.596372
126.334467
127.185442
128.235374
129.137143
130.012245
131.000816
131.979184
132.913061
133.893878
134.745397
136.138775
136.909388
137.789569
138.609342
139.424218
140.368980
141.182449
142.217143
143.105714
143.894014
144.746939
145.600272
146.552789
147.471429
148.409116
149.600000
150.842177
152.214694
153.387551
154.534694
155.942902
157.412063
158.785986
160.072336
161.391746
162.527256
164.013968
165.273968
166.493741
168.518073
169.710748
171.122177
172.330340
173.694513
175.259093
176.660680
177.722222
178.769206
179.932698
180.912608
181.947755
183.045714
184.072381
185.334263
186.462676
187.627007
189.050839
190.004082
191.033333
192.214694
193.360136
194.616599
195.712426
196.988798
198.185986
200.014966
200.477596
201.206440
202.104444
202.832971
203.658594
204.555510
205.293197
206.055918
206.866213
207.591111
208.405079
209.243356
210.067075
210.874898
211.638775
212.597551
213.287619
214.035102
214.702993
215.640907
216.471429
217.224127
218.022018
218.796326
219.581927
220.334014
221.140544
221.902494
222.734286
223.533696
224.300907
225.093333
226.199592
226.987438
227.827936
228.546939
229.384762
230.023175
231.084671
231.814399
232.575238
233.393651
234.224444
235.007347
235.802903
236.833061
237.513061
238.277846
239.077551
239.907755
240.733379
241.513832
242.321723
243.154399
243.931746
244.724218
245.592200
246.614014
247.696281
249.072698
252.386122
254.559002
255.451429
256.852245
257.974422
259.511429
261.398231
262.987347
265.409796
266.935102
268.164490
270.088571
271.387755
272.508163
273.946939
276.069796
277.688163
278.898413
281.348571
282.224898
283.134286
283.960408
284.783265
285.746531
286.514921
287.533469
288.408571
289.170476
290.078095
290.935102
292.020000
292.763674
293.493878
294.274286
295.091020
295.868254
296.684898
297.525306
298.346258
299.153061
300.045714
300.897143
301.648571
302.552653
303.404082
304.158367
305.097551
305.947755
306.711429
307.581905
308.334694
309.261224
310.105850
310.964082
311.811020
312.654286
313.500816
314.380408
315.162449
316.047347
316.842041
317.770204
318.491837
319.424082
320.296508
321.079184
321.939683
322.836190
323.791429
324.552653
325.393129
326.279614
327.058776
328.050794
328.929184
329.836735
330.696508
331.629660
332.470204
333.268571
334.134286
334.905714
335.738367
336.583673
337.438481
338.279388
339.078367
339.809796
340.645714
341.684490
342.446122
343.138367
344.132925
344.947755
345.877415
346.856780
347.712245
348.537143
349.539592
350.340816
351.370612
352.642449
354.431973
357.837551
