0.662857
1.415510
2.170204
2.751973
3.502993
4.245306
4.891655
5.600680
6.283265
7.014150
7.729388
8.473356
9.170794
9.837551
10.543810
11.261224
11.964286
12.684898
13.416871
14.135782
14.887755
15.615510
16.337279
17.023129
17.746395
18.452653
19.181088
19.891020
20.608980
21.333469
22.041361
22.794150
23.557959
24.235102
24.916327
25.597143
26.324626
27.079592
27.821361
28.535918
29.262041
29.934603
30.641995
31.342948
32.060000
32.731565
33.480408
34.208435
34.948707
35.639546
36.423129
37.075510
37.810884
38.552381
39.297596
39.977732
40.629478
41.447891
42.118639
42.869524
43.551156
44.224626
44.948707
45.691973
46.396054
47.114558
47.717415
48.400816
49.436508
50.241224
50.942313
51.704354
52.544082
53.240862
54.100000
54.869388
55.720000
56.360000
57.186667
57.949116
58.651882
59.469252
60.218821
61.034694
61.811565
62.646667
63.348707
64.122041
64.903265
65.639184
66.430748
67.211020
67.984354
68.710748
69.477959
70.215646
70.963175
71.736190
72.481769
73.215556
73.942449
74.652109
75.403265
76.064626
76.819048
77.577460
78.293469
79.080680
79.840952
80.555102
81.328254
82.080816
82.751020
83.478912
84.146531
84.949660
85.722993
86.527211
87.237551
87.974694
88.724898
89.402041
90.165306
90.897188
91.555646
92.379320
93.112109
93.834512
94.629932
95.274014
95.968481
96.766531
97.504127
98.283809
99.052245
99.805079
100.480045
101.231292
101.978095
102.693061
103.391746
104.113742
104.856190
105.624082
106.324082
107.109388
107.993469
108.712789
109.469660
110.176054
110.907619
111.526122
112.316372
113.094467
113.905442
114.895374
115.697143
116.572245
117.360816
118.239184
119.173061
119.953878
120.865397
121.778775
122.589388
123.469569
124.369342
125.184218
126.088980
126.942449
127.837143
128.565714
129.340000
130.126939
130.960272
131.752789
132.551429
133.309116
134.640000
135.802177
136.954694
138.007551
139.054694
139.942902
140.832064
141.945986
142.932336
144.051746
144.907256
145.913968
146.733968
147.673742
148.798073
149.810748
150.802177
151.570340
152.734513
154.019093
155.413560
156.402222
157.229206
158.220000
159.132608
160.087755
160.860000
161.752381
162.754263
163.622676
164.627007
165.407710
166.304082
167.213333
167.994694
168.860136
169.716599
170.632426
171.368798
172.460000
173.174966
173.957596
174.686440
175.424444
176.152971
176.958594
177.675510
178.373197
179.095918
179.826213
180.551111
181.265079
181.983356
182.767075
183.494898
184.218775
185.037551
185.767619
186.475102
187.182993
188.000907
188.731429
189.524127
190.262018
190.956326
191.741927
192.434014
193.180544
193.922494
194.674286
195.413696
196.100907
196.833333
197.839592
198.607438
199.347937
200.062313
200.859048
201.663175
202.424671
203.154399
203.875238
204.556825
205.304444
206.047347
206.762902
207.593061
208.333061
209.117846
209.797551
210.587755
211.353379
212.053832
212.841723
213.594399
214.300000
214.924218
215.696100
216.372336
217.316281
218.232698
220.426122
221.959002
222.831429
223.812245
224.794422
225.768980
226.598231
227.727347
228.889796
230.235102
231.304490
232.348571
233.467755
234.448163
235.406939
236.229796
237.588163
238.758413
240.108571
240.824898
241.514286
242.240408
243.003265
243.766531
244.514921
245.253469
245.968571
246.730476
247.598095
248.355102
249.180000
249.963674
250.673878
251.394286
252.171020
253.008254
253.664898
254.340000
255.046258
255.813061
256.585714
257.357143
258.168571
258.932653
259.724082
260.478367
261.237551
262.007755
262.751429
263.521905
264.274694
265.021224
265.745850
266.511020
267.231020
267.974286
268.740816
269.460408
270.182449
270.867347
271.622041
272.350204
273.071837
273.904082
274.616508
275.419184
276.159683
276.936191
277.665714
278.492653
279.233129
279.959614
280.738776
281.490794
282.249184
283.016735
283.756508
284.549660
285.230204
285.968571
286.654286
287.425714
288.118367
288.903673
289.618481
290.399388
291.138367
291.869796
292.745714
293.504490
294.246122
294.998367
295.712517
296.287755
297.137415
298.008390
298.872245
299.677143
300.599592
301.340816
302.190612
303.020000
304.001995
306.897551
