0.440000
1.155510
1.910204
2.651973
3.402993
4.020000
4.531655
5.240680
5.843265
6.574150
7.309388
8.073356
8.690794
9.397551
10.043810
10.741224
11.404286
12.104898
12.796871
13.475782
14.247755
14.915510
15.617279
16.283129
17.046395
17.692653
18.421088
19.111020
19.808980
20.513469
21.201361
21.934150
22.637959
23.315102
23.976327
24.677143
25.404626
26.119592
26.861361
27.555918
28.262041
28.934603
29.661995
30.362948
31.026349
31.771565
32.560408
33.308435
34.088707
34.859546
35.743129
36.515510
37.230884
37.952381
38.757596
39.497732
40.249478
41.007891
41.678639
42.419048
43.191156
43.884626
44.608707
45.411973
46.156054
47.014558
47.777415
48.480816
49.456508
50.261224
51.062313
51.844354
52.624082
53.400862
54.183673
55.009388
55.814286
56.555918
57.406667
58.189116
59.071882
59.889252
60.518821
61.254694
62.191565
63.246667
64.088707
64.862041
65.683265
66.479184
67.270748
68.071020
68.864354
69.610748
70.337959
71.135646
71.923175
72.676190
73.481769
74.195556
74.982449
75.692109
76.463265
77.224626
78.059048
78.857460
79.633469
80.500680
81.260952
82.035102
82.888254
83.740816
84.551020
85.398912
86.146531
86.969660
87.802993
88.607211
89.397551
90.214694
91.304898
92.102041
92.925306
93.657188
94.355646
95.238639
96.032109
96.794512
97.629932
98.334014
99.165442
99.906531
100.684127
101.563809
102.392245
103.145079
103.940045
104.731292
105.538095
106.413061
107.191746
107.973742
108.796190
109.604082
110.444082
111.229388
112.073469
112.872789
113.669660
114.416054
115.207619
115.966122
116.816372
117.654467
118.585442
119.415374
120.317143
121.252245
122.120816
122.999184
123.993061
125.013878
125.945397
127.018775
127.829388
128.749569
129.649342
130.444218
131.408980
132.282449
133.177143
133.985714
134.754014
135.600000
136.360272
137.332789
138.331429
139.469116
141.260000
142.522177
143.734694
144.987551
146.194694
147.382902
148.657143
150.505986
151.892336
153.351746
154.527256
155.913968
157.273968
158.513742
159.998073
161.350748
162.722177
164.170340
165.574513
167.259093
168.980000
170.282222
171.469206
172.612698
173.552608
174.587755
175.665714
176.652381
177.974263
179.002676
180.127007
181.227710
182.404082
183.533333
184.614694
185.840136
187.016599
188.172426
189.408798
190.725986
192.554966
193.335193
194.066440
194.964444
195.692971
196.298594
197.075510
197.773197
198.495918
199.246213
199.971111
200.765079
201.563356
202.387075
203.174898
203.958776
204.797551
205.487619
206.255102
206.962993
207.780907
208.571429
209.340000
210.022018
210.756326
211.521927
212.274014
213.020544
213.762494
214.534286
215.273696
216.060907
216.893333
217.939592
218.747438
219.567937
220.282313
221.104762
221.863175
222.724671
223.454399
224.175238
224.916825
225.724444
226.447347
227.162903
227.973061
228.793061
229.693537
230.417551
231.267755
232.013379
232.913832
233.645170
234.554399
235.291746
236.104218
236.916100
237.772336
238.756281
240.012698
242.146122
243.139002
244.077143
245.112245
246.154422
247.237959
248.438231
249.667347
250.809796
252.155102
253.264490
254.288571
255.367755
256.408163
257.686939
259.009796
260.548163
261.858413
263.888571
264.664898
265.434286
266.180408
266.963265
267.726531
268.614921
269.413469
270.148571
270.910476
271.718095
272.475102
273.320000
274.063674
274.733878
275.494286
276.211020
276.988254
277.704898
278.305306
279.186259
279.933061
280.705714
281.457143
282.228571
283.032653
283.824082
284.578367
285.417551
286.227755
286.991429
287.821905
288.594694
289.461224
290.225850
290.971020
291.751020
292.514286
293.400816
294.200408
294.942449
295.747347
296.522041
297.350204
298.131837
299.064082
299.876508
300.619184
301.359683
302.296191
303.025714
303.865306
304.753129
305.559615
306.338775
307.210794
308.149184
308.936735
309.746032
310.649660
311.470204
312.308571
313.094286
313.905714
314.678367
315.503673
316.338481
317.159388
318.018367
318.829796
319.665714
320.484490
321.246122
322.098367
322.812517
323.527755
324.397415
325.388390
326.372245
327.277143
328.219592
328.960816
329.790612
330.742449
332.081995
334.917551
