0.962857
1.695510
2.440000
3.131973
3.822993
4.525306
5.251655
5.960680
6.723265
7.474150
8.229388
8.973356
9.690794
10.297551
11.143810
11.861224
12.624286
13.384898
14.136871
14.855782
15.607755
16.355510
17.117279
17.823129
18.606395
19.292653
20.061088
20.651020
21.508980
22.233469
22.941361
23.714150
24.437959
25.155102
25.876327
26.617143
27.304626
28.079592
28.781361
29.495918
30.222041
30.934603
31.661995
32.382948
33.126349
33.871565
34.620408
35.368435
36.148707
36.879546
37.823129
38.475510
39.210884
39.952381
40.717596
41.457732
42.209478
42.827891
43.658639
44.369524
45.071156
45.764626
46.548707
47.311973
48.056054
48.814558
49.537415
50.300816
51.336508
52.141224
52.922313
53.704354
54.544082
55.340862
56.183673
57.029388
57.794286
58.615918
59.566667
60.349116
61.151882
61.969252
62.778821
63.594694
64.431565
65.266667
66.108707
66.962041
67.683265
68.479184
69.270748
70.051020
70.884354
71.710748
72.517959
73.335646
74.083175
74.876190
75.741769
76.515556
77.362449
78.072109
78.943265
79.704626
80.579048
81.397460
82.193469
83.020680
83.840952
84.595102
85.468254
86.240816
86.991020
87.818912
88.626531
89.429660
90.222993
91.027211
91.837551
92.694694
93.444898
94.222041
95.005306
95.777188
96.495646
97.259320
98.052109
98.794512
99.609932
100.334014
101.048481
101.746531
102.564127
103.423809
104.192245
104.905079
105.640045
106.411293
107.158095
107.973061
108.771746
109.513741
110.256191
111.064082
111.804082
112.669388
113.673469
114.452789
115.269660
116.076054
116.867619
117.666122
118.516372
119.354467
120.285442
121.275374
122.177143
123.052245
123.920816
124.699184
125.953061
126.853878
127.785397
129.118775
129.909388
130.809569
131.709342
132.524218
133.408980
134.202449
135.157143
136.065714
136.834014
137.666939
138.520272
139.392789
140.331429
141.269116
141.880000
143.702177
144.854694
145.927551
146.980000
148.042902
149.112064
150.305986
151.332336
152.471746
153.427256
154.513968
155.713968
156.673742
157.898073
159.010748
160.102177
161.250340
162.560000
163.779093
165.233560
166.302222
167.269206
168.412698
169.352608
170.367755
171.165714
172.132381
173.314263
174.282676
175.287007
176.287710
177.244082
178.193333
179.114694
180.100136
181.116599
182.212426
183.308798
184.605986
186.394966
188.057596
188.786440
189.564444
190.072971
190.740000
191.435510
192.133197
192.735918
193.486213
194.231111
195.045079
195.823356
196.647075
197.434898
198.258775
199.137551
199.827619
200.535102
201.262993
202.020907
202.771429
203.484127
204.222018
204.936326
205.641927
206.334014
207.120544
207.862494
208.594286
209.353696
210.120907
210.573333
211.839592
212.687438
213.467937
214.182313
215.044762
215.823175
216.624671
217.534399
218.255238
218.956825
219.724444
220.447347
221.222903
222.033061
222.813061
223.657846
224.377551
225.187755
226.033379
226.793832
227.523447
228.354399
229.131746
229.924218
230.760000
231.612336
232.676281
233.772698
235.806122
237.019002
238.091429
239.512245
240.794422
242.046939
243.158231
244.707347
246.529796
248.175102
249.564490
250.648571
252.147755
253.588163
254.986939
256.509796
257.908163
259.118413
260.248571
260.964898
261.774286
262.520408
263.303265
264.066531
264.854921
265.673469
266.428571
267.210476
267.978095
268.735102
269.600000
270.443674
271.113878
271.954286
272.651020
273.508254
274.304898
275.045306
275.746259
276.513061
277.305714
278.157143
278.928571
279.732653
280.504082
281.398367
282.177551
283.027755
283.831429
284.621905
285.414694
286.261224
287.065850
287.931020
288.731020
289.474286
290.320816
291.080408
291.782449
292.507347
293.462041
294.230204
295.051837
295.784082
296.536508
297.279184
298.079682
298.836190
299.585714
300.372653
301.093129
301.939615
302.758776
303.510794
304.369184
305.136735
305.936508
306.729660
307.430204
308.308571
308.954286
309.745714
310.473469
311.243673
311.978481
312.719388
313.458367
314.289796
315.105714
315.844490
316.586122
317.338367
318.072517
318.707755
319.577415
320.388390
321.252245
322.157143
322.939592
323.700816
324.400000
324.802449
326.141995
329.217551
