0.480000
1.095510
1.890204
2.631973
3.402993
4.025306
4.711655
5.320680
5.980000
6.634150
7.269388
7.993356
8.630794
9.257551
9.923810
10.601224
11.184286
11.904898
12.596871
13.255782
13.947755
14.560000
15.237279
15.923129
16.666395
17.292653
17.841088
18.551020
19.088980
19.820000
20.520000
21.234150
21.997959
22.695102
23.276327
24.017143
24.584626
25.280000
25.921361
26.635918
27.302041
27.874603
28.581995
29.242948
29.846349
30.511565
31.200408
31.948435
32.648707
33.239546
34.003129
34.715510
35.290884
36.012381
36.697596
37.397732
38.049478
38.787891
39.398639
40.089524
40.771156
41.424626
42.068707
42.771973
43.436054
44.154558
44.797415
45.320816
46.356508
47.100000
47.822313
48.544354
49.324082
49.940862
50.643673
51.480000
52.034286
52.815918
53.586667
54.369116
55.051882
55.809252
56.538821
57.340000
58.071565
58.846667
59.648707
60.422041
61.183265
61.979184
62.620000
63.351020
64.124354
64.830748
65.537959
66.315646
66.883175
67.656190
68.461769
69.235556
69.982449
70.672109
71.443265
72.044626
72.679048
73.497460
74.273469
75.060680
75.800952
76.555102
77.361270
78.240000
78.771020
79.518912
80.266531
81.129660
81.922993
82.727211
83.517551
84.240000
84.924898
85.642041
86.405306
87.097188
87.775646
88.479320
89.172109
89.860000
90.529932
91.254014
91.908481
92.606531
93.304127
94.040000
94.672245
95.385079
96.100045
96.831293
97.558095
98.293061
98.991746
99.693742
100.476191
101.244082
101.884082
102.629388
103.553469
104.272789
105.069660
105.780000
106.527619
107.326122
108.076372
108.874467
109.745442
110.335374
111.197143
111.932245
112.680816
113.559184
114.313061
115.033878
115.825397
116.578775
117.349388
118.229569
118.629342
119.424218
120.168980
120.822449
121.657143
122.345714
123.134014
123.806939
124.520000
125.332789
126.211429
127.549116
128.200000
129.322177
130.174694
131.127551
131.980000
132.900000
133.700000
134.765986
135.752336
136.820000
137.587256
138.553968
139.633968
140.493741
141.618073
142.670748
143.822177
144.850340
146.040000
147.619093
149.493560
150.502222
151.229206
152.292698
152.952608
153.787755
154.465714
155.420000
156.174263
156.980000
157.707007
158.547710
159.424082
160.213333
160.900000
161.800136
162.716599
163.760000
164.780000
165.985986
167.974966
168.637596
169.326440
170.084444
170.732971
171.478594
172.295510
172.753197
173.475918
174.226213
174.831111
175.445079
176.143356
176.827075
177.494898
178.218775
179.017551
179.547619
180.255102
180.862993
181.580907
182.231429
182.984127
183.680000
184.196326
184.901927
185.514014
186.180544
186.862494
187.554286
188.293696
189.060907
189.733333
190.579592
191.347438
192.167936
192.740000
193.404762
194.043175
194.804671
195.534399
196.195238
196.816825
197.564444
198.267347
198.962903
199.693061
200.413061
201.117846
201.777551
202.507755
203.233379
203.973832
204.641723
205.414399
206.151746
206.804218
207.496100
208.192336
209.116281
210.072698
211.926122
212.939002
213.791429
214.372245
215.354422
216.588980
218.098231
219.507347
221.389796
222.755102
223.684490
224.708571
225.727755
226.588163
227.866939
229.249796
230.628163
231.278413
232.768571
233.484898
234.294286
234.960408
235.743265
236.406531
237.134921
237.833469
238.568571
239.270476
239.978095
240.655102
241.500000
242.243674
242.913878
243.634286
244.271020
245.048254
245.700000
246.400000
247.086259
247.833061
248.585714
249.197143
249.968571
250.692653
251.424082
252.158367
252.817551
253.687755
254.311429
255.081905
255.734694
256.481224
257.185850
257.951020
258.691020
259.454286
260.200816
260.840408
261.522449
262.147347
262.882041
263.670204
264.391837
265.164082
265.836508
266.579184
267.319682
268.116191
268.885714
269.652653
270.393129
271.119615
271.858776
272.610794
273.309184
274.076735
274.736508
275.509660
276.210204
276.928571
277.594286
278.305714
278.958367
279.703673
280.378481
281.079388
281.818367
282.509796
283.265714
283.924490
284.546122
285.238367
285.892517
286.427755
287.277415
288.008390
288.832245
289.617143
290.459592
291.140816
291.990612
293.002449
294.521995
297.777551
