0.762857
1.495510
2.250204
2.991973
3.742993
4.625306
5.311655
6.020680
6.763265
7.454150
8.149388
8.893356
9.550794
10.217551
10.923810
11.581224
12.264286
12.984898
13.716871
14.395782
15.120000
15.755510
16.497279
17.163129
17.906395
18.572653
19.241088
19.911020
20.588980
21.333469
22.001361
22.754150
23.397959
24.075102
24.696327
25.417143
26.084626
26.759592
27.501361
28.275918
28.982041
29.514603
30.181995
30.882948
31.606349
32.231565
32.980408
33.728435
34.508707
35.159546
35.923129
36.635510
37.350884
37.992381
38.737596
39.457732
40.149478
40.867891
41.538639
42.229524
42.971156
43.544626
44.248707
44.971973
45.616054
46.334558
46.960000
47.640816
48.536508
49.281224
49.962313
50.744354
51.384082
52.140000
52.843673
53.629388
54.294286
55.020000
55.746667
56.489116
57.291882
58.149252
58.658821
59.394694
60.091565
60.820000
61.628707
62.402041
63.043265
63.779184
64.410748
65.211020
65.984354
66.750748
67.517959
68.195646
68.943175
69.656190
70.421769
71.195556
71.922449
72.512109
73.283265
74.024626
74.739048
75.497460
76.200000
76.940680
77.680952
78.375102
79.128254
79.860816
80.491020
81.278912
81.886531
82.589660
83.362993
84.107211
84.897551
85.594694
86.284898
86.962041
87.685306
88.337188
89.055646
89.819320
90.552109
91.254512
92.009932
92.734014
93.428481
94.126531
94.864127
95.600000
96.272245
96.965079
97.640000
98.331293
99.038095
99.753061
100.451746
101.133741
101.876190
102.584082
103.204082
104.000000
104.773469
105.532789
106.329660
106.956054
107.687619
108.426122
109.236372
110.054467
110.925442
111.795374
112.677143
113.352245
114.100816
114.939184
115.833061
116.693878
117.285397
118.098775
118.829388
119.689569
120.449342
121.204218
122.000000
122.642449
123.377143
124.165714
124.894014
125.660000
126.400000
127.172789
128.071429
128.889116
130.220000
131.242177
132.334694
133.087551
133.980000
134.902902
135.952064
136.945986
137.872336
138.811746
139.687256
140.553968
141.573968
142.593741
143.518073
144.530748
145.462177
146.330340
146.920000
148.079093
148.993560
150.002222
150.969206
152.092698
152.772608
153.827755
154.660000
155.512381
156.514263
157.442676
158.167007
159.147710
160.124082
161.033333
161.994694
162.860136
163.816599
164.772426
165.648798
166.605986
167.474966
168.257596
169.006440
169.764444
170.512971
171.238594
171.975510
172.673197
173.355918
174.046213
174.731111
175.445079
176.163356
176.907075
177.634898
178.358776
179.197551
179.887619
180.595102
181.262993
182.020907
182.791429
183.504127
184.162018
184.836326
185.501927
186.194014
186.900544
187.642494
188.334286
189.073696
189.840907
190.480000
191.459592
192.047438
192.747937
193.462313
194.244762
194.903175
195.664671
196.474399
197.055238
197.756825
198.484444
199.187347
199.822902
200.573061
201.373061
202.097846
202.797551
203.507755
204.393379
205.013832
205.701723
206.434399
207.171746
207.800000
208.556100
209.412336
210.096281
210.780000
212.506122
213.479002
214.251429
215.232245
216.134422
217.068980
217.878231
219.167347
220.369796
221.575102
222.404490
223.188571
224.027755
225.048163
225.966939
227.289796
228.400000
228.720000
229.748571
230.464898
231.294286
232.040408
232.783265
233.546531
234.314921
235.053469
235.808571
236.550476
237.258095
237.995102
238.800000
239.540000
240.193878
240.934286
241.631020
242.328254
243.044898
243.745306
244.466259
245.173061
245.965714
246.677143
247.388571
248.152653
248.844082
249.598367
250.357551
251.127755
251.791429
252.501905
252.974694
253.941224
254.645850
255.371020
256.051020
256.774286
257.500816
258.220408
258.922449
259.627347
260.342041
261.110204
261.811837
262.544082
263.316508
264.059184
264.819682
265.556191
266.285714
267.012653
267.773129
268.539615
269.280000
269.950794
270.689184
271.456735
272.176508
272.889660
273.610204
274.328571
274.994286
275.725714
276.398367
277.123673
277.818481
278.539388
279.278367
279.929796
280.685714
281.384490
282.046122
282.738367
283.392517
283.967755
284.717415
285.448390
286.292245
287.037143
287.779592
288.460816
289.190612
289.902449
291.020000
293.237551
