0.682857
1.415510
2.330204
3.071973
3.800000
4.500000
5.191655
5.940680
6.683265
7.414150
8.149388
8.953356
9.670794
10.357551
11.083810
11.821224
12.544286
13.304898
14.096871
14.835782
15.667755
16.435510
17.157279
17.883129
18.626395
19.372653
20.121088
20.851020
21.588980
22.333469
23.161361
23.894150
24.597959
25.295102
26.036327
26.837143
27.564626
28.319592
29.061361
29.935918
30.642041
31.294603
32.121995
32.822948
33.546349
34.251565
35.000408
35.728435
36.508707
37.199546
38.043129
38.915510
39.650884
40.432381
41.177596
41.917732
42.729478
43.467891
44.238639
44.949524
45.671156
46.364626
47.128707
47.911973
48.636054
49.294558
50.057415
50.700816
51.796508
52.581224
53.302313
54.004354
54.824082
55.600862
56.403673
57.249388
58.014286
58.815918
59.646667
60.429116
61.271882
62.069252
62.778821
63.594694
64.431565
65.266667
66.128707
66.902041
67.683265
68.479184
69.270748
70.051020
70.864354
71.690748
72.437959
73.215646
74.003175
74.816190
75.621769
76.495556
77.302449
78.012109
78.903265
79.664626
80.519048
81.357460
82.133469
82.980680
83.800952
84.575102
85.428254
86.240816
87.051020
87.818912
88.626531
89.449660
90.242993
91.047211
91.937551
92.794694
93.624898
94.402041
95.245306
96.197188
96.895646
97.619320
98.472109
99.214512
100.229932
100.994014
101.688481
102.386531
103.324127
104.223809
104.992245
105.745079
106.540045
107.411293
108.258095
109.053061
109.891746
110.853741
111.636190
112.404082
113.140000
114.049388
115.093469
115.932789
116.729660
117.616054
118.407619
119.086122
119.936372
120.774467
121.665442
122.695374
123.617143
124.492245
125.660816
126.539184
127.373061
128.293878
129.405397
130.398775
131.109388
132.049569
132.949342
133.764218
134.628980
135.442449
136.377143
137.245714
137.974014
138.826939
139.580272
140.452789
141.391429
142.489116
144.447347
145.762177
146.994694
148.127551
149.314694
150.522902
151.592063
153.105986
154.492336
155.871746
157.007256
158.233968
159.493968
160.713741
162.098073
163.290748
164.642177
165.850340
166.934513
168.839093
170.813560
172.022222
173.089206
174.372698
175.632608
176.687755
177.705714
178.772381
180.314263
181.342676
182.367007
183.827710
184.904082
186.013333
187.074694
188.520136
189.616599
190.732426
191.968798
193.285986
195.134966
195.917596
196.526440
197.544444
198.332971
199.118594
199.835510
200.573197
201.395918
202.186213
202.931111
203.665079
204.503356
205.287075
206.114898
207.158775
208.097551
208.807619
209.515102
210.202993
211.020907
211.811429
212.644127
213.382018
214.076326
214.881927
215.594014
216.400544
217.182494
217.994286
218.853696
219.620907
220.433333
221.399592
222.147438
222.887936
223.662313
224.444762
225.143175
226.144671
227.134399
227.835238
228.456825
229.224444
230.034694
230.862903
231.693061
232.553061
233.495692
234.217551
235.147755
236.053379
236.773832
237.501723
238.554399
239.291746
240.044218
240.996100
241.872336
242.756281
243.840000
245.826122
246.819002
247.651429
248.572245
249.594422
250.828980
251.678231
252.347347
253.989796
255.255102
256.004490
257.028571
258.147755
259.088163
260.266939
261.609796
262.980000
264.098413
265.688571
266.404898
267.254286
268.000408
268.783265
269.639592
270.434921
271.193469
272.008571
272.650476
273.658095
274.475102
275.460000
276.243674
277.013878
277.774286
278.591020
279.388254
280.104898
280.925306
281.766258
282.573061
283.485714
284.297143
285.068571
285.932653
286.784082
287.638367
288.517551
289.387755
290.151429
290.921905
291.754694
292.681224
293.445850
294.251020
295.011020
295.974286
296.760816
297.560408
298.362449
299.227347
300.042041
300.870204
301.631837
302.564082
303.296508
304.059184
304.979683
305.836190
306.685714
307.432653
308.313129
309.059615
309.898775
310.710794
311.549184
312.436735
313.256508
314.049660
314.850204
315.728571
316.434286
317.285714
318.038367
318.963673
319.738481
320.559388
321.418367
322.169796
323.005714
323.924490
324.666122
325.358367
326.252517
326.827755
327.717415
328.688390
329.532245
330.497143
331.439592
332.240816
333.090612
334.062449
335.401995
338.437551
