0.400000
1.115510
1.850204
2.591973
3.442993
4.185306
5.051655
5.740000
6.323265
7.054150
7.769388
8.513356
9.210794
9.917551
10.623810
11.341224
12.044286
12.784898
13.516871
14.235782
15.007755
15.735510
16.457279
17.143129
17.906395
18.572653
19.321088
19.991020
20.708980
21.413469
22.101361
22.834150
23.557959
24.255102
25.076327
25.837143
26.404626
27.079592
27.801361
28.475918
29.182041
29.854603
30.581995
31.262948
31.986349
32.691565
33.420408
34.108435
34.888707
35.659546
36.463129
37.155510
37.890884
38.592381
39.337596
40.037732
40.769478
41.427891
42.038639
42.749524
43.571156
44.264626
44.988707
45.731973
46.456054
47.214558
47.957415
48.720816
49.756508
50.761224
51.602313
52.384354
53.344082
54.100862
55.043673
55.949388
56.754286
57.555918
58.406667
59.169116
60.091882
60.829252
61.718821
62.554694
63.391565
64.206667
65.128707
65.982041
66.803265
67.559184
68.430748
69.211020
70.044354
70.830748
71.617959
72.415646
73.263175
74.076190
74.961769
75.695556
76.582449
77.292109
78.103265
78.864626
79.679048
80.477460
81.253469
82.100680
82.900952
83.695102
84.528254
85.340816
86.091020
86.838912
87.566531
88.349660
89.142993
89.947211
90.757551
91.694694
92.444898
93.162041
93.900000
94.517188
95.195646
95.979320
96.812109
97.614512
98.389932
98.994014
99.668481
100.406531
101.304127
102.163809
102.972245
103.725079
104.500045
105.331293
106.038095
106.813061
107.611746
108.353741
109.236190
110.004082
110.784082
111.620000
112.493469
113.272789
114.069660
114.816054
115.567619
116.366122
117.216372
118.054467
118.985442
119.975374
120.877143
121.752245
122.660816
123.559184
124.393061
125.413878
126.205397
127.198775
127.969388
128.849569
129.629342
130.424218
131.208980
132.022449
132.937143
133.785714
134.554014
135.386939
136.160272
137.012789
137.931429
138.949116
140.907347
142.222177
143.374694
144.722653
145.954694
147.382902
148.632063
149.925986
151.272336
152.691746
153.820000
155.033968
156.153968
157.333742
158.638073
159.750748
160.982177
162.150340
163.400000
164.619093
165.873560
166.942222
168.000000
169.132698
170.212608
171.287755
172.340000
173.292381
174.474263
175.482676
176.427007
177.527710
178.604082
179.593333
180.520000
181.600136
182.616599
183.632426
184.708798
185.885986
187.614966
188.417596
189.146440
189.964444
190.912971
191.638594
192.340000
192.993197
193.635918
194.386213
194.991111
195.865079
196.643356
197.407075
198.174898
198.898775
199.657551
200.427619
201.135102
201.822993
202.580907
203.311429
204.044127
204.722018
205.456326
206.161927
206.854014
207.580544
208.362494
209.114286
209.853696
210.680907
211.193333
212.379592
213.227438
214.007936
214.742313
215.544762
216.163175
217.104671
217.854399
218.615238
219.316825
220.064444
220.887347
221.602902
222.413061
223.213061
223.977846
224.737551
225.487755
226.313379
227.093832
227.801723
228.594399
229.411746
230.164218
230.956100
231.812336
232.796281
233.792698
235.666122
236.659002
237.651429
238.552245
239.594422
240.708980
241.758231
243.067347
244.589796
245.655102
247.024490
248.148571
249.467755
250.568163
251.926939
253.469796
254.988163
255.920000
257.108571
257.864898
258.714286
259.460408
260.283265
261.046531
261.814921
262.593469
263.348571
264.110476
264.898095
265.655102
266.620000
267.383674
268.133878
268.974286
269.731020
270.588254
271.304898
272.065306
272.786258
273.613061
274.405714
275.137143
275.868571
276.652653
277.484082
278.278367
279.117551
279.967755
280.731429
281.561905
282.314694
283.101225
283.925850
284.711020
285.471020
286.194286
287.120816
287.920408
288.664898
289.487347
290.302041
291.110204
291.871837
292.764082
293.496508
294.239184
295.059683
295.976191
296.885714
297.632653
298.353129
299.139614
299.918776
300.770794
301.629184
302.416735
303.256508
304.049660
304.770204
305.588571
306.314286
307.145714
307.878367
308.803674
309.558481
310.359388
311.158367
311.949796
312.865714
313.564490
314.386122
315.118367
315.992517
316.567755
317.377415
318.308390
319.232245
320.037143
320.979592
321.740816
322.340000
322.722449
323.661995
326.697551
