2.662857
3.395510
4.150204
4.871973
5.622993
6.365306
7.071655
7.720680
8.443265
9.194150
9.909388
10.633356
11.310794
11.937551
12.643810
13.361224
14.064286
14.824898
15.536871
16.215782
16.987755
17.715510
18.437279
19.143129
19.926395
20.592653
21.261088
21.971020
22.708980
23.413469
24.081361
24.794150
25.497959
26.195102
26.876327
27.597143
28.264626
28.999592
29.681361
30.455918
31.182041
31.774603
32.521995
33.142948
33.846349
34.571565
35.320408
36.068435
36.768707
37.539546
38.323129
39.015510
39.750884
40.392381
41.117596
41.857732
42.569478
43.287891
43.958639
44.708571
45.471156
46.004626
46.748707
47.511973
48.216054
48.854558
49.557415
50.260816
51.256508
52.041224
52.802313
53.484354
54.304082
55.000862
55.763673
56.580000
57.234286
57.935918
58.806667
59.549116
60.311882
61.069252
61.798821
62.534694
63.371565
64.206667
64.928707
65.702041
66.423265
67.159184
67.910748
68.691020
69.444354
70.210748
70.937959
71.715646
72.443175
73.196190
74.001769
74.715556
75.502449
76.172109
76.943265
77.704626
78.479048
79.200000
79.913469
80.680680
81.400952
82.095102
82.868254
83.600816
84.351020
85.078912
85.726531
86.529660
87.262993
88.067211
88.857551
89.594694
90.324898
91.022041
91.785306
92.497188
93.195646
93.959320
94.692109
95.414512
96.149932
96.854014
97.548481
98.346531
99.084127
99.863809
100.512245
101.265079
101.960045
102.711292
103.438095
104.193061
104.931746
105.713741
106.436190
107.204082
107.944082
108.589388
109.553469
110.332789
111.089660
111.836054
112.627619
113.426122
114.276372
115.114467
115.925442
116.915374
117.797143
118.592245
119.360816
120.119184
121.053061
121.973878
122.785397
123.520000
124.289388
125.189569
125.829342
126.644218
127.548980
128.302449
129.197143
129.985714
130.754014
131.480000
132.240272
133.092789
133.971429
134.829116
136.347347
137.482177
138.434694
139.507551
140.394694
141.562902
142.632063
143.845986
145.072336
146.171746
147.227256
148.453968
149.533968
150.733742
151.918073
152.910748
154.202177
155.310340
156.500000
157.399093
158.813560
159.702222
160.649206
161.772698
162.772608
163.727755
164.720000
165.672381
166.914263
167.882676
168.827007
169.927710
170.864082
171.973333
173.014694
173.960136
174.976599
175.980000
177.028798
178.040000
179.054966
179.837596
180.446440
181.204444
181.932971
182.658594
183.375510
184.013197
184.735918
185.446213
186.171111
186.905079
187.643356
188.407075
189.174898
189.898775
190.817551
191.467619
192.135102
192.822993
193.580907
194.331429
195.044127
195.762018
196.456326
197.181927
197.874014
198.600544
199.342494
200.054286
200.793696
201.620907
202.393333
203.299592
204.127438
204.867937
205.562313
206.284762
206.963175
207.764671
208.534399
209.295238
209.996825
210.764444
211.427347
212.082903
212.893061
213.713061
214.477846
215.237551
216.067755
216.813379
217.553832
218.261723
219.054399
219.791746
220.544218
221.316100
222.132336
222.956281
223.792698
225.666122
226.579002
227.271429
228.192245
229.074422
230.028980
230.898231
232.027347
232.980000
234.015102
234.840000
235.740000
236.847755
237.688163
238.926939
240.109796
241.068163
242.198413
243.788571
244.504898
245.314286
246.060408
246.843265
247.606531
248.354921
249.153469
249.868571
250.620000
251.418095
252.175102
252.960000
253.743674
254.453878
255.214286
255.951020
256.688254
257.400000
258.005306
258.766258
259.593061
260.365714
261.137143
261.928571
262.692653
263.444082
264.198367
264.997551
265.767755
266.491429
267.281905
268.014694
268.841224
269.585850
270.391020
271.171020
271.894286
272.680816
273.420408
274.122449
274.907347
275.642041
276.450204
277.251837
277.984082
278.736508
279.559184
280.299683
281.196191
281.965714
282.692653
283.433129
284.239615
285.058776
285.850794
286.649184
287.416735
288.116508
288.909660
289.610204
290.328571
291.094286
291.845714
292.598367
293.363674
294.078481
294.819388
295.618367
296.389796
297.225714
298.044490
298.806122
299.518367
300.332517
300.927755
301.777415
302.628390
303.552245
304.497143
305.499592
306.260816
307.110612
308.042449
309.141995
312.177551
