0.702857
1.375510
2.130204
2.851973
3.582993
4.305306
4.951655
5.660680
6.403265
7.134150
7.849388
8.573356
9.290794
9.997551
10.663810
11.381224
12.084286
12.784898
13.516871
14.235782
14.980000
15.695510
16.417279
17.123129
17.886395
18.572653
19.281088
19.991020
20.708980
21.400000
22.121361
22.854150
23.577959
24.275102
24.976327
25.717143
26.424626
27.139592
27.861361
28.755918
29.482041
30.014603
30.761995
31.462948
32.186349
32.911565
33.660408
34.408435
35.188707
35.899546
36.843129
37.455510
38.150884
38.912381
39.637596
40.377732
41.129478
41.867891
42.538639
43.249524
44.011156
44.684626
45.448707
46.211973
46.916054
47.674558
48.417415
49.140816
49.996508
50.741224
51.622313
52.404354
53.244082
54.060862
54.843673
55.689388
56.494286
57.255918
58.126667
58.909116
59.771882
60.509252
61.338821
62.154694
63.051565
63.886667
64.728707
65.522041
66.343265
67.139184
67.950748
68.731020
69.564354
70.350748
71.137959
71.935646
72.723175
73.636190
74.441769
75.175556
76.002449
76.732109
77.543265
78.304626
79.079048
79.897460
80.673469
81.520680
82.340952
83.135102
83.988254
84.800816
85.551020
86.338912
87.146531
87.949660
88.742993
89.567211
90.357551
91.154694
91.884898
92.622041
93.405306
94.257188
94.835646
95.599320
96.392109
97.134512
97.909932
98.634014
99.368481
100.086531
100.884127
101.683809
102.452245
103.145079
103.880045
104.691293
105.438095
106.233061
106.991746
107.753742
108.596190
109.404082
110.144082
110.989388
111.953469
112.752789
113.589660
114.356054
115.020000
115.700000
116.536372
117.394467
118.445442
119.415374
120.217143
121.012245
121.880816
122.759184
123.753061
124.593878
125.565397
126.558775
127.329388
128.209569
129.109342
129.984218
130.928980
131.722449
132.637143
133.505714
134.254014
135.100000
135.900272
136.732789
137.611429
138.489116
139.900000
141.122177
142.294694
143.547551
144.674694
146.142902
147.212063
148.705986
149.892336
151.171746
152.307256
153.693968
154.953968
156.173742
157.738073
158.970748
160.402177
161.710340
163.074513
164.579093
166.333560
167.502222
168.589206
170.092698
171.332608
172.587755
173.705714
175.012381
176.314263
177.442676
178.547007
179.727710
181.024082
182.193333
183.254694
184.580136
185.856599
187.072426
188.148798
189.505986
191.114966
191.957596
192.706440
193.464444
194.212971
194.938594
195.675510
196.413197
197.135918
197.886213
198.611111
199.325079
200.063356
200.827075
201.614898
202.358776
203.237551
203.927619
204.655102
205.342993
206.080907
206.811429
207.600000
208.262018
208.996326
209.761927
210.454014
211.180544
211.922494
212.654286
213.393696
214.200907
214.993333
215.939592
216.727438
217.487936
218.242313
219.044762
219.743175
220.554014
221.314399
222.155238
222.896825
223.744444
224.507347
225.222903
226.073061
226.873061
227.717846
228.417551
229.227755
230.053379
230.853832
231.601723
232.374399
233.211746
233.964218
234.816100
235.652336
236.616281
237.672698
239.866122
240.919002
241.731429
243.492245
244.654422
245.888980
246.998231
248.507347
250.409796
251.955102
253.384490
254.508571
256.327755
257.428163
259.166939
260.909796
262.768163
263.978413
265.888571
266.964898
267.894286
268.780408
269.663265
270.426531
271.234921
272.073469
272.828571
273.710476
274.398095
275.315102
276.200000
277.043674
277.673878
278.414286
279.111020
279.848254
280.564898
281.305306
282.006259
282.793061
283.545714
284.317143
285.088571
285.852653
286.604082
287.498367
288.237551
288.947755
289.751429
290.521905
291.354694
292.161225
292.925850
293.691020
294.551020
295.354286
296.140816
296.880408
297.622449
298.387347
299.282041
300.030204
300.871837
301.704082
302.456508
303.199184
303.979683
304.856191
305.605714
306.432653
307.213129
307.999615
308.898775
309.681587
310.529184
311.376735
312.156508
312.979320
313.690204
314.488571
315.234286
316.005714
316.738367
317.563673
318.318481
319.138776
319.938367
320.749796
321.645714
322.344490
323.086122
323.973469
324.732517
325.307755
326.157415
326.988390
327.852245
328.777143
329.779592
330.580816
331.090612
332.062449
333.041995
335.917551
