0.502857
1.115510
1.870204
2.611973
3.482993
4.165306
4.871655
5.540680
6.283265
7.034150
7.769388
8.453356
9.110794
9.817551
10.463810
11.181224
11.864286
12.584898
13.316871
14.015782
14.787755
15.515510
16.197279
16.923129
17.686395
18.392653
19.141088
19.851020
20.568980
21.273469
21.981361
22.714150
23.417959
24.035102
24.656327
25.517143
26.244626
26.979592
27.661361
28.375918
29.082041
29.734603
30.481995
31.182948
31.886349
32.651565
33.360408
34.108435
34.888707
35.599546
36.443129
37.215510
37.910884
38.712381
39.417596
40.057732
40.769478
41.507891
42.178639
42.889524
43.631156
44.264626
45.008707
45.791973
46.496054
46.994558
47.577415
48.380816
49.536508
50.340000
51.042313
51.764354
52.604082
53.300862
54.063673
54.860000
55.534286
56.275918
57.046667
57.789116
58.591882
59.409252
60.018821
60.754694
61.571565
62.366667
63.148707
63.922041
64.663265
65.459184
66.170748
66.911020
67.644354
68.430748
69.117959
69.895646
70.643175
71.416190
72.221769
72.915556
73.702449
74.292109
75.063265
75.824626
76.579048
77.197460
77.933469
78.720680
79.460952
80.195102
80.968254
81.680816
82.411020
83.198912
83.906531
84.709660
85.502993
86.287211
87.077551
87.874694
88.544898
89.242041
90.005306
90.697188
91.355646
92.139320
92.872109
93.554512
94.309932
94.974014
95.668481
96.346531
97.104127
97.903809
98.612245
99.285079
100.020045
100.751293
101.478095
102.233061
102.971746
103.693742
104.436190
105.204082
105.944082
106.649388
107.533469
108.312789
109.109660
109.816054
110.607619
111.406122
112.096372
112.934467
113.765442
114.515374
115.317143
116.132245
117.000816
117.759184
118.553061
119.393878
120.085397
121.038775
121.789388
122.509569
123.289342
124.024218
124.828980
125.542449
126.397143
127.225714
127.974014
128.766939
129.560272
130.412789
131.311429
132.249116
133.760000
134.942177
136.094694
136.947551
137.854694
138.882902
139.912063
141.065986
142.212336
143.231746
144.187256
145.133968
146.180000
147.113742
148.398073
149.550748
150.722177
151.810340
152.994513
154.756372
157.413560
158.462222
159.389206
160.452698
161.312608
162.127755
162.965714
163.972381
164.960000
165.882676
166.627007
167.727710
168.604082
169.573333
170.414694
171.440136
172.356599
173.320000
174.388798
175.745986
177.854966
178.917596
179.646440
180.264444
180.992971
181.738594
182.455510
183.173197
183.895918
184.646213
185.331111
186.045079
186.783356
187.527075
188.294898
189.158775
189.937551
190.627619
191.295102
191.982993
192.720907
193.431429
194.144127
194.862018
195.556326
196.281927
196.974014
197.680544
198.422494
199.174286
199.913696
200.640907
201.413333
202.459592
203.227438
203.967937
204.682313
205.464762
206.223175
206.984671
207.734399
208.455238
209.176825
209.924444
210.627347
211.362903
212.173061
212.953061
213.737846
214.437551
215.267755
216.073379
216.833832
217.541723
218.434399
219.091746
219.844218
220.816100
221.672336
222.736281
223.832698
226.686122
228.299002
229.151429
230.152245
231.514422
232.628980
233.618231
235.047347
236.669796
238.135102
239.364490
240.388571
241.507755
242.708163
244.206939
246.169796
247.788163
249.018413
251.648571
252.404898
253.234286
254.020408
254.703265
255.426531
256.194921
256.973469
257.648571
258.410476
259.098095
259.875102
260.640000
261.363674
262.033878
262.774286
263.451020
264.208254
264.864898
265.605306
266.286258
267.033061
267.765714
268.457143
269.168571
269.932653
270.684082
271.438367
272.177551
272.887755
273.591429
274.383810
275.074694
275.821224
276.585850
277.311020
278.051020
278.894286
279.680816
280.400408
281.102449
281.827347
282.562041
283.310204
284.071837
284.944082
285.616508
286.319184
287.059683
287.796191
288.525714
289.252653
290.013129
290.739615
291.518776
292.270794
292.989184
293.696735
294.420000
295.149660
295.810204
296.548571
297.254286
297.985714
298.678367
299.423674
300.118481
300.819388
301.558367
302.269796
303.005714
303.680000
304.346122
305.038367
305.692517
306.267755
307.117415
307.788390
308.632245
309.417143
310.179592
310.840816
311.480000
312.302449
313.521995
316.557551
