0.262857
1.035510
1.830204
2.571973
3.322993
4.065306
4.751655
5.460680
6.163265
6.874150
7.609388
8.313356
8.960000
9.697551
10.363810
11.081224
11.784286
12.484898
13.196871
13.895782
14.627755
15.335510
16.037279
16.723129
17.446395
18.152653
18.861088
19.531020
20.268980
20.913469
21.641361
22.334150
23.057959
23.735102
24.376327
25.137143
25.800000
26.499592
27.241361
27.955918
28.662041
29.294603
29.981995
30.662948
31.346349
32.031565
32.740408
33.348435
34.128707
34.899546
35.743129
36.515510
37.210884
37.952381
38.717596
39.497732
40.209478
40.947891
41.638639
42.349524
43.091156
43.764626
44.508707
45.251973
45.956054
46.694558
47.400000
47.960816
49.016508
49.821224
50.562313
51.224354
52.064082
52.800862
53.503673
54.329388
55.054286
55.815918
56.546667
57.309116
57.971882
58.669252
59.418821
60.174694
60.911565
61.660000
62.468707
63.320000
63.943265
64.639184
65.410748
66.191020
66.964354
67.570748
68.337959
69.075646
69.783175
70.496190
71.321769
72.255556
73.062449
73.492109
74.263265
74.984626
75.439048
76.217460
76.913469
77.680680
78.380952
79.095102
79.848254
80.520816
81.231020
81.998912
82.766531
83.549660
84.342993
85.127211
85.917551
86.674694
87.424898
88.142041
88.945306
89.637188
90.375646
91.139320
91.872109
92.614512
93.409932
94.134014
94.825442
95.566531
96.364127
97.163809
97.832245
98.585079
99.320045
100.051293
100.798095
101.593061
102.371746
103.133741
103.916190
104.684082
105.424082
106.129388
106.973469
107.752789
108.529660
109.256054
110.047619
110.766122
111.616372
112.394467
113.265442
114.095374
114.917143
115.472245
116.340816
117.279184
118.033061
118.953878
119.765397
120.758775
121.469388
122.329569
123.029342
123.784218
124.468980
125.242449
125.977143
126.745714
127.540000
128.306939
129.100000
129.952789
130.811429
131.649116
133.347347
133.882177
134.660000
135.767551
136.474694
137.462902
138.452064
139.645986
140.392336
141.351746
142.187256
143.213968
144.193968
144.933741
146.018073
146.870748
147.802177
148.830340
149.814513
151.119093
152.813560
154.002222
155.089206
156.292698
157.352608
158.467755
159.565714
160.632381
161.914263
162.962676
163.967007
165.207710
166.144082
167.193333
168.194694
169.200136
170.296599
171.312426
172.328798
173.605986
175.674966
176.417596
177.146440
177.884444
178.632970
179.318594
180.055510
180.733197
181.435918
182.126213
182.831111
183.520000
184.263356
184.967075
185.694898
186.378775
187.237551
187.907619
188.575102
189.202993
189.980907
190.691429
191.424127
192.102018
192.816326
193.541927
194.234014
194.940544
195.682494
196.414286
197.153696
197.880000
198.513333
199.459592
200.187438
200.927936
201.622313
202.364762
203.103175
203.864671
204.594399
205.315238
206.016825
206.764444
207.467347
208.182903
208.973061
209.693061
210.677846
211.297551
212.167755
212.993379
213.733832
214.501723
215.234399
215.971746
216.724218
217.516100
218.312336
219.276281
220.272698
222.106122
223.099002
223.951429
224.912245
226.174422
227.428980
228.298231
229.607347
231.089796
232.375102
233.384490
234.048571
235.287755
236.188163
237.446939
238.640000
239.868163
240.558413
241.948571
242.744898
243.574286
244.320408
245.083265
245.846531
246.614921
247.313469
248.048571
248.770476
249.498095
250.255102
251.020000
251.763674
252.433878
253.154286
253.931020
254.668254
255.384898
256.085306
256.786258
257.553061
258.345714
259.097143
259.868571
260.672653
261.424082
262.178367
263.037551
263.807755
264.591429
265.461905
266.194694
266.981224
267.785850
268.591020
269.331020
270.154286
270.960816
271.760408
272.542449
273.327347
274.082041
274.890204
275.671837
276.584082
277.316508
278.079184
278.819682
279.556191
280.385714
281.192653
281.933129
282.739615
283.578776
284.410794
285.209184
286.036735
286.836508
287.709660
288.470204
289.288571
290.054286
290.865714
291.598367
292.463673
293.198481
293.999388
294.798367
295.729796
296.585714
297.304490
298.086122
298.778367
299.732517
300.387755
301.257415
302.168390
303.032245
303.877143
304.819592
305.600816
306.450612
307.422449
308.761995
311.797551
