0.562857
1.295510
2.050204
2.711973
3.482993
4.225306
4.851655
5.560680
6.323265
7.054150
7.729388
8.493356
9.330794
9.977551
10.683810
11.381224
11.864286
12.784898
13.476871
14.175782
14.920000
15.615510
16.337279
17.063129
17.826395
18.492653
19.161088
19.871020
20.568980
21.273469
21.981361
22.714150
23.397959
24.095102
24.776327
25.497143
26.164626
26.839592
27.581361
28.255918
28.962041
29.654603
30.401995
31.042948
31.706349
32.451565
33.180408
33.868435
34.648707
35.339546
36.203129
36.995510
37.610884
38.272381
39.037596
39.737732
40.429478
41.127891
41.798639
42.509524
43.231156
43.784626
44.488707
45.291973
45.976054
46.694558
47.457415
48.040816
49.136508
49.820000
50.562313
51.344354
52.044082
52.780862
53.603673
54.389388
55.114286
55.900000
56.626667
57.389116
58.071882
58.829252
59.558821
60.314694
61.071565
61.906667
62.788707
63.602041
64.323265
65.099184
65.730748
66.491020
67.244354
68.030748
68.757959
69.395646
70.163175
70.896190
71.701769
72.415556
73.202449
73.912109
74.723265
75.324626
76.039048
76.817460
77.480000
78.240680
79.020952
79.695102
80.408254
81.220816
81.971020
82.718912
83.466531
84.269660
85.022993
85.827211
86.577551
87.314694
88.044898
88.762041
89.505306
90.000000
90.695646
91.439320
92.252109
92.954512
93.689932
94.374014
95.008481
95.706531
96.404127
97.183809
97.872245
98.540000
99.260045
100.011292
100.658095
101.373061
102.071746
102.773741
103.516190
104.284082
105.024082
105.780000
106.913469
107.692789
108.329660
109.076054
109.807619
110.320000
111.016372
111.854467
112.785442
113.775374
114.677143
115.472245
116.220816
117.039184
117.913061
118.613878
119.285397
120.198775
120.969388
121.749569
122.389342
123.124218
124.000000
124.642449
125.457143
126.285714
127.014014
127.760000
128.460272
129.232789
130.031429
130.949116
132.380000
133.582177
134.374694
135.367551
136.214694
137.202902
138.152063
139.125986
140.060000
141.031746
141.747256
142.673968
143.620000
144.613742
145.678073
146.530748
147.422177
148.490340
149.414513
150.699093
152.293560
153.342222
154.289206
155.252698
156.112608
156.927755
157.740000
158.660000
159.614263
160.482676
161.067007
162.167710
163.064082
163.893333
164.654694
165.660136
166.596599
167.460000
168.380000
169.445986
171.694966
172.517596
173.186440
174.064444
174.572971
175.338594
175.975510
176.673197
177.355918
178.106213
178.771111
179.485079
180.243356
180.987075
181.734898
182.438775
183.297551
183.907619
184.535102
185.302993
186.060000
186.771429
187.484127
188.140000
188.736326
189.481927
190.254014
190.960544
191.702494
192.474286
193.213696
193.980907
194.760000
195.719592
196.487438
197.227936
197.902313
198.604762
199.323175
200.084671
200.814399
201.535238
202.176825
202.924444
203.547347
204.262902
205.053061
205.773061
206.497846
207.237551
207.987755
208.733379
209.333832
210.041723
210.814399
211.551746
212.224218
213.056100
213.852336
214.676281
215.612698
217.106122
218.099002
218.951429
219.872245
220.554422
221.668980
222.598231
223.567347
224.869796
225.915102
226.784490
227.568571
228.467755
229.248163
230.340000
231.249796
232.380000
233.238413
234.588571
235.304898
236.094286
236.800408
237.543265
238.306531
239.034921
239.793469
240.488571
241.250476
242.038095
242.795102
243.660000
244.483674
245.193878
245.934286
246.651020
247.368254
248.084898
248.805306
249.506259
250.233061
251.005714
251.777143
252.508571
253.252653
254.004082
254.758367
255.457551
256.227755
256.991429
257.741905
258.474694
259.261224
260.025850
260.751020
261.471020
262.234286
262.960816
263.680408
264.362449
265.067347
265.802041
266.550204
267.271837
268.004082
268.696508
269.339184
270.119683
270.856191
271.485714
272.212653
272.973129
273.679615
274.318776
275.070794
275.789184
276.456735
277.076508
277.849660
278.450204
279.148571
279.754286
280.445714
281.038367
281.703673
282.358481
282.999388
283.678367
284.369796
285.065714
285.764490
286.420000
287.078367
287.812517
288.387755
289.080000
289.828390
290.672245
291.457143
292.539592
293.220816
293.820000
294.702449
295.961995
298.997551
