0.548135
1.596190
2.565397
3.719955
4.827982
5.859592
6.790068
7.944898
9.039728
10.968254
12.859592
15.487619
17.156372
18.753333
23.225714
24.449388
25.414921
26.578231
27.498306
28.525578
30.838776
32.117476
35.245306
36.660363
38.811247
42.222449
43.601905
44.742222
45.862540
46.977778
48.229802
49.333968
50.531542
51.688571
52.811293
53.931701
55.051701
56.212789
57.309116
58.387211
59.581497
60.710884
61.778503
62.812653
63.922177
65.413741
67.465714
69.726009
72.296281
74.297551
76.286281
80.628299
81.346349
82.084762
82.870794
83.519909
84.244921
84.945397
85.671746
86.376349
87.118730
87.812381
88.540317
89.316825
90.003311
90.710930
91.478050
92.176236
92.957868
93.706848
94.497596
95.175646
95.880998
96.629977
97.335283
98.078458
98.807438
99.534966
100.263900
100.969252
101.663673
102.350884
103.087075
103.772472
104.534240
105.214286
105.886122
106.627120
107.398707
108.137823
108.797914
109.468889
109.985714
110.577143
111.237460
111.806349
112.313968
112.824444
113.348254
114.156916
114.662041
115.237551
115.744082
116.212245
116.693061
117.299592
117.773878
118.324082
118.874694
119.268345
119.797551
120.901542
122.202857
123.903265
125.203673
126.676735
128.015510
129.168980
130.845306
133.910408
134.660816
135.487937
136.430930
137.394853
138.243923
139.241791
140.272653
141.076599
142.032834
142.947120
144.018095
144.826984
145.672880
146.409841
147.074580
148.179592
148.882948
149.611497
150.746712
151.806712
152.552449
153.283673
154.337007
155.071655
155.805850
156.875782
158.033878
158.811020
159.513333
160.250612
160.983265
162.194875
162.633243
163.565669
164.371111
165.203129
166.120952
167.062041
168.555646
169.959909
171.530703
174.055873
175.537279
177.193878
179.816145
182.174467
184.461224
186.939546
190.379683
191.316871
192.075057
192.898730
193.671111
194.491882
195.255238
196.148707
196.870113
197.599592
198.353741
199.126531
199.858503
200.656689
201.383855
202.209252
202.958095
203.837914
204.809599
205.737551
208.147755
209.533061
210.907755
212.001633
213.549388
214.923265
215.986122
217.217143
218.733878
219.834467
220.993878
222.101088
223.199184
224.143673
224.955184
225.969841
227.347891
228.372744
229.305034
230.348254
231.349796
232.187347
233.083492
234.046576
234.995556
235.793696
236.575737
237.268707
238.077868
238.776281
239.445760
240.086168
240.764717
241.370658
242.012971
242.546304
243.188617
243.800136
244.366304
244.917868
245.465850
246.086621
246.592834
247.168163
247.756236
248.357007
248.912426
249.393243
250.101361
250.519320
251.029206
251.491429
251.905034
252.424082
252.888416
253.811111
255.383401
256.183673
256.963265
257.715964
258.501088
259.241224
259.922540
260.603810
261.418231
262.200816
262.921224
263.644082
264.442259
265.124082
265.850340
266.485714
267.124218
267.942721
268.709796
271.130816
273.210431
275.000340
277.333923
279.571361
281.246576
283.398390
285.553016
288.180249
290.802971
292.743175
294.727143
297.257891
299.274422
301.459660
304.183492
308.109683
309.152698
309.811156
310.816599
311.878685
313.003673
314.194014
315.360136
316.460000
317.622585
318.873061
320.152381
321.254694
322.230612
323.348889
324.508844
325.748163
326.664444
327.734921
328.932063
330.320816
331.490476
332.598730
333.932381
335.308571
336.569206
337.853651
339.142540
340.137143
341.366349
343.310794
345.452698
347.454739
349.031701
351.379592
355.382948
