0.670159
2.196190
2.905397
4.079955
5.207982
6.359592
7.190068
8.446224
9.574932
11.548254
14.299592
17.027619
19.656372
21.513333
25.885714
27.006939
28.014921
29.178231
30.376281
32.145578
34.358776
36.153810
39.150612
41.440363
43.891247
49.142449
50.441905
51.482222
52.561693
53.737778
55.028345
56.133968
57.275771
58.348571
59.451293
60.505850
61.671701
62.672789
63.769116
64.807211
66.021497
67.190884
68.238503
69.552653
70.542177
72.133741
74.325714
76.606009
79.636281
81.777551
84.006281
89.268299
90.046349
90.804762
91.565397
92.239365
92.949841
93.690794
94.425873
95.112698
95.829683
96.548730
97.160317
97.925608
98.663311
99.390930
100.158050
100.816236
101.557868
102.286848
103.028798
103.755646
104.470499
105.154989
105.837642
106.632305
107.342313
108.174966
108.943900
109.709252
110.403673
111.150884
111.907075
112.592472
113.258080
113.934286
114.606122
115.247120
115.851741
116.637823
117.277914
118.066667
118.605714
119.177143
119.797460
120.366349
120.873968
121.384444
122.008254
122.616916
123.122041
123.675102
124.244082
124.692245
125.153061
125.799592
126.273878
126.804082
127.374694
127.868345
128.377551
129.580385
130.602857
132.103265
132.883673
135.073469
136.951020
139.048980
140.985306
143.820816
144.500816
145.447937
146.490930
147.374853
148.223923
149.261791
150.312653
151.056599
151.912834
152.867120
154.098095
154.946984
155.852880
156.529841
157.154580
158.179592
158.842948
159.571497
160.546712
161.546712
162.272449
163.001224
164.017007
164.651655
165.325850
166.395782
167.373878
168.051020
168.793333
169.383537
170.007755
170.774875
171.453243
172.385669
173.331111
174.223129
174.914422
175.562041
177.275646
179.279909
181.370703
184.475873
186.477279
188.613878
191.356145
194.314467
196.681224
199.299546
201.879960
202.476871
203.195057
203.858730
204.491111
205.171882
205.835238
206.528707
207.170113
207.879592
208.493741
209.246531
209.978503
210.656689
211.323855
212.009252
212.649048
213.394478
214.146395
215.057551
217.107755
218.286531
219.327755
220.421633
221.529388
222.663265
223.682041
224.677143
225.913878
227.017234
228.133878
229.181088
230.339184
231.423673
232.703673
233.829841
235.287891
236.352744
237.432517
238.368254
239.489796
240.327347
241.143492
241.946576
242.795556
243.613696
244.375737
245.088707
245.817868
245.996281
246.605760
247.206168
247.804717
248.210658
248.584121
248.966304
249.348617
249.780136
250.106304
250.517868
250.895283
251.306621
251.625472
251.948163
252.278118
252.657007
253.052426
253.373243
253.761361
254.019320
254.449206
254.871429
255.225034
255.391020
255.998912
257.024444
258.223401
259.023673
259.863265
260.515964
261.221088
261.921224
262.622540
263.363810
264.098231
264.880816
265.641224
266.304082
267.051293
267.644082
268.350340
268.941905
269.604218
270.322721
271.149796
273.730816
275.810431
277.520340
279.293923
281.451361
283.086576
284.758390
286.813016
289.160249
290.782971
292.583175
294.487143
296.277891
297.748605
299.339660
301.078696
303.209683
304.232698
304.991156
305.816599
306.698685
307.638367
308.554014
309.420136
310.280000
311.240517
312.153061
312.992381
313.694694
314.650612
315.408889
316.368844
317.228163
317.904444
318.874921
319.712063
320.660408
321.623492
322.598730
323.912381
325.337143
326.189206
327.193651
328.322540
329.208571
330.006587
331.130794
332.612698
334.194739
335.531701
338.099592
341.762948
