0.690159
2.356190
3.885397
5.459955
6.867982
8.379592
9.810068
11.344898
12.739456
15.068254
17.579592
21.247619
23.616372
25.653333
30.545714
32.249388
33.754921
35.338231
36.756281
38.276735
41.538776
44.473810
48.610612
51.920363
53.991247
61.582449
63.201905
64.502222
65.945079
67.217778
68.818413
70.147937
71.631542
72.948571
74.316463
75.617551
77.011701
78.352789
79.649116
81.007211
82.241497
83.590884
84.858503
86.412653
87.662177
90.553741
92.805714
95.846009
100.656281
103.997551
107.846281
112.888299
113.986349
114.824762
115.616931
116.419365
117.249841
118.110794
118.931746
119.673175
120.518730
121.172381
122.000317
122.816825
123.623311
124.450930
125.258050
125.996236
126.817868
127.586848
128.437596
129.195646
129.940998
130.729977
131.555283
132.396916
133.142313
133.894966
134.663900
135.429252
136.143673
136.850884
137.667075
138.492472
139.294240
139.954286
140.606122
141.307120
142.158707
142.817823
143.417914
144.146667
144.725714
145.317143
145.797460
146.306349
146.793968
147.324444
147.908254
148.448458
148.902041
149.457551
149.944082
150.352245
150.813061
151.299592
151.733878
152.264082
152.754694
153.148345
153.757551
155.001542
156.022857
157.583265
158.783673
160.613469
162.706531
164.744898
167.265306
170.400816
171.381633
172.327619
173.390930
174.234853
175.123923
176.101791
176.912653
178.236599
179.232834
180.087120
181.178095
182.026984
182.952880
183.529841
184.114580
184.946531
185.502948
186.165748
186.926712
187.846712
188.472449
189.043673
189.877007
190.451655
191.080975
191.995782
192.873878
193.571020
194.193333
194.903537
195.447755
196.174875
196.853243
197.685669
198.471111
199.423129
200.380952
201.962041
204.735646
206.979909
208.970703
212.095873
213.877279
216.033878
218.796145
221.554467
223.901224
226.439546
229.215968
229.856871
230.555057
231.258730
231.871111
232.611882
233.315238
234.168707
234.810113
235.479592
236.213741
236.826531
237.478503
238.256689
238.963855
239.729252
240.499048
241.297914
242.366395
243.357551
245.667755
247.146531
248.215510
249.631429
250.969388
252.463265
253.682041
255.277143
256.673878
258.184671
259.393878
260.721088
261.979184
263.103673
265.243673
266.449841
268.307891
269.672744
270.572517
271.688254
272.749796
273.607347
274.423492
275.226576
276.035556
276.853696
277.635737
278.308707
278.974467
279.596281
280.085760
280.666168
281.304717
281.830658
282.276485
282.766304
283.264308
283.740136
284.226304
284.694467
285.125850
285.566621
286.032834
286.508163
286.956236
287.437007
287.852426
288.293243
288.721361
289.159320
289.589206
290.051429
290.446259
290.944082
291.507782
292.611111
294.323401
295.111837
295.863265
296.475964
297.161088
297.881224
298.462540
299.163810
299.838231
300.560816
301.281224
301.864082
302.551293
303.204082
303.810340
304.985714
305.724218
306.342721
306.949796
309.530816
311.610431
313.780340
316.973923
319.991361
321.973152
324.478390
327.373016
330.300249
332.682971
335.043175
337.365714
340.737891
343.054422
345.479660
348.203492
351.949683
353.472698
354.451156
356.096599
357.038685
358.393469
359.734014
360.840136
362.740000
364.302585
365.586122
367.532381
368.274694
369.450612
370.208889
372.368844
374.068163
374.744444
375.974921
377.312063
378.780408
380.086984
381.278730
382.572381
383.948571
384.769206
386.773651
388.462540
389.768571
391.086349
392.670794
394.712698
397.374739
399.271701
402.319592
406.262948
