1.750159
3.576190
5.505397
7.319955
8.827982
10.339592
12.330068
14.164898
15.899728
18.968254
20.859592
23.922857
25.956372
27.553333
31.865714
33.889388
35.654921
37.518231
39.116281
40.965578
43.198776
45.313810
47.954122
49.900363
51.684944
55.542449
57.301905
59.088889
60.685079
62.357778
64.498413
66.053968
67.751542
69.368571
71.191293
72.865850
74.411701
76.112789
77.709116
79.367211
81.061497
82.810884
84.378503
86.012653
87.702177
89.673741
91.865714
94.146009
96.936281
99.117551
101.372562
104.548299
105.246349
106.064762
106.850794
107.679365
108.389841
109.190794
110.031746
110.738783
111.598730
112.362063
113.060317
113.887103
114.483311
115.230930
115.978050
116.676236
117.492623
118.162283
118.972532
119.635646
120.340998
121.109977
121.857642
122.596916
123.322313
124.034966
124.743900
125.529252
126.243673
126.950884
127.867075
128.550824
129.247120
129.954286
130.686122
131.327120
132.078707
132.837823
133.477914
134.246667
134.825714
135.537143
136.037460
136.586349
137.073968
137.584444
138.248254
138.856916
139.344082
139.917551
140.464082
140.932245
141.433061
141.999592
142.493878
143.004082
143.534694
144.028345
144.477551
145.701542
146.702857
148.243265
149.183673
150.613469
151.735510
152.988980
154.785306
157.220816
158.180816
159.087937
160.021859
160.814853
161.663923
162.621791
163.692653
164.616599
165.392834
166.227120
167.098095
167.866984
168.732880
169.396614
170.054580
170.966531
171.622948
172.251497
173.266712
174.186712
174.912449
175.563673
176.446168
177.071655
177.704308
178.715782
179.636939
180.371020
180.993333
181.643537
182.287755
182.933452
183.573243
184.285669
184.962222
185.763129
186.395238
187.142041
188.335646
189.759909
191.610703
194.155873
195.777279
197.553878
200.156145
202.874467
205.201224
207.926616
210.939683
211.536871
212.127528
212.878730
213.411111
214.011882
214.775238
215.468707
216.210113
216.875510
217.413741
217.986531
218.598503
219.336689
220.023855
220.849252
221.458095
222.137914
223.086395
223.997551
225.627755
226.846531
227.507755
228.601633
229.669388
230.763265
231.702041
232.917143
234.193878
234.937234
235.953878
236.901088
237.939184
239.003673
240.123673
241.020984
242.447891
243.432744
244.332517
245.268254
246.183265
246.967347
247.923492
248.846304
249.775556
250.653696
251.515737
252.248707
253.217868
254.016281
254.725760
255.426168
256.144717
256.810658
257.512971
258.146304
258.848617
259.540136
260.126304
260.717868
261.325850
261.886621
262.472834
263.128163
263.636236
264.237007
264.732426
265.259728
265.781361
266.416599
266.869206
267.437143
267.945034
268.544082
269.218912
270.144444
271.763401
272.387279
272.963265
273.535964
274.221088
274.901224
275.442540
276.043810
276.738231
277.411202
277.981224
278.544082
279.224470
279.884082
280.470340
281.085714
281.684218
282.362721
283.029796
286.410816
288.510431
290.360340
292.333923
294.371361
295.906576
297.679195
299.673016
301.740249
303.362971
305.043175
306.594524
309.097891
310.754422
312.719660
314.963492
317.609683
318.812698
320.242313
321.836599
322.818685
323.818367
325.454014
326.960816
328.420000
330.002585
331.393061
332.792381
334.114694
335.550612
336.308889
338.428844
340.288163
341.164444
342.314921
343.748254
345.400408
346.663492
348.278730
350.072381
351.448571
352.929206
354.193651
356.022540
356.968571
358.766349
360.830794
363.305397
366.194739
368.231701
371.039592
375.282948
