0.350159
2.056190
3.845397
5.559955
7.507982
9.039592
10.690068
12.624898
14.399728
16.428254
18.459592
21.161905
22.836372
24.471795
27.645714
29.389388
31.014921
32.771156
34.416281
36.245578
38.598776
39.953810
42.910612
44.600363
46.651247
49.802449
51.541905
52.986667
54.325079
55.597778
57.058413
58.455873
59.951542
61.368571
62.691293
64.005850
65.335102
66.692789
68.029116
69.367211
70.801497
72.110884
73.458503
74.895918
76.342177
78.153741
80.265714
82.506009
85.196281
87.197551
89.426281
92.748299
93.706349
94.629524
95.550794
96.479365
97.409841
98.330794
99.271746
100.192698
101.118730
102.052381
102.940317
103.956825
104.843311
105.790930
106.718050
107.596236
108.497868
109.393696
110.317596
111.175646
112.000998
112.809977
113.595283
114.396916
115.182313
115.914966
116.663900
117.423084
118.043673
118.790884
119.516769
120.272472
120.937120
121.534286
122.106122
122.687120
123.398707
124.017823
124.377914
125.053333
125.585714
126.157143
126.637460
127.146349
127.433968
127.905556
128.328254
129.096916
129.562041
130.137551
130.644082
131.112245
131.653061
132.139592
132.613878
133.224082
133.714694
134.248345
134.797551
136.361542
137.682857
139.463265
140.643673
142.133469
143.535510
144.988980
146.606472
148.895342
149.780816
150.687937
151.630930
152.514853
153.423923
154.381791
155.452653
156.336599
157.192834
158.107120
159.118095
160.066984
160.892880
161.629841
162.374580
163.479592
164.222948
164.991497
166.066712
167.126712
167.892449
168.643673
169.737007
170.471655
171.225850
172.315782
173.393878
174.131020
174.873333
175.723537
176.447755
177.354875
178.073243
178.985669
180.091111
181.020782
181.920952
182.922041
184.895646
186.779909
188.950703
191.955873
193.777279
196.033878
198.576145
201.474467
204.061224
206.859546
210.159683
210.676871
211.395057
212.198730
212.831111
213.571882
214.335238
215.068707
215.790113
216.459592
217.213741
217.926531
218.678503
219.436689
220.083855
220.769252
221.558095
222.117914
222.973197
223.737551
225.202585
226.146531
227.027755
227.961633
229.029388
229.963265
230.862041
231.717143
232.838469
233.917234
234.893878
235.781088
236.799184
237.863673
238.498486
239.589841
240.927891
241.852744
242.632517
243.488254
244.409796
245.167347
245.983492
246.806576
247.655556
248.433696
249.135737
249.848707
250.657868
251.276281
251.825760
252.226168
252.804717
253.216886
253.712971
254.046304
254.508617
254.920136
255.306304
255.737868
256.060975
256.426621
256.747548
257.148163
257.476236
257.917007
258.292426
258.653243
259.053787
259.299320
259.729206
260.111429
260.495011
260.864082
261.338912
262.465859
263.423401
264.123673
264.923265
265.575964
266.301088
267.041224
267.642540
268.323810
269.078231
269.800816
270.541224
271.164082
271.975420
272.584082
273.430340
274.205714
274.924218
275.762721
276.649796
279.210816
281.150431
282.757816
284.673923
286.451361
288.186576
289.758390
291.793016
293.400249
294.947657
296.563175
298.227143
300.097891
301.494422
303.199660
305.103492
307.669683
308.632698
310.111156
311.516599
312.338685
313.438367
314.514014
316.120136
317.480000
318.782585
320.333061
322.372381
323.214694
324.030612
325.068889
325.908844
327.048163
327.884444
328.814921
330.012698
331.240408
332.783492
333.758730
334.952381
336.008571
336.929206
337.773651
339.042540
339.908571
340.886349
342.550794
344.612698
347.014739
348.771701
351.179592
354.842948
