2.630159
4.456190
5.845397
7.299955
8.807982
10.279592
11.930068
13.364898
14.939728
17.868254
20.859592
24.167619
26.396372
28.566667
33.465714
35.174694
36.474921
37.898231
39.256281
40.765578
43.458776
45.533810
48.490612
50.480363
52.271247
56.362449
58.041905
59.422222
60.865079
62.277778
63.698413
65.273968
66.571542
68.068571
69.545170
70.925850
72.338503
73.792789
75.009116
76.667211
77.901497
79.383537
80.658503
82.032653
83.562177
85.733741
88.065714
90.326009
93.216281
95.137551
97.326281
101.828299
102.726349
103.484762
104.350794
105.299365
105.869841
106.670794
107.471746
108.232698
108.998730
109.790340
110.480317
111.256825
112.023311
112.830310
113.618050
114.416236
115.297868
115.986848
116.857596
117.667823
118.380998
119.229977
119.995283
120.776916
121.551156
122.334966
123.103900
123.929252
125.003673
125.450884
126.327075
127.112472
127.934240
128.614286
129.326122
130.047120
130.918707
131.697823
132.477914
133.406667
134.025714
134.757143
135.257460
135.986349
136.473968
136.944444
137.588254
138.536916
139.042041
139.637551
140.124082
140.592245
141.153061
141.719592
142.173878
142.724082
143.214694
143.788345
144.237551
145.521542
147.242857
149.203265
150.863673
152.793469
154.615510
156.408980
158.705306
161.960816
162.920816
163.807937
164.690930
165.374853
166.223923
167.121791
168.072653
168.734150
169.585669
170.467120
171.438095
172.126984
173.032880
173.789841
174.514580
175.639592
176.382948
177.131497
178.246712
179.346712
180.132449
180.923673
181.977007
182.731655
183.485850
184.595782
185.653878
186.391020
187.133333
187.903537
188.627755
189.494875
190.113243
190.985669
191.711111
192.523129
193.420952
194.182041
195.895646
197.979909
199.499483
202.275873
204.037279
205.893878
208.696145
211.674467
214.041224
216.779546
219.819683
220.496871
221.215057
221.998730
222.811111
223.571882
224.315238
225.228707
225.990113
226.739796
227.533741
228.306531
229.098503
229.876689
230.643855
231.409252
232.144524
232.877914
233.766395
234.657551
236.447755
237.886531
239.047755
240.241633
241.429388
242.563265
243.742041
245.477143
246.773878
247.857234
249.033878
250.101088
251.219184
252.423673
253.543673
254.669841
256.267891
257.692744
258.592517
259.548254
260.549796
261.507347
262.383492
263.286576
264.155556
264.873696
265.575737
266.408707
267.257868
268.056281
268.685760
269.386168
270.104717
270.730658
271.372971
271.966304
272.668617
273.340136
273.986304
274.557868
275.185850
275.866621
276.372834
277.068163
277.644943
278.337007
278.912426
279.393243
279.941361
280.479320
281.309206
281.851429
282.345034
282.884082
283.522702
284.764444
286.383401
287.223673
288.023265
288.655964
289.341088
290.101224
290.742540
291.443810
292.198231
292.940816
293.721224
294.384082
295.111293
295.888163
296.570340
297.315238
298.044218
298.862721
299.749796
303.730816
305.765215
307.540340
309.953923
312.191361
314.179728
316.258390
318.333016
320.740249
322.762971
324.683175
326.487143
329.057891
330.894422
332.999660
335.183492
338.089683
339.012698
339.751156
340.676599
341.858685
342.978367
344.154014
345.420272
346.600000
347.902585
349.186122
350.449524
351.454694
352.390612
353.148889
355.108844
356.408163
357.224444
358.674921
359.852063
360.840408
362.303492
363.398730
364.952381
366.328571
367.229206
369.153651
370.482540
371.648571
373.146349
374.690794
377.512698
380.074739
381.991701
385.319592
389.962948
