1.090159
1.716190
2.905397
4.159955
5.127982
6.189796
7.470068
8.784898
9.919728
12.308254
14.239592
16.987619
18.736372
20.533333
24.005714
25.309388
26.474921
27.718231
28.883256
30.065578
32.438776
34.653810
37.870612
40.000363
41.891247
46.530498
47.621905
48.922222
50.325079
51.437778
52.658413
53.873968
55.111542
56.348571
57.511293
58.645850
59.835102
61.032789
62.189116
63.347211
64.501497
65.670884
66.778503
67.912653
69.202177
71.593741
72.965714
75.066009
78.036281
80.037551
82.346281
86.788299
87.546349
88.344762
89.110794
89.859365
90.569841
91.290794
92.011746
92.752698
93.518730
94.252381
94.940317
95.736825
96.423311
97.090930
97.898050
98.556236
99.357868
100.026848
100.777596
101.515646
102.260499
102.989977
103.735283
104.416916
105.102313
105.814966
106.543900
107.269252
107.943673
108.670884
109.427075
110.092472
110.794240
111.454286
112.106122
112.747120
113.498707
114.277823
114.685971
115.426667
115.985714
116.457143
117.077460
117.666349
118.153968
118.704444
119.288254
119.796916
120.304082
120.837551
121.344082
121.872245
122.393061
122.899592
123.353878
123.944082
124.434694
124.868345
125.437551
126.465935
127.422857
128.663265
129.823673
131.453469
132.675510
134.268980
136.025306
138.880816
139.400816
140.307937
141.290930
142.114853
142.983923
143.921791
144.952653
145.816599
146.652834
147.547120
148.518095
149.306984
150.292880
151.009841
151.594580
152.449796
153.022948
153.611497
154.466712
155.466712
156.112449
156.763673
157.579002
158.231655
158.925850
159.755782
160.653878
161.295510
162.013333
162.643537
163.247755
164.174875
164.753243
165.505669
166.267778
167.023129
167.840952
168.682041
170.295646
172.319909
173.955351
176.775873
178.457279
180.373878
182.896145
185.734467
187.741224
190.039546
192.919683
193.616871
194.315057
194.958730
195.671111
196.391882
197.155238
197.888707
198.610113
199.339592
200.093741
200.746531
201.498503
202.216689
202.943855
203.669252
204.478095
205.097914
206.046395
206.917551
209.067755
210.586531
211.687755
212.821633
214.069388
215.263265
216.286122
217.457143
218.613878
219.717234
220.873878
221.761088
222.839184
223.727891
224.614558
225.569841
227.047891
228.152744
229.052517
229.968254
230.949796
231.707347
232.523492
233.326576
233.955556
234.773696
235.475737
236.128707
236.837868
237.496281
238.125760
238.766168
239.404717
239.990658
240.552971
241.046304
241.688617
242.260136
242.746304
243.257868
243.785850
244.326621
244.812834
245.404490
245.924943
246.497007
246.912426
247.512426
248.061361
248.537279
249.069206
249.571429
250.045034
250.624082
251.278912
252.226496
253.603401
254.363673
255.163265
255.675964
256.381088
257.021224
257.662540
258.323810
259.058231
259.820816
260.581224
261.092041
261.811293
262.536020
263.010340
263.745714
264.404218
265.142721
265.909796
268.510816
270.502341
272.000340
273.973923
275.191361
276.486576
277.998390
279.853016
281.300249
282.822971
284.191587
285.767143
287.437891
289.134422
290.819660
292.623492
295.149683
295.912698
296.611156
297.716599
298.478685
299.456735
300.534014
301.540136
302.440000
303.502585
304.393061
305.452381
306.334694
307.430612
308.428889
309.388844
310.548163
311.264444
312.314921
313.332063
314.400408
315.583492
316.586243
317.752381
319.108571
320.169206
321.153651
322.462540
323.408571
324.446349
325.837698
327.632698
329.894739
331.711701
334.839592
338.482948
