0.667166
1.772161
2.725397
3.799955
4.927982
5.729796
6.850068
7.830816
8.839728
9.848254
10.909703
13.023810
13.876372
14.633333
16.728571
17.754694
18.874921
20.098231
20.762035
21.732789
22.978776
23.711151
25.541020
26.440363
27.591247
29.562449
30.601905
31.822222
32.705079
33.697778
34.579206
35.673968
36.691542
37.568571
38.511293
39.405850
40.351701
41.272789
42.203039
43.087211
44.101497
45.070884
46.079252
46.892653
47.802177
49.053741
49.905714
51.203510
52.756281
53.737551
54.586281
57.408299
58.386349
59.309524
60.290794
61.259365
62.189841
63.170794
64.191746
65.152698
66.178730
67.092381
67.980317
69.016825
69.983311
70.870930
71.938050
72.856236
73.777868
74.806848
75.777596
76.735646
77.700998
78.649977
79.615283
80.576916
81.562313
82.654966
83.503900
84.429252
85.343673
86.210884
87.147075
88.092472
88.974240
89.794286
90.566122
91.447120
92.338707
93.137823
93.897914
94.726667
95.485714
96.317143
96.877460
97.746349
98.253968
98.884444
99.708254
100.396916
101.062041
101.797551
102.444082
102.812245
103.753061
104.239592
104.813878
105.744082
106.454694
107.068345
107.617551
108.861542
109.462857
110.443265
111.303673
112.573469
113.775510
114.484490
116.045306
117.840816
118.803265
119.767937
120.690930
121.614853
122.523923
123.481791
124.392653
125.416599
126.312834
127.207120
128.218095
129.026984
129.932880
130.669841
131.334580
132.399796
133.102948
133.771497
134.246496
134.262428
134.912449
135.503673
135.874652
135.928577
135.946497
135.997324
136.129388
136.597007
137.313333
138.043537
138.667755
139.474875
140.093243
140.905669
141.591111
142.403129
143.106984
144.102041
146.195646
147.639909
149.330703
151.535873
152.737279
154.213878
156.016145
158.134467
160.101224
161.482792
163.299683
164.276871
165.315057
166.558730
167.893333
169.091882
170.355238
171.728707
172.810113
173.939592
175.253741
176.346531
177.498503
178.696689
179.903855
181.149252
182.378095
183.297914
184.646395
185.697551
187.947755
189.892245
191.415510
193.986531
195.109388
196.503265
198.022041
199.357143
201.193878
202.317234
204.753878
206.141088
207.439184
209.063673
210.883673
212.009841
213.847891
215.452744
216.672517
218.348254
219.369796
220.074558
220.863492
223.346576
224.791111
226.013696
227.135737
228.168707
229.497868
230.916281
231.665760
232.766168
233.764717
234.690658
235.492971
236.426304
237.328617
238.180136
238.966304
239.837868
240.725850
241.406621
242.172834
243.024490
243.836236
244.717007
245.492426
246.333243
247.141361
247.939320
248.769206
249.671429
250.545034
251.324082
252.158912
253.504444
254.983401
255.723673
256.583265
257.335964
258.201088
259.041224
259.742540
260.703810
261.558231
262.441633
263.301224
264.004082
264.991293
265.784082
266.650340
267.545714
268.444218
269.282721
270.229796
272.309663
273.790431
276.180340
278.193923
280.631361
282.506576
284.678390
286.653016
289.380249
291.382971
293.323175
295.087143
298.055782
299.914422
302.119660
304.023492
307.089683
308.492698
309.471156
311.456599
312.478685
313.938367
315.574014
317.080136
319.000000
320.482585
322.218367
323.872381
325.214694
327.590612
328.428889
331.108844
333.048163
333.724444
335.334921
337.212063
339.320408
341.170476
342.598730
344.332381
346.088571
347.669206
349.413651
351.502540
352.388571
355.066349
357.350794
360.392698
362.714739
364.071701
366.599592
370.162948
