0.990159
2.596190
3.645397
5.039955
6.287982
7.579592
8.670068
10.044898
11.379728
13.508254
15.459592
18.187619
19.876372
21.733333
25.745714
27.369388
28.494921
29.838231
31.056281
32.305578
34.598776
36.845690
39.786122
41.380363
44.051247
48.582449
50.101905
51.342222
52.485079
53.686667
55.038413
56.273968
57.471542
58.568571
59.611293
60.645850
61.711701
62.752789
63.809116
64.907211
66.081497
67.130884
68.198503
69.432653
70.182177
71.653741
73.645714
76.346009
79.396281
81.757551
83.886281
88.588299
89.386349
90.044762
90.767256
91.419365
92.049841
92.785397
93.485873
94.132698
94.858730
95.569048
96.200317
96.888413
97.603311
98.250310
99.012683
99.656236
100.358934
101.126848
101.897596
102.535646
103.240998
103.949992
104.675283
105.456916
106.163719
106.814966
107.523900
108.229252
108.903673
109.590884
110.293537
111.092472
111.825424
112.394286
113.026122
113.767120
114.418707
115.157823
115.757914
116.566667
117.085714
117.597143
118.057460
118.626349
118.986794
119.444444
119.988254
120.468458
120.842041
121.357551
121.821361
122.112245
122.533061
122.979592
123.373878
123.784082
124.234694
124.568345
124.997551
126.081542
127.102857
128.843265
129.903673
131.493469
132.775510
134.248980
136.145306
139.120816
139.880816
140.647937
141.390930
142.134853
142.903923
143.721791
144.612653
145.296599
146.052834
146.793560
147.658095
148.466984
149.332880
150.109841
150.794580
151.799592
152.422948
153.111497
154.146712
155.146712
155.852449
156.563673
157.517007
158.171655
158.925850
159.875782
160.853878
161.591020
162.213333
162.803537
163.455510
164.254875
164.931081
165.805669
166.611111
167.463129
168.330476
169.222041
170.775646
172.579909
174.590703
177.615873
179.497279
181.493878
184.376145
187.734467
190.581224
193.659546
197.299683
197.916871
198.475057
199.263746
199.831111
200.471882
201.235238
201.928707
202.590113
203.209796
203.873741
204.526531
205.158503
205.956689
206.623855
207.449252
208.018095
208.717914
209.726395
210.737551
212.887755
214.306531
215.227755
216.341633
217.349388
218.423265
219.342041
220.423429
221.493878
222.517234
223.673878
224.621088
225.519184
226.623673
227.743673
228.769841
230.147891
231.212744
232.112517
233.028254
233.769796
234.607347
235.340873
235.986576
236.775556
237.553696
238.235737
238.828707
239.477868
240.036281
240.645760
241.186168
241.724717
242.203553
242.732971
243.246304
243.608617
244.100136
244.466304
244.977868
245.285850
245.702207
246.011604
246.388163
246.756236
247.117007
247.532426
247.853243
248.281361
248.539320
248.894603
249.151429
249.531259
249.984082
250.479637
251.218963
252.701701
253.503673
254.283265
254.875964
255.561088
256.261224
256.962540
257.683810
258.518231
259.260816
260.021224
260.652041
261.271293
262.088163
262.850340
263.505714
264.184218
264.982721
265.829796
269.110816
271.130431
272.640340
274.333923
276.531361
278.406576
280.078390
282.013016
284.180249
286.182971
288.063175
289.707143
292.217891
294.034422
296.139660
298.163492
301.229683
302.092698
302.811156
303.616599
304.298685
305.218367
305.954014
306.820136
307.860000
308.762585
309.933061
310.892381
311.634694
312.290612
313.048889
314.408844
315.188163
315.944444
316.774921
317.792063
318.720408
319.623492
320.598730
321.692381
322.768571
323.629206
324.393651
325.542540
326.428571
327.386349
328.870794
331.272698
334.389478
336.831701
339.819592
343.462948
