3.570159
5.096190
6.465397
7.979955
9.447982
10.799592
12.130068
13.604898
15.579456
18.008254
20.119592
23.127619
25.476372
27.293333
32.425714
33.964198
35.354921
36.798231
38.196281
39.691156
42.238776
44.453810
47.770612
49.640363
52.131247
56.602449
58.261905
59.584444
60.885079
62.137778
63.618413
64.733968
65.991542
67.268571
68.471293
69.591701
70.846803
72.112789
73.349116
74.627211
75.921497
77.150884
78.538503
79.712653
81.022177
83.354966
85.405714
87.186009
90.436281
92.577551
94.706281
99.228299
100.066349
100.804762
101.587256
102.339365
103.169841
103.885132
104.595873
105.326349
106.098730
106.792381
107.480317
108.276825
109.003311
109.830930
110.698050
111.436236
112.285956
113.086848
113.917596
114.715646
115.500998
116.309977
117.097642
117.945639
118.742313
119.554966
120.143900
120.889252
121.643673
122.330884
123.067075
123.812472
124.594240
125.314286
126.006122
126.787120
127.558707
128.357823
128.817914
129.666667
130.245714
131.017143
131.737460
132.506349
132.993968
133.644444
134.348254
135.016916
135.622041
136.357551
136.844082
137.792245
138.233061
138.759592
139.313878
139.844082
140.454694
140.848345
141.277551
142.501542
143.722857
144.603265
145.674558
146.911156
147.655510
148.628980
150.365306
152.648688
153.420816
154.419365
155.450930
156.274853
157.123923
158.141791
158.912653
160.216599
161.232834
162.147120
163.158095
163.986984
165.272880
165.969841
166.594580
167.639592
168.322948
168.991497
170.006712
171.086712
171.792449
172.483673
173.417007
174.111655
174.825850
175.815782
176.853878
177.571020
178.293333
179.043537
179.807755
180.554875
181.233243
182.025669
182.771111
183.523129
184.460952
185.402041
187.975646
189.699909
191.342141
194.015873
195.677279
197.653878
199.816145
202.474467
204.321224
206.699546
209.319683
209.976871
210.675057
211.418730
212.162778
212.851882
213.495238
214.188707
214.950113
215.659592
216.553741
217.206531
217.879252
218.616689
219.303855
220.109252
220.712698
221.237914
222.166395
222.877551
224.787755
226.146122
227.247755
228.441633
229.629388
230.863265
231.782041
233.217143
234.573878
235.771701
236.933878
237.961088
239.159184
240.323673
241.483673
242.609841
243.907891
244.972744
246.132517
247.088254
248.089796
248.987347
250.043492
250.866576
251.735556
252.453696
253.155737
253.748707
254.517868
255.136281
255.665760
256.166168
256.724717
257.255329
257.696485
258.166304
258.648617
259.120136
259.586304
260.017868
260.505850
260.926621
261.332834
261.788163
262.236236
262.697007
263.112426
263.593243
264.061361
264.419320
264.909206
265.371429
265.745034
266.164082
266.718912
267.864444
269.603401
270.123673
270.663265
271.015964
271.561088
272.021224
272.462540
273.023810
273.504558
273.980816
274.481224
274.909155
275.251293
275.604082
276.230340
276.896429
277.404218
277.942721
278.529796
280.548795
281.362608
283.040340
285.013923
287.091361
288.686576
290.478390
291.633016
294.040249
295.782971
297.314834
298.787143
301.337891
303.094422
305.099660
307.343492
309.082421
310.492698
311.502313
312.776599
313.538685
314.698367
315.754014
317.160136
318.160000
319.262585
320.753061
322.252381
323.134694
324.050612
324.808889
326.908844
327.748163
328.424444
329.334921
330.332063
331.760408
333.063492
334.118730
335.712381
337.488571
338.849206
340.093651
341.522540
343.017143
343.946349
346.030794
348.092698
349.974739
351.871701
355.039184
359.182948
