4.470159
6.098730
7.225397
8.499955
9.427982
10.599592
11.510068
12.784490
13.779728
15.068254
16.761781
18.647619
19.716372
21.353333
24.085714
25.149388
26.214921
27.278231
28.332094
29.285578
31.038776
32.453810
33.964601
35.400363
36.891247
39.422449
40.641905
41.882222
42.805079
43.877778
45.056402
46.093968
47.191542
48.308571
49.371293
50.425850
51.491701
52.572789
53.629116
54.767211
55.881497
56.950884
57.978503
59.032653
60.182177
61.373741
62.745714
64.191502
65.836281
67.837551
69.467614
72.688299
73.546349
74.504762
75.430794
76.419365
77.249841
78.170794
79.071746
79.972698
80.878730
81.772381
82.600317
83.536825
84.383311
85.290930
86.178050
87.016236
87.877868
88.726848
89.617596
90.495646
91.300998
92.149977
92.915283
93.736916
94.522313
95.398322
96.123900
96.909252
97.683673
98.450884
99.193537
99.972472
100.674240
101.314286
101.946122
102.535707
103.329354
103.989456
104.417914
105.086667
105.665714
106.297143
106.797460
107.466349
107.953968
108.464444
109.028254
109.636916
110.142041
110.697551
111.244082
111.712245
112.213061
112.719592
113.213878
113.784082
114.274694
114.768345
115.217551
116.408792
117.782857
119.523265
120.591837
121.754449
123.055510
124.088980
125.745306
127.880816
128.903265
129.951746
131.170930
132.094853
133.043923
134.221791
135.132653
136.036599
137.242676
138.527120
139.658095
140.726984
141.652880
142.469841
143.254580
144.359592
145.122948
145.891497
146.404167
146.426671
147.132449
147.683673
148.293167
148.411655
148.547113
148.807987
149.013878
149.311743
149.793333
150.603537
151.298776
152.214875
152.973243
153.845669
154.671111
155.583129
156.500952
157.702041
159.947823
161.699909
163.430234
166.235873
167.557279
169.193878
171.676145
174.277234
176.721224
178.679546
180.099683
180.736871
181.555057
182.358730
183.131111
183.831882
184.595238
185.428707
186.230113
187.019592
187.833741
188.546531
189.298503
190.076689
190.803855
191.629252
192.418095
193.117914
193.906395
194.837551
196.327755
197.785714
199.011020
201.061633
202.129388
203.483265
204.482041
205.617143
206.973878
208.057234
209.633878
210.901088
212.079184
213.343673
214.563673
215.689841
217.467891
218.532744
219.512517
220.548254
221.404898
222.127347
222.943492
223.746576
224.595556
225.413696
226.075737
226.708707
227.377868
228.076281
228.685760
229.286168
229.884717
230.470658
231.012971
231.546304
232.188617
232.880136
233.586304
234.397868
235.145850
235.866621
236.572834
237.180816
237.956236
238.737007
239.352426
240.253243
240.981361
241.718639
242.369206
243.151429
243.885034
244.424082
244.738912
245.844444
247.463401
248.283673
249.123265
249.855964
250.581088
251.321224
252.022540
252.803810
253.678231
254.500816
255.341224
256.024082
256.911293
257.604082
258.410340
259.146429
259.901406
260.682721
261.469796
263.590117
265.370431
267.300340
269.273923
271.491361
273.366576
275.158390
277.293016
279.740249
281.402971
283.311587
285.087143
287.517891
289.274422
291.479660
293.903492
296.909683
298.032698
298.931156
300.076599
301.157370
302.151837
303.414014
304.460136
305.440000
306.662585
308.053061
308.952381
309.874694
311.110612
311.868889
313.068844
314.328163
315.084444
316.194921
317.132063
318.240408
319.143492
320.198730
321.272381
322.368571
323.269206
324.313651
325.542540
326.548571
327.606349
328.850794
330.772698
332.994739
334.211701
336.999592
340.582948
