0.750159
2.416190
3.525397
4.819955
6.287982
7.379592
8.590068
9.964898
11.839728
16.828254
19.079184
23.367619
26.136372
29.233333
33.745714
35.145878
36.334921
37.438231
38.336281
39.625578
42.478776
47.973810
52.450612
56.160363
58.511247
65.202449
66.681905
67.822222
68.865079
69.937778
71.099471
72.293968
73.491542
74.604286
75.631293
76.685850
77.671701
78.712789
79.729116
80.767211
81.901497
82.955442
83.958503
84.972653
86.002177
88.933741
92.965714
97.166009
101.256281
104.617551
106.866281
113.516599
114.386349
115.244762
116.030794
116.879365
117.679683
118.470794
119.311746
120.116349
120.938730
121.732381
122.510159
123.356825
124.123311
124.890930
125.698050
126.516236
127.357868
128.166848
128.977596
129.835646
130.680998
131.449977
132.295283
133.116916
133.902313
134.754966
135.563900
136.389252
137.163673
137.970884
138.807075
139.612472
140.474240
141.274286
142.006122
142.847120
143.698707
144.571293
145.357914
146.146667
146.745714
147.517143
148.017460
148.546349
149.093968
149.604444
150.308254
150.896916
151.342041
151.877551
152.364082
152.772245
153.233061
153.719592
154.093878
154.564082
155.014694
155.408345
155.977551
157.341542
158.762857
160.443265
162.183673
164.093469
166.255510
167.828980
169.522653
171.780816
172.740816
173.607937
174.290930
175.174853
175.963923
176.881791
177.732653
178.376599
179.232834
180.187120
181.158095
181.906984
182.812880
183.469841
184.114580
185.199592
185.802948
186.491497
187.546712
188.546712
189.212449
189.923673
190.877007
191.551655
192.205850
193.295782
194.368469
195.071020
195.793333
196.443537
197.095510
197.934875
198.733243
199.665669
200.571111
201.503129
202.340952
203.200510
204.755646
206.559909
208.770703
211.495873
213.277279
215.233878
217.876145
220.614467
223.061224
225.739546
228.939683
229.476871
230.155057
230.779365
231.491111
232.171882
232.875238
233.588707
234.310113
234.999592
235.653741
236.306531
236.978503
237.718896
238.403855
239.169252
239.938095
240.677914
241.566395
242.397551
244.407755
245.666531
246.567755
247.821633
248.929388
250.043265
251.062041
252.177143
253.273878
254.357234
255.493878
256.481088
257.459184
258.683673
259.783673
260.909841
262.407891
263.492744
264.372517
265.288254
266.049796
266.847347
267.663492
268.326576
269.015556
269.673696
270.375737
271.008707
271.777868
272.476281
273.125760
273.506168
274.144717
274.730658
275.286485
275.766304
276.308617
276.860136
277.346304
277.857868
278.385850
278.846621
279.352834
279.988163
280.516236
281.037007
281.452426
281.979728
282.581361
283.039320
283.629206
284.091429
284.505034
285.084082
285.672971
286.904444
288.480189
288.863673
289.683265
290.335964
291.081088
291.801224
292.502540
293.243810
294.058231
294.840816
295.601224
296.264082
297.051293
297.744082
298.510340
299.165714
299.864218
300.582721
301.289796
304.890816
306.970431
309.720340
311.693923
314.291361
316.366576
318.678390
321.133016
323.620249
325.842971
328.143175
330.028571
333.037891
335.194422
337.739660
340.123492
343.369683
344.252698
344.971156
345.936599
346.817370
347.678367
348.634014
349.630068
350.480000
351.447528
352.613061
353.432381
354.194694
355.170612
355.928889
356.908844
358.008163
358.824444
359.834921
360.812063
361.780408
362.523492
363.468390
364.312381
365.208571
366.049206
366.813651
367.902540
368.768571
369.626349
370.870794
372.952698
375.014739
376.711701
379.239592
382.962948
