0.970159
1.754048
2.645397
3.679955
4.367982
5.339592
6.258345
7.321915
8.239728
10.768254
13.599592
16.527619
18.676372
20.893333
25.505714
26.921565
27.654921
28.638231
29.316281
30.545578
33.638776
35.613810
38.674662
40.580363
42.331247
46.322449
47.601905
48.762222
49.722540
50.659556
51.804172
52.693968
53.730514
54.708571
55.731293
56.725850
57.671701
58.632789
59.529116
60.527211
61.521497
62.470884
63.298503
64.332653
65.362177
67.193741
69.908571
72.466009
75.476281
77.732653
79.815427
84.348299
85.186349
86.044762
86.930794
87.859365
88.629841
89.450794
90.271746
91.112698
91.929365
92.712381
93.520317
94.356825
95.123311
95.915465
96.758050
97.576236
98.377868
99.246848
100.157596
101.035646
101.880998
102.729977
103.535283
104.445639
105.262313
106.134966
106.983900
107.809252
108.623673
109.450884
110.287075
111.092472
111.894240
112.654286
113.306122
114.087120
114.978707
115.737823
116.477914
117.326667
117.905714
118.497143
119.117460
119.686349
120.173968
120.604444
121.168254
121.996916
122.462041
123.017551
123.624082
124.032245
124.553061
125.099592
125.533878
126.064082
126.514694
126.948345
127.497551
129.201542
130.522857
132.563265
134.083673
136.173469
137.935510
139.648980
142.105306
145.420816
146.360816
147.207937
148.070930
148.894853
149.743923
150.601791
151.592653
152.356599
153.212834
154.067120
155.078095
155.826984
156.652880
157.449841
158.274580
159.439592
160.222948
161.011497
162.306712
163.346712
164.132449
164.943673
166.017007
166.771655
167.585850
168.815782
169.893878
170.691020
171.473333
172.263537
173.087755
174.014875
174.633243
175.585669
176.391111
177.343129
178.240952
179.342041
180.855646
182.739909
184.870703
187.783492
189.617279
191.673878
194.216145
196.854467
199.161224
201.779546
205.179683
206.016871
206.755057
207.478730
208.271111
208.931882
209.695238
210.548707
211.350113
211.999592
212.813741
213.586531
214.278503
215.036689
215.763855
216.529252
217.238095
217.997914
218.846395
219.837551
221.967755
223.246531
224.287755
225.601633
226.629388
227.723265
228.582041
229.697143
230.833878
231.897234
233.033878
234.021088
235.099184
236.163673
237.203673
238.009841
239.307891
240.292744
241.192517
242.108254
242.716392
243.453673
244.263492
245.066576
245.715556
246.413696
247.075737
247.688707
248.377868
248.998141
249.565760
250.126168
250.704717
251.270219
251.792971
252.326304
252.888617
253.460136
253.946304
254.477868
254.985850
255.466621
255.932834
256.568163
257.132472
257.657007
258.072426
258.652971
259.141361
259.579320
260.089206
260.651429
261.065034
261.644082
262.179456
263.054815
264.343401
265.143673
265.883265
266.515964
267.261088
267.881224
268.522540
269.283810
269.878231
270.600816
271.201224
271.884082
272.471293
273.164082
273.883447
274.402857
275.124218
275.702721
276.369796
279.390816
281.470431
283.260340
285.261769
287.611361
289.466576
291.238390
292.973016
295.260249
296.762971
298.543175
300.127143
302.977891
304.454422
306.359660
308.403492
310.951789
311.812698
312.571156
313.456599
314.218685
315.078367
315.774014
316.720136
317.560000
318.562585
319.453061
320.212381
321.054694
321.890612
322.588889
323.628844
324.428163
325.104444
325.974921
326.812063
327.620408
328.423492
329.358730
330.056190
330.908571
331.709206
332.473651
333.356595
334.128571
334.946349
336.270794
338.772698
340.754739
342.491701
344.839592
348.122948
