0.710159
2.118095
3.445397
4.839955
6.147982
7.459592
8.750068
10.144898
11.779184
14.128254
16.639592
19.727619
21.496372
24.166667
28.885714
30.269388
31.674921
32.998231
34.396281
35.845578
38.638776
40.753810
43.830612
46.420363
48.911247
52.902449
54.341905
55.702222
56.905079
58.197778
59.538413
60.813968
62.071542
63.428571
64.742585
65.985850
67.271701
68.532789
69.769116
71.047211
72.341497
73.610884
74.758503
75.972653
77.282177
79.033741
81.665714
83.419067
86.776281
88.717551
90.526281
94.128299
94.966349
95.784762
96.570265
97.379365
98.089841
98.810794
99.632937
100.436349
101.198730
101.912381
102.720063
103.536825
104.263311
104.970930
105.798050
106.516236
107.337868
108.086848
108.897596
109.663912
110.440998
111.129977
111.855283
112.598972
113.362313
114.113567
114.881950
115.629252
116.383673
117.210884
117.985415
118.592472
119.294240
119.974286
120.706122
121.507120
122.109354
122.897823
123.517914
124.326667
124.905714
125.537143
126.097460
126.686349
127.133968
127.644444
128.448254
129.056916
129.562041
130.217551
130.724082
131.192245
131.833061
132.319592
132.753878
133.384082
133.894694
134.288345
134.997551
136.321542
137.542857
139.603265
141.283673
143.233469
145.175102
146.968980
149.025306
151.260816
152.260816
153.127937
154.050930
154.874853
155.723923
156.661791
157.572653
158.456599
159.272834
160.127120
161.078095
161.826984
162.752880
163.449841
164.227290
165.179592
165.882948
166.571497
167.606712
168.626712
169.352449
170.123673
171.077007
171.771655
172.485850
173.855782
174.593878
175.331020
176.073333
176.763537
177.447755
178.494875
178.873243
179.705669
180.471111
181.301043
182.140952
183.122041
184.915646
186.559909
188.230703
191.015873
192.677279
194.653878
197.236145
200.054467
202.581224
205.319546
208.159683
208.956871
209.695057
210.478730
211.171111
211.951882
212.715238
213.528707
214.270113
214.999592
215.793741
216.506531
217.298503
218.096689
218.943855
219.709252
220.478095
221.337914
222.326395
223.237551
225.387755
226.566531
227.627755
229.023265
230.309388
231.563265
232.702041
234.017143
235.273878
236.697234
237.933878
239.061088
240.399184
241.743673
242.863673
244.249841
245.983673
247.412744
248.752517
250.108254
251.209796
252.267347
253.543492
254.626576
255.535556
256.353696
257.475737
258.168707
259.117868
259.816281
260.491519
261.126168
261.784717
262.410658
262.992971
263.526304
264.148617
264.700136
265.226304
265.737868
266.365850
266.866621
267.392834
267.888163
268.432472
269.037007
269.452426
270.053243
270.561361
271.119320
271.709206
272.202857
272.725034
273.304082
273.939456
274.744444
276.383401
277.081224
277.703265
278.355964
279.041088
279.681224
280.302540
280.983810
281.558231
282.240816
282.881224
283.494694
284.201882
284.844082
285.506068
286.145714
286.884218
287.582721
288.369796
291.590816
294.890431
296.660340
298.616961
300.831361
302.706576
304.498390
306.633016
308.960249
310.922971
312.843175
314.647143
317.257891
319.154422
321.439660
323.723492
327.069683
328.612698
329.431156
330.756599
331.838685
333.058367
334.334014
335.520136
336.840000
338.262585
339.553061
340.772381
341.934694
342.830612
343.608889
345.168844
346.396327
347.084444
348.074921
349.092063
350.320408
351.323492
352.638730
353.892381
355.568571
356.709206
357.853651
359.062540
360.248571
361.306349
362.750794
365.032698
367.034739
368.831701
371.739592
375.202948
