1.270159
2.658095
4.025397
5.279955
6.527982
7.799592
9.070068
10.308980
11.399728
13.137778
15.489796
18.127619
19.676372
21.113333
24.925714
26.489388
27.894921
29.198231
30.516281
32.105578
34.078776
35.802302
38.330612
40.200363
42.011247
46.342449
47.821905
48.942222
50.005079
51.157778
52.529802
53.513968
54.751542
55.908571
57.011293
58.125850
59.211701
60.312789
61.369116
62.467211
63.641497
64.735442
65.778503
66.912653
68.082177
69.613741
71.605714
73.626009
76.116281
77.937551
80.226281
84.896599
85.826349
86.709524
87.610794
88.499365
89.379683
90.250794
91.111746
91.972698
92.798730
93.632381
94.480317
95.396825
96.223311
97.050930
97.918050
98.636236
99.425956
100.206848
100.937596
101.647823
102.310499
103.009977
103.715283
104.416916
105.082313
105.757483
106.463900
107.149252
107.783673
108.490884
109.107075
109.712472
110.374240
110.994286
111.586122
112.207120
112.878707
113.517823
114.177914
114.966667
115.305714
115.797143
116.377460
116.946349
117.377989
117.804444
118.548254
119.205639
119.522041
120.097551
120.584082
120.952245
121.393061
121.879592
122.273878
122.784082
123.294694
123.688345
124.177551
125.461542
126.645714
127.883265
128.803673
130.353469
132.135510
134.340816
136.285306
139.360816
140.260816
141.267937
142.310930
143.134853
144.063923
145.041791
146.092653
146.936599
147.852834
148.767120
149.838095
150.646984
151.592880
152.349841
153.074580
154.199592
154.942948
155.671497
156.786712
157.886712
158.672449
159.463673
160.557007
161.311655
162.085850
163.215782
164.333878
165.111020
165.913333
166.683537
167.427755
168.414875
169.073243
169.885669
171.131111
172.043129
172.920952
173.862041
175.955646
177.619909
178.950703
181.495873
183.017279
184.673878
187.076145
189.634467
191.901224
194.539546
197.339683
198.196871
198.955057
199.758730
200.531111
201.291882
202.135238
203.048707
203.810113
204.589796
205.373741
206.166531
206.998503
207.856689
208.783855
209.609252
210.658095
211.537914
212.746395
213.797551
216.587755
217.906531
218.967755
220.061633
221.349388
222.543265
223.462041
224.457143
225.773878
226.877234
227.953878
228.821088
229.879184
230.883673
231.823673
232.949841
234.267891
235.312744
236.092517
236.948254
237.809796
238.447347
239.123492
239.926576
240.675556
241.356848
242.015737
242.588707
243.237868
243.896281
244.365760
244.806168
245.304717
245.710658
246.137657
246.506304
246.968617
247.380136
247.786304
248.188934
248.641463
248.983328
249.316417
249.708163
250.096236
250.517007
250.886213
251.313243
251.681361
252.019320
252.449206
252.871429
253.255011
253.696816
254.258912
255.604444
257.483401
258.363673
259.229796
259.975964
260.781088
261.561224
262.402540
263.303810
264.398231
265.320816
266.181224
266.904082
267.911293
268.604082
269.350340
270.145714
270.992653
271.865442
272.909796
276.210816
278.430431
280.240340
281.993923
284.011361
285.566576
287.218390
289.133016
291.020249
292.762971
294.483175
296.287143
298.597891
300.287211
302.439660
304.503492
307.409683
308.512698
309.411156
310.376599
311.318685
312.218367
313.454014
314.480272
315.520000
316.482585
317.853061
319.724762
320.314694
320.910612
321.808889
322.728844
323.828163
324.764444
325.594921
326.712063
327.720408
328.663492
329.858730
331.192381
332.508571
333.349206
334.253651
335.342540
336.448571
337.346349
338.950794
341.072698
342.814739
344.631701
347.319592
351.062948
