0.410159
1.965397
3.485397
4.999955
6.467982
8.079592
9.570068
11.084898
12.759728
15.028254
17.059592
20.127619
21.976372
23.653333
27.225714
28.909388
30.454921
31.858231
33.296281
34.745578
37.438776
39.004921
41.830612
43.760363
45.745216
49.882449
51.561905
53.002222
54.305079
55.657778
57.118413
58.593968
60.051542
61.348571
62.831293
64.191701
65.551701
66.912789
68.249116
69.667211
71.101497
72.510884
73.798503
75.312653
76.702177
78.313741
80.665714
82.806009
86.056281
88.317551
90.466281
95.268299
96.146349
96.964762
97.755397
98.619365
99.329841
100.075397
100.871746
101.652698
102.418730
103.212381
103.960317
104.776825
105.523311
106.290930
107.078050
107.836236
108.597868
109.366848
110.077596
110.817823
111.540998
112.229977
112.935283
113.656916
114.362313
114.994966
115.723900
116.409252
117.083673
117.730884
118.387075
119.012472
119.683804
120.254286
120.826122
121.387120
121.939815
122.597823
123.217914
123.901111
124.385714
124.957143
125.437460
125.926349
126.396984
126.872222
127.388254
127.936916
128.402041
128.877551
129.324082
129.716122
130.093061
130.579592
130.953878
131.424082
131.874694
132.248345
132.677551
133.941542
135.082857
136.683265
137.754558
139.333469
140.455510
141.508980
143.185306
145.573605
146.500816
147.327937
148.190930
148.954853
149.803923
150.681791
151.512653
152.336599
153.132834
153.927120
154.818095
155.600998
156.352880
157.029841
157.694580
158.499592
159.122948
159.731497
160.746712
161.566712
162.152449
162.743673
163.677007
164.251655
164.985850
165.835782
166.653878
167.391020
167.993333
168.583537
169.187755
169.834875
170.433243
171.165669
171.815556
172.583129
173.380952
174.422041
176.035646
177.599909
179.490703
182.315873
183.877279
185.773878
188.536145
191.214467
193.661224
196.199546
198.919683
199.456871
200.035057
200.758730
201.291111
201.911882
202.575238
203.228707
203.810113
204.419592
204.893741
205.666531
206.358503
207.036689
207.603855
208.309252
209.087619
209.657914
210.506395
211.357551
213.147755
214.226531
215.047755
216.021633
217.029388
218.063265
218.882041
219.657143
220.813878
221.897234
222.833878
223.756218
224.589942
225.523673
226.543673
227.489841
228.567891
229.552744
230.292517
231.168254
232.029796
232.827347
233.643492
234.446576
235.275556
236.033696
236.695737
237.348707
238.117868
238.816281
239.317627
239.766168
240.264717
240.710658
241.196485
241.566304
241.948617
242.340136
242.686304
243.057868
243.425850
243.746621
244.132834
244.448163
244.758745
245.137007
245.483107
245.753243
246.116272
246.499320
246.874603
247.201633
247.505034
248.004082
248.618912
249.604444
251.183401
251.923673
252.623265
253.255964
253.921088
254.641224
255.202540
255.843810
256.538231
257.220816
257.881224
258.544082
259.151293
259.764082
260.450340
261.065714
261.624218
262.342721
263.049796
264.931082
265.350431
267.140340
269.133923
271.451361
273.326576
275.378390
277.453016
279.820249
281.902971
283.905397
285.847143
288.377891
290.394422
292.599660
294.743492
298.069683
298.952698
299.991156
301.016599
301.938685
302.878367
303.954014
305.000136
306.140000
307.282585
308.333061
309.592381
310.454694
311.730612
312.488889
313.868844
314.948163
315.964444
316.894921
317.868254
318.900408
320.443492
321.518730
322.952381
324.768571
326.229206
327.733651
328.942540
329.808571
332.186349
333.570794
336.252698
338.514739
340.371701
343.759592
347.702948
