0.510159
1.668027
2.605397
3.759955
4.947982
5.899592
6.930068
8.204898
9.879728
12.848254
14.919592
19.127619
22.056372
24.873333
29.245714
30.669388
31.754921
32.878231
33.876281
34.905578
37.798776
40.053810
43.530612
45.880363
48.211247
53.482449
54.661905
55.682222
56.825079
57.817778
58.838413
59.913968
61.051542
62.148571
63.171293
64.165850
65.191701
66.232789
67.289116
68.387211
69.461497
70.590884
71.638503
72.752653
73.925544
75.573741
78.045714
80.846009
84.036281
86.885714
89.926281
94.668299
95.826349
96.704762
97.630794
98.579365
99.329841
100.230794
101.111746
101.972698
102.818730
103.692381
104.480317
105.356825
106.183311
106.950930
107.798050
108.539059
109.397868
110.166848
111.037596
111.835646
112.620998
113.409977
114.135283
114.956916
115.722313
116.494966
117.303900
118.109252
118.863673
119.690884
120.493537
121.266236
122.074240
122.794286
123.466122
124.153560
124.918707
125.637823
126.317914
127.008889
127.565714
128.137143
128.657460
129.166349
129.653968
130.164444
130.776085
131.376916
131.842041
132.397551
132.924082
133.372245
133.833061
134.319592
134.813878
135.344082
135.814694
136.268345
136.737551
137.766924
138.862857
140.243265
141.423673
142.913469
144.315510
145.888980
148.205306
150.940816
151.902449
152.847937
153.887438
154.814853
155.643923
156.741791
157.832653
158.796599
159.732834
160.647120
161.698095
162.486984
163.372880
164.029841
164.734580
165.719592
166.382948
167.031497
168.026712
169.066712
169.732449
170.363673
171.386168
172.011655
172.645850
173.715782
174.633878
175.351020
176.113333
176.723537
177.367755
178.194875
178.753243
179.525669
179.995556
180.823129
181.645238
182.422041
184.055646
186.319909
188.230703
191.375873
193.037279
194.973878
197.636145
200.394467
202.881224
205.539546
208.499683
209.136871
209.895057
210.558730
211.291111
212.011882
212.715238
213.648707
214.390113
215.119592
215.853741
216.606531
217.358503
218.116689
218.963855
219.789252
220.638095
221.489478
222.393197
223.377551
225.527755
226.919592
228.007755
229.100816
230.349388
231.523265
232.702041
233.897143
235.193878
236.377234
237.533878
238.581088
239.578108
240.563673
241.603673
242.229841
243.686258
244.932744
245.692517
246.608254
247.349796
248.087347
248.883492
249.566576
250.207778
250.913696
251.495737
252.048707
252.697868
253.356281
253.855253
254.326168
254.824717
255.370658
255.852971
256.226304
256.748617
257.220136
257.626304
258.108934
258.582925
258.895540
259.352834
259.714082
260.156236
260.577007
260.932426
261.353243
261.701361
262.119320
262.529206
262.851429
263.252517
263.764082
264.309456
265.724444
267.363401
268.123673
268.863265
269.515964
270.221088
270.921224
271.602540
272.303810
273.058231
273.780816
274.541224
275.148027
275.891293
276.604082
277.310049
277.905714
278.644218
279.382721
280.269796
283.130816
285.630431
287.460340
290.264535
292.991361
294.866576
297.318390
299.973016
302.560249
305.102971
307.143175
309.227143
312.797891
315.014422
317.639660
320.803492
323.489683
324.512698
325.811156
327.276599
328.078685
329.838367
330.754014
331.780136
333.060000
334.222585
335.513061
337.032381
337.974694
338.850612
339.608889
340.808844
342.268163
342.944444
344.034921
345.092063
346.320408
347.206984
348.278730
349.772381
351.468571
352.289206
354.213651
355.522540
356.388571
358.366349
359.790794
362.132698
364.654739
366.451701
368.339592
372.022948
