0.570159
1.916190
2.785397
4.199955
5.587982
6.954898
8.190068
9.684898
11.459728
13.848254
15.699592
18.467619
19.916372
21.633333
25.425714
26.885488
28.114921
29.338231
30.518141
31.845578
34.818776
36.287160
38.990612
41.580363
43.251247
48.382449
49.941905
51.268889
52.805079
54.097778
55.578413
56.963810
58.371542
59.668571
61.031293
62.225850
63.471701
64.692789
65.889116
67.107211
68.441497
69.710884
70.918503
72.192653
73.922177
75.493741
77.925714
80.126009
83.256281
85.057551
87.586281
92.388299
93.706349
94.704762
95.650794
96.719365
97.589841
98.550794
99.531746
100.452698
101.398730
102.332381
103.200317
104.176825
105.063311
105.950930
106.878050
107.756236
108.617868
109.466848
110.337596
111.155646
111.940998
112.749977
113.515283
114.256916
115.022313
115.757483
116.523900
117.264626
117.923673
118.530884
119.209025
119.557491
120.346848
121.034286
121.626122
122.287120
122.918707
123.559758
123.917914
124.666667
125.145714
125.578571
126.077460
126.586349
127.033968
127.396111
127.948254
128.456916
128.822041
129.357551
129.844082
130.156122
130.593061
131.079592
131.413878
131.884082
132.334694
132.694172
133.117551
134.252308
135.502857
136.898884
137.903673
139.370694
141.075510
142.788980
144.645306
147.280816
148.401633
149.375873
150.450930
151.314853
152.223923
153.283583
154.512653
155.416599
156.272834
157.287120
158.458095
159.326984
160.472880
161.169841
161.834580
162.929796
163.622948
164.271497
165.366712
166.346712
167.092449
167.803673
168.817007
169.531655
170.222925
171.255782
172.293878
173.011020
173.753333
174.523537
175.167755
176.094875
176.713243
177.485669
178.391111
179.283129
180.220952
181.002041
182.955646
184.719955
186.490703
189.595873
191.377279
193.681633
196.456145
199.394467
201.901224
204.439546
207.799683
208.476871
209.175057
209.938730
210.611111
211.371882
212.135238
212.988707
213.710113
214.239592
214.993741
215.706531
216.398503
217.176689
217.963855
218.709252
219.509048
220.117914
221.166395
222.037551
223.907755
225.166531
226.127755
227.421633
228.469388
229.703265
230.802041
231.997143
233.206939
234.337234
235.473878
236.281088
237.439184
238.563673
239.803673
240.869841
242.167891
243.272744
244.172517
245.088254
245.795252
245.907347
246.723492
247.606576
248.455556
249.133696
249.835737
250.248707
250.857868
251.416281
251.805760
252.266168
252.744717
253.132664
253.556485
253.946304
254.408617
254.840136
255.266304
255.617868
256.045850
256.446621
256.849104
257.168163
257.596236
258.017007
258.372426
258.713243
259.041361
259.459320
259.849206
260.291429
260.705034
261.084082
261.418912
262.544444
264.403401
265.143673
265.923265
266.555964
267.261088
267.941224
268.642540
269.323810
270.058231
270.720816
271.461224
272.084082
272.891293
273.644082
274.390340
275.025714
275.704218
276.482721
277.349796
280.010816
281.990431
283.780340
285.773923
287.471361
288.906576
290.678390
292.653016
294.440249
296.162971
297.823175
299.427143
301.537891
303.087211
304.799660
306.823492
310.389683
311.432698
312.711156
314.156599
315.038685
316.136735
317.674014
318.800136
319.760000
320.862585
322.353061
323.172381
324.314694
325.450612
326.208889
327.628844
328.808163
329.524444
330.594921
331.712063
332.980408
334.003492
335.298730
336.832381
338.168571
339.009206
340.313651
341.382540
342.448571
343.506349
344.990794
346.912698
348.894739
350.631701
352.669796
356.142948
