1.490159
2.776190
4.105397
5.519955
6.909327
8.059796
9.250068
10.664898
12.499728
14.968254
17.319592
20.227619
22.316372
24.473333
29.092857
30.517347
31.774921
33.138231
34.352094
35.785578
37.858776
40.213810
43.150612
45.100363
47.251247
51.822449
53.201905
54.502222
55.485079
56.617778
57.834603
58.953968
60.091542
61.189524
62.311293
63.405850
64.531701
65.712789
66.809116
67.907211
69.101497
70.250884
71.318503
72.432653
73.642177
75.073741
77.245714
79.746009
82.836281
85.078776
87.426281
91.528299
92.286349
93.084762
93.890794
94.639365
95.409841
96.190794
96.971746
97.752698
98.498730
99.272381
100.000317
100.816825
101.583311
102.305465
103.118050
103.876236
104.737868
105.426848
106.191519
106.915646
107.560998
108.369977
109.075283
109.798972
110.482313
111.207483
111.943900
112.649252
113.321837
114.030884
114.787075
115.492472
116.214240
116.794286
117.446122
118.067120
118.798707
119.377823
119.937914
120.666667
121.185714
121.757143
122.257460
122.806349
123.293968
123.804444
124.368254
124.936916
125.382041
125.908776
126.364082
126.792245
127.233061
127.719592
128.153878
128.644082
129.094694
129.508345
129.977551
130.901542
132.102857
133.843265
135.263673
136.987638
138.435510
139.944490
141.645306
143.840816
144.800816
145.707937
146.681859
147.614853
148.463923
149.481791
150.452653
151.116599
152.352834
153.327120
154.338095
155.226984
156.192880
156.949841
157.734580
158.799592
159.562948
160.291497
161.426712
162.466712
163.272449
164.063673
165.097007
165.871655
166.625850
167.755782
168.833878
169.611020
170.353333
171.143537
171.827755
172.674875
173.393243
174.305669
175.151111
176.103129
177.040952
178.082041
180.055646
181.779970
183.310703
185.875873
187.477279
189.233878
191.416145
194.114467
195.861224
198.054270
200.644921
201.356871
201.835057
202.546243
203.105556
203.651882
204.255238
205.108707
205.630113
206.219796
206.953741
207.446531
208.098503
208.676689
209.383855
209.989252
210.689048
211.391131
212.126395
212.957551
214.987755
215.986531
216.927755
218.001633
219.009388
220.043265
220.942041
221.937143
223.016939
224.097234
225.033878
225.901088
226.812398
227.763673
228.395918
229.509841
230.923673
231.832744
232.672517
233.568254
234.229796
235.007347
235.711927
236.446576
237.135556
237.833696
238.535737
239.188707
239.777868
240.416281
241.022880
241.526168
242.144717
242.670658
243.172971
243.686304
244.268617
244.800136
245.326304
245.837868
246.385850
246.866621
247.332834
247.788163
248.316236
248.877007
249.312426
249.813243
250.301361
250.739320
251.298413
251.791429
252.265034
252.842041
253.367174
254.384444
255.603401
256.263673
256.983265
257.535964
258.221088
258.841224
259.462540
260.103810
260.758231
261.440816
262.161224
262.704082
263.421412
264.068163
264.776780
265.885714
266.724218
267.482721
268.302449
270.250816
271.410431
273.460340
275.893923
278.211361
280.099728
282.198390
284.373016
286.860249
288.934324
290.763175
292.647143
295.197891
297.514422
299.719660
301.923492
305.009683
306.592698
307.311156
308.336599
309.298685
310.708571
311.814014
312.920136
314.000000
315.182585
316.693061
317.772381
318.754694
319.970612
321.028889
322.028844
323.408163
324.144444
325.177460
326.392063
327.360408
328.663492
329.698730
331.112381
332.568571
333.489206
334.573651
335.882540
336.868571
337.866349
339.370794
341.312698
343.254739
345.051701
347.999592
351.501474
