1.150159
3.176190
4.685397
6.119955
8.007982
9.639592
11.110068
12.604898
14.437007
16.848254
18.979592
21.807619
23.592744
25.573333
29.165714
30.929388
32.414921
33.938231
35.356281
36.805578
39.138776
41.493363
44.130612
46.240363
48.471247
52.762449
54.341905
55.966667
57.265079
58.497778
59.978413
61.473968
62.931542
64.208571
65.451293
66.663401
67.923401
69.152789
70.309116
71.587211
73.021497
74.270884
75.498503
76.692653
78.282177
79.933741
82.205714
84.406009
87.436281
89.417551
91.546281
95.708299
96.626349
97.464762
98.210794
98.956561
99.769841
100.583079
101.291746
101.972698
102.699365
103.462476
104.160317
104.996825
105.683311
106.370930
107.098050
107.796236
108.584822
109.266848
110.057596
110.775646
111.460998
112.209977
112.895283
113.456916
114.182313
114.834966
115.563900
116.249252
116.823673
117.610884
118.227075
118.832472
119.474240
120.014286
120.646122
121.207120
121.778707
122.408912
122.857914
123.520833
123.945714
124.417143
124.897460
125.386349
125.842426
126.124444
126.688254
127.116916
127.462041
127.997551
128.424082
128.792245
129.293061
129.714898
130.113878
130.624082
131.074694
131.468345
131.897551
133.001542
134.182857
135.823265
137.163673
138.773469
140.155510
141.648980
143.305306
146.086735
146.580816
147.367937
148.130930
148.974853
149.763923
150.601791
151.112653
151.996599
152.912834
153.589424
154.478095
155.206984
156.132880
156.889841
157.634580
158.599592
159.282948
159.991497
161.026712
162.046712
162.752449
163.423673
164.417007
165.095828
165.785850
166.815782
167.793878
168.571020
169.293333
169.963537
170.607755
171.454875
172.173243
173.045669
173.791111
174.523129
175.420952
176.222041
177.815646
179.259909
181.008246
183.635873
185.317279
187.233878
189.896145
192.974467
195.601224
198.299546
201.699683
202.376871
203.015057
203.758730
204.411111
205.211882
205.995238
206.868707
207.590113
208.299592
209.053741
209.806531
210.578503
211.356689
212.163855
212.989252
213.778095
214.551791
215.546395
216.538776
218.427755
219.586531
220.427755
221.541633
222.489388
223.463265
224.422041
225.497143
226.473878
227.477234
228.373878
229.321088
230.094966
231.043673
232.223673
233.161968
234.187891
235.032744
235.832517
236.688254
237.404898
238.047347
238.743492
239.546576
240.255556
240.953696
241.615737
242.168707
242.777868
243.356281
243.865760
244.446168
244.924717
245.395329
245.852971
246.226304
246.748617
247.160068
247.586304
248.037868
248.525850
248.846621
249.172834
249.568163
249.956236
250.357007
250.752426
251.153243
251.560170
251.839320
252.249206
252.691429
253.005034
253.464082
253.929728
254.784444
256.103401
256.803673
257.543265
258.195964
258.901088
259.541224
260.242540
260.963810
261.818231
262.540816
263.221224
263.808816
264.591293
265.164082
265.892585
266.525143
267.184218
267.962721
268.769796
270.827558
271.070431
272.860340
274.833923
277.051361
278.966576
280.758390
282.813016
285.300249
287.242971
288.983175
290.794286
293.377891
295.434422
297.479660
299.723492
303.089683
304.352698
305.531156
307.036599
307.878685
309.335510
310.574014
311.700136
313.300000
314.942585
317.173061
318.672381
320.154694
321.130612
322.348889
323.828844
325.068163
325.884444
327.074921
328.332063
329.640408
330.703492
332.418730
334.121905
335.688571
336.529206
338.173651
339.722540
340.808571
342.286349
344.390794
347.552698
350.074739
351.911701
354.419592
358.062948
