1.650159
3.144048
3.905397
5.139955
6.133596
7.179592
7.910068
9.124898
11.099728
13.508254
16.239592
19.787619
22.096372
24.480000
29.485714
30.929388
31.774921
32.818231
34.141910
34.945578
37.998776
41.073810
45.090612
47.980363
51.051247
57.202449
58.650317
59.702222
60.745079
61.717778
62.818413
63.873968
65.111542
66.026857
67.151293
68.225850
69.191701
70.272789
71.309116
72.407211
73.641497
74.530884
75.519252
76.537551
77.762177
79.633741
83.765714
86.226009
89.996281
92.477551
95.826281
101.068299
101.866349
102.644762
103.468466
104.213228
104.913968
105.630794
106.391746
107.132698
107.927746
108.632381
109.340317
110.156825
110.863311
111.538186
112.318050
113.056236
113.877868
114.566848
115.337596
116.115646
116.820998
117.609992
118.337642
119.136916
119.802313
120.594966
121.323900
122.084626
122.803673
123.490884
124.247075
124.992472
125.814240
126.414286
127.086122
127.847120
128.778707
129.577823
130.097914
130.806667
131.385714
131.957143
132.817460
133.506349
134.233968
134.764444
135.408254
136.116916
136.582041
137.177551
137.744082
138.172245
138.653061
139.239592
139.673878
140.244082
140.694694
141.188345
141.737551
143.281542
144.622857
145.943265
146.863673
148.333469
149.655510
151.068980
152.935918
156.940816
157.900816
158.847937
159.770930
160.474853
161.383923
162.221791
163.133163
163.956599
164.812834
165.627120
166.656190
167.486984
168.132880
168.769841
169.447290
170.479592
171.122948
171.851497
172.786712
173.786712
174.432449
175.183673
176.137007
176.771655
177.465850
178.415782
179.533878
180.151020
180.873333
181.583537
182.167755
182.974875
183.613243
184.365669
184.991111
185.843129
186.680952
187.682041
190.295646
192.459909
194.550703
197.435873
199.337279
201.293878
204.036145
206.814467
209.361224
212.179546
215.279683
215.876871
216.535057
217.258730
218.011111
218.671882
219.415238
220.168707
220.910113
221.559592
222.253741
223.006531
223.738503
224.536689
225.183855
226.009252
226.758095
227.477914
228.586395
229.657551
231.927755
233.606531
234.747755
236.161633
237.269388
238.463265
239.482041
240.797143
242.133878
243.217234
244.373878
245.521088
246.639184
247.823673
249.023673
250.129841
251.967891
253.252744
254.152517
255.148254
256.069796
256.567347
257.383492
258.186576
259.035556
259.533696
260.235737
260.888707
261.577868
262.176281
262.765760
263.266168
263.864717
264.412664
264.773243
265.243152
265.768617
266.260136
266.746304
267.237868
267.685850
268.095540
268.552834
268.968163
269.416236
269.897007
270.332426
270.773243
271.221361
271.639320
272.109206
272.571429
272.972517
273.264082
273.898912
274.964444
275.923401
276.710918
277.403265
278.115964
278.870544
279.481224
280.122540
280.843810
281.598231
282.380816
283.081224
283.744082
284.482259
285.164082
285.770340
286.525714
287.144218
287.922721
288.769796
291.890816
294.510431
296.880340
298.853923
301.691361
303.639728
305.998390
308.093016
310.940249
313.202971
315.346349
317.647143
320.177891
322.434422
324.939660
327.663492
331.869683
332.994286
334.031156
335.036599
336.058685
337.243673
338.174014
339.240136
340.140000
341.282585
342.233061
343.472381
344.314694
345.150612
345.948889
347.148844
348.108163
348.824444
350.074921
351.032063
352.040408
353.023492
353.998730
355.112381
356.388571
357.549206
358.353651
359.622540
360.608571
361.506349
363.210794
365.572698
367.434739
369.151701
372.079592
378.002948
