1.090159
2.588095
3.745397
5.019955
6.127982
7.319592
8.390068
9.651224
10.759728
13.568254
16.159592
19.327619
21.336372
23.313333
27.845714
29.442347
30.634921
31.998231
33.032094
34.145578
36.598776
38.813810
42.081224
44.260363
46.391247
50.602449
52.001905
53.322222
54.645079
55.937778
57.259206
58.553968
59.851542
61.128571
62.391293
63.565850
64.735102
65.912789
67.089116
68.274422
69.521497
70.690884
71.838503
72.992653
74.142177
75.613741
77.985714
80.706009
84.196281
86.197551
88.506281
93.228299
94.146349
94.984762
95.790794
96.639365
97.469841
98.250794
99.051746
99.832698
100.598730
101.412381
102.180317
103.016825
103.803311
104.512732
105.358050
106.136236
106.957868
107.726848
108.557596
109.315646
110.060998
110.869977
111.675283
112.496916
113.288463
114.034966
114.863900
115.669252
116.403673
117.210884
118.027075
118.792472
119.574240
120.314286
121.126122
121.907120
122.798707
123.589456
124.137914
124.886667
125.452857
126.177143
126.677460
127.175450
127.653968
128.184444
128.748254
129.276916
129.662041
130.128776
130.532041
130.932245
131.268265
131.699796
132.093878
132.444082
132.834694
133.188345
133.557551
134.561542
135.882857
137.523265
138.743673
140.173469
141.715510
143.388980
145.625306
148.800816
149.941633
151.127937
152.030930
153.214853
154.143923
155.221791
156.472653
157.456599
158.312834
159.327120
160.358095
161.006984
162.272880
163.009841
163.674580
164.619592
165.222948
165.871497
166.886712
167.726712
168.372449
169.063673
169.877007
170.485828
171.142925
172.075782
172.973878
173.611020
174.293333
174.883537
175.567755
176.494875
177.453243
178.605669
180.051111
180.940522
181.560952
182.382041
183.515646
185.539909
187.630703
190.515873
192.417279
194.553878
197.276145
200.174467
202.701224
205.539546
208.819683
209.576871
210.155057
210.838730
211.531111
212.085941
212.775238
213.588707
214.330113
215.179592
215.454748
216.102177
216.698503
217.496689
218.203855
218.989252
219.858095
220.737914
222.066395
223.177551
225.127755
226.526531
227.587755
228.701633
229.849388
231.023265
232.022041
233.089286
234.253878
235.377234
236.413878
237.381088
238.519184
239.583673
240.655459
241.669841
242.727891
243.792744
244.692517
245.608254
246.569796
247.367347
248.363492
249.206576
250.035556
250.833696
251.635737
252.368707
253.137868
253.945125
254.585760
255.266168
255.984717
256.650658
257.292971
257.906304
258.637234
259.320136
259.966304
260.577868
261.265850
261.846621
262.472834
263.208163
263.756236
264.417007
265.052426
265.673243
266.181361
266.939320
267.629206
268.531429
269.165034
269.964082
270.718912
272.164444
273.923401
274.623673
275.323265
275.995964
276.641088
277.281224
277.922540
278.621905
279.258231
279.960816
280.661224
281.204082
281.911293
282.624082
283.330340
283.925714
284.701088
285.673605
286.689796
289.330816
291.750431
293.860340
296.433923
298.911361
301.126576
303.518390
306.093016
308.781247
311.042971
313.289524
315.307143
318.137891
320.654422
323.199660
326.103492
329.349683
330.152698
330.911156
331.856599
332.938685
333.816735
334.874014
336.040136
336.940000
338.182585
339.353061
340.372381
341.494694
342.430612
343.188889
344.368844
345.688163
346.384444
347.634921
348.592063
349.780408
350.723492
351.798730
352.912381
354.228571
355.249206
356.233651
357.382540
358.288571
359.146349
360.930794
363.172698
365.914739
368.311701
371.339592
375.042948
