1.290159
2.516190
3.825397
5.059955
6.087982
7.199592
8.290068
9.484898
10.919728
13.228254
15.319592
18.447619
20.536372
22.653333
27.665714
29.329388
30.434921
31.618231
32.836281
34.105578
36.738776
39.113810
42.330612
44.740363
46.751247
52.122449
53.781905
54.982222
56.185079
57.317778
58.614603
59.693968
60.817181
61.954286
63.031293
64.065850
65.151701
66.192789
67.249116
68.347211
69.541497
70.670884
71.738503
72.892653
74.162177
76.393741
78.725714
81.226009
84.476281
86.837551
89.066281
94.568299
95.526349
96.449524
97.370794
98.279365
99.109841
99.990794
100.851746
101.712698
102.578730
103.452381
104.280317
105.196825
106.063311
106.910930
107.798050
108.596236
109.497868
110.306848
111.157596
111.935646
112.720998
113.529992
114.315283
115.136916
115.882313
116.654966
117.443900
118.229252
118.923673
119.690884
120.487075
121.292472
122.114240
122.874286
123.566122
124.347120
125.138707
125.897823
126.537914
127.406667
127.965714
128.477143
129.037460
129.586349
130.073968
130.544444
131.148254
131.736916
132.162041
132.715102
133.224082
133.632245
134.073061
134.679592
135.133878
135.744082
136.194694
136.588345
137.137551
139.161542
140.882857
143.043265
144.723673
146.633469
148.375510
150.588980
153.685306
157.960816
159.180816
160.163492
161.270930
162.054853
162.983923
164.001791
165.012653
166.056599
166.992834
167.947120
168.778095
169.966984
170.932880
171.789841
172.614580
173.819184
174.602948
175.371497
176.926712
177.846712
178.672449
179.483673
180.657007
181.451655
182.325850
183.615782
184.693878
185.471020
186.253333
187.054150
187.867755
188.754875
189.533243
190.485669
191.291111
192.223129
193.360952
194.542041
196.815646
198.399909
200.370703
203.415873
205.157279
207.113878
209.656145
213.374467
215.901224
218.679546
221.819683
222.696871
223.675057
224.498730
225.391111
226.231882
227.075238
228.068707
228.950113
229.819592
230.793741
231.726531
232.537007
233.436689
234.383855
235.320272
236.338095
237.217914
238.326395
239.277551
241.327755
242.586531
243.507755
244.861633
245.929388
247.143265
248.202041
249.577143
251.013878
252.097234
253.233878
254.221088
255.419184
256.483673
257.743673
258.889841
260.327891
261.412744
262.312517
263.228254
264.249796
264.967347
265.763492
266.566576
267.415556
268.233696
269.015737
269.708707
270.397868
271.056281
271.665760
272.226168
272.804717
273.316886
273.672971
274.146576
274.528617
275.000136
275.346304
275.749467
276.181463
276.526621
276.934567
277.268163
277.676236
278.037007
278.388107
278.793243
279.141361
279.459320
279.869206
280.331429
280.742517
281.264082
282.018912
283.588889
285.946803
286.823673
287.703265
288.491927
289.401088
290.241224
290.982540
291.803810
292.738231
293.540816
294.401224
295.204082
296.191293
296.984490
297.910340
298.765714
299.664218
300.522721
301.469796
305.310816
307.990431
309.780340
311.853923
314.051361
315.746576
317.738390
319.673016
321.580249
323.322971
324.923175
326.527143
328.577891
330.294422
332.219660
334.443492
337.609683
338.612698
339.391156
340.456599
341.198685
342.378367
343.054014
343.940136
344.800000
345.787755
346.813061
347.592381
348.394694
349.250612
350.008889
350.948844
351.668163
352.344444
353.274921
354.352063
355.360408
356.263492
357.218730
358.292381
359.168571
360.009206
360.853651
361.822540
362.688571
363.666349
364.970794
366.872698
368.714739
370.471701
373.379592
376.872590
