0.730159
2.536190
3.885397
5.499955
6.987982
8.379592
9.730068
11.264898
12.919728
15.328254
19.879592
24.967619
29.636372
31.453333
40.125714
42.149388
43.514921
45.118231
46.676281
47.985578
52.458776
56.253810
60.890612
65.740363
69.891247
77.802449
79.561905
80.842222
82.145079
83.497778
84.938413
86.193968
87.511542
88.808571
90.111293
91.405850
92.731701
94.032789
95.269116
96.527211
97.841497
99.150884
100.378503
101.912653
102.922177
104.493741
108.665714
113.132018
119.436281
122.777551
126.766281
137.488299
138.386349
139.284762
140.170794
141.059365
141.829841
142.690794
143.551746
144.412698
145.278730
146.132381
146.960317
147.856825
148.683311
149.550930
150.418050
151.236236
152.117868
153.006848
153.877596
154.735646
155.600998
156.449977
157.315283
158.196916
159.002313
159.874966
160.743900
161.609252
162.403673
163.270884
164.147075
164.972472
165.874240
166.654286
167.366122
168.167120
168.998707
169.837823
170.597914
171.766667
172.345714
172.937143
173.537460
174.186349
174.853968
175.484444
176.188254
176.876916
177.570204
178.317551
179.044082
179.532245
179.973061
180.479592
180.953878
181.424082
182.014694
182.408345
182.837551
184.121542
186.922857
189.163265
190.603673
191.717347
193.275510
194.848980
197.125306
200.840816
202.000816
203.107937
204.230930
205.234853
206.323923
207.341791
208.232653
209.176599
210.472834
211.527120
212.638095
213.446984
214.597279
215.429841
216.074580
217.099592
217.702948
218.371497
219.366712
220.346712
221.032449
221.683673
222.599002
223.291655
223.945850
224.875782
225.993878
226.671020
227.353333
227.963537
228.555510
229.314875
229.933243
230.845669
231.651111
232.643129
233.700952
234.862041
236.935646
238.979909
241.130703
244.295873
246.317279
248.273878
251.036145
253.734467
256.161224
258.759546
262.599683
263.356871
263.975057
264.638730
265.391111
266.011882
266.735238
267.528707
268.225057
268.899592
269.513741
270.246531
270.938503
271.696689
272.403855
273.029252
273.812698
274.532986
275.406395
276.417551
278.667755
279.986531
281.047755
282.840816
283.889388
285.363265
286.602041
287.834286
289.493878
290.749569
292.113878
293.341088
294.499184
296.523673
297.823673
298.789841
300.247891
301.712744
302.612517
303.528254
304.422449
305.107347
305.923492
306.726576
307.575556
308.073696
308.895737
309.608707
310.377868
311.076281
311.602880
311.946168
312.484717
312.887664
313.285886
313.706304
314.148617
314.580136
314.946304
315.332623
315.745170
316.126621
316.472834
316.848163
317.256236
317.657007
317.992426
318.373243
318.701361
319.019320
319.409206
319.871429
320.105034
320.258005
320.805559
321.844444
323.143401
323.863673
324.683265
325.395964
326.121088
326.841224
327.562540
328.303810
329.038231
329.840816
330.621224
331.364082
332.102823
332.784082
333.550340
334.245714
334.924218
335.602721
336.322449
338.830816
341.590431
343.380340
345.353923
347.191361
348.946576
350.818390
352.873016
354.960249
356.760495
358.523175
360.307143
362.397891
364.014422
366.219660
368.441746
372.249683
373.392698
374.531156
376.116599
376.878685
378.378367
379.254014
380.480136
381.500000
382.662585
384.212245
385.312381
386.114694
386.970612
387.728889
389.288844
390.648163
391.448889
392.614921
393.804127
395.060408
396.083492
397.218730
398.912381
400.168571
401.209206
402.193651
403.362540
404.228571
405.306349
407.070794
409.192698
411.014739
412.843401
416.419592
422.942948
