1.330159
2.536190
3.565397
4.849977
5.987982
6.999592
7.910068
9.164898
10.299728
12.428254
14.539592
17.427619
19.209116
21.173333
26.225714
27.654694
28.314921
29.538231
30.536281
31.445578
34.118776
36.313810
38.655306
40.740363
42.551247
47.002449
48.230952
49.522222
50.325079
51.317778
52.546151
53.413968
54.475771
55.428571
56.471293
57.465850
58.451701
59.452789
60.449116
61.427211
62.401497
63.550884
64.398503
65.452653
66.622177
68.093741
70.985714
73.006009
75.696281
77.437551
79.393141
84.088299
85.006349
85.924762
86.790794
87.659365
88.489841
89.350794
90.231746
91.072698
91.918730
92.792381
93.580317
94.476825
95.323311
96.150930
97.038050
97.856236
98.677868
99.593696
100.477596
101.335646
102.180998
103.029977
103.895283
104.816916
105.662313
106.534966
107.423900
108.269252
109.083673
109.930884
110.834150
111.652472
112.514240
113.328571
114.046122
114.967120
115.858707
116.677823
117.377914
118.226667
118.845714
119.777143
120.397460
121.086349
121.693968
122.324444
122.988254
123.696916
124.222041
124.837551
125.424082
125.912245
126.453061
126.939592
127.553878
128.104082
128.674694
129.188345
129.677551
130.750771
131.943025
132.943265
133.896735
134.873469
136.015510
136.968980
138.505306
143.321633
144.562449
145.687937
146.670930
147.614853
148.523923
149.581791
150.532653
151.516599
152.372834
153.327120
154.298095
155.166984
156.332880
157.129841
157.814580
158.919592
159.622948
160.311497
161.366712
162.466712
163.232449
163.983673
165.017007
165.731655
166.445850
167.455782
168.613878
169.331020
170.073333
170.843537
171.515510
172.374875
173.133243
174.085669
175.111111
175.963129
176.700952
177.662041
179.135646
180.499909
182.090703
184.055873
185.257279
186.393878
188.496145
190.694467
192.301224
194.103258
196.419683
197.316871
198.095057
198.858730
199.651111
200.411882
201.235238
202.068707
202.870113
203.619592
204.433741
205.206531
205.978503
206.756689
207.523855
208.329252
209.138095
209.757914
210.766395
211.477551
213.107755
214.446122
215.627755
217.001633
218.249388
219.603265
220.642041
221.757143
223.253878
224.477234
225.713878
226.761088
227.919184
229.207347
230.443673
231.629841
233.347891
234.952744
235.892517
236.948254
237.989796
238.827347
240.003492
241.206576
242.095556
242.973696
243.914422
244.688707
245.615737
246.396281
247.105760
247.966168
248.684717
249.330658
250.032971
250.686304
251.457234
252.180136
252.766304
253.413605
254.065850
254.753243
255.292834
255.888163
256.448707
257.077007
257.572426
258.079456
258.781361
259.299320
259.889206
260.631429
261.125034
261.704082
262.378912
263.324444
264.783401
265.603673
266.483265
267.155964
267.941088
268.741224
269.442540
270.123810
271.158231
271.940816
272.741224
273.404082
274.351293
275.104082
276.390340
277.385714
278.204218
279.082721
279.969796
282.310816
284.150431
285.740340
287.713923
289.551361
291.026576
292.685484
294.453016
296.460249
298.242971
299.954392
301.473571
303.537891
305.354422
307.079660
308.803492
311.669683
313.105397
314.011156
315.256599
316.098685
317.618367
318.394014
319.580136
320.540000
321.682585
323.033061
324.052381
325.034694
326.170612
327.088889
328.148844
329.128163
330.404444
331.474921
332.572063
333.640408
334.663492
335.978730
337.012381
338.108571
339.069206
340.073651
341.222540
342.128571
343.206349
345.130794
347.212698
349.314739
351.011701
353.879592
357.542948
