0.950159
2.138095
3.205397
4.439955
5.447982
6.419592
7.530068
8.804082
9.839728
11.708254
13.899592
16.767619
18.516372
19.726190
23.585714
25.069388
26.134921
27.278231
28.296281
29.565578
32.198776
34.033810
37.010612
39.220363
40.911247
44.782449
46.181905
47.302222
48.425079
49.577778
50.779683
52.033968
53.251542
54.468571
55.731293
57.049252
58.331701
59.592789
60.869116
62.214422
63.581497
64.970884
66.098503
67.432653
69.102177
71.633741
73.885714
75.773534
78.336281
80.377551
82.925125
87.828299
88.486349
89.404762
90.230794
91.039365
91.769841
92.570794
93.351746
94.092698
94.878730
95.613095
96.373439
97.216825
97.983311
98.750930
99.518050
100.216236
100.977868
101.726848
102.497596
103.235646
103.980998
104.767494
105.475283
106.256916
107.002313
107.714966
108.463900
109.189252
109.923673
110.650884
111.427075
112.172472
112.994240
113.654286
114.386122
115.047120
115.898707
116.757823
117.257914
118.046667
118.665714
119.317143
119.808730
120.346349
120.833968
121.344444
121.988254
122.556916
123.022041
123.577551
124.104082
124.512245
125.013061
125.559592
125.993878
126.504082
127.054694
127.468345
127.957551
128.981542
130.049206
131.709796
132.783673
134.433469
136.295510
137.908980
140.125306
143.920816
144.880816
145.887937
147.063719
147.954853
149.003923
150.061791
151.372653
152.316599
153.312834
154.413560
155.418095
156.686984
157.732880
158.414921
159.034580
160.039592
160.682948
161.331497
162.386712
163.306712
163.952449
164.643673
165.617007
166.251655
166.925850
167.955782
168.836939
169.591020
170.273333
170.983537
171.567755
172.314875
173.013243
173.785669
174.571111
175.423129
176.350476
177.342041
179.415646
181.319909
183.310703
186.595873
188.637279
190.613878
193.576145
196.594467
199.221224
202.039546
205.159894
205.656871
206.415057
207.138730
207.775556
208.391882
209.195238
209.948707
210.670113
211.299864
212.033741
212.701088
213.318503
214.076689
214.823855
215.529252
216.438095
217.117914
218.086395
218.897551
220.467755
221.846531
222.807755
223.921633
225.169388
226.283265
227.342041
228.497143
229.773878
231.097234
232.253878
233.242177
234.639184
235.763673
236.883673
237.949841
240.007891
241.392744
242.392517
243.628254
244.649796
245.507347
246.363492
247.666576
248.755556
249.573696
250.551474
251.308707
252.277868
253.176281
253.905760
254.666168
255.424717
256.090658
256.772971
257.386304
258.128617
258.780136
259.326304
259.897868
260.425850
260.966621
261.492834
262.068163
262.616236
263.177007
263.684853
264.259184
264.781361
265.316599
265.869206
266.531429
266.945034
267.424082
268.063782
269.244444
270.963401
271.689096
272.423265
273.075964
273.721088
274.381224
275.062540
275.763810
276.498231
277.210408
277.961224
278.584082
279.331293
279.948163
280.670340
281.305714
281.984218
282.682721
283.509796
286.390816
289.510431
292.060340
294.033923
296.371361
298.466576
300.598390
302.653016
304.980249
306.902971
308.906349
310.987143
313.377891
315.274422
317.179660
319.423492
322.549683
323.672698
325.091156
326.856599
327.558685
328.918367
330.214014
331.240136
332.360000
333.602585
334.893061
336.212381
336.954694
337.990612
338.748889
340.288844
341.568163
342.244444
343.274921
344.436190
345.740408
346.763492
347.898730
349.092381
350.368571
351.489206
352.593651
354.142540
355.128571
356.246349
358.010794
360.272698
362.274739
363.831701
366.699592
370.122948
