1.723810
3.259048
4.725170
6.218367
7.826259
9.154150
10.442857
11.643311
12.842993
14.107211
15.249524
16.508617
20.715465
28.910703
30.007982
35.390839
54.663810
55.756145
58.034921
59.154512
60.313515
61.444490
62.574785
63.613968
64.654830
65.938095
67.136871
68.291837
69.438367
70.507755
71.741224
72.873061
73.970385
75.121633
76.302041
77.474694
78.630204
79.782041
80.897732
82.095102
83.201587
84.933016
86.131429
87.280635
88.422222
89.781587
90.892063
92.106667
93.338095
94.556825
95.720952
96.892381
98.002857
99.062540
100.242222
101.369184
102.478095
103.651429
104.716463
105.800000
106.868299
107.959320
109.037551
110.143673
111.242857
112.291156
113.444807
114.575646
115.675646
116.666667
117.965306
119.260680
120.554240
121.726122
122.972290
124.049252
125.549796
127.775782
129.211973
130.591837
131.847755
133.335374
134.522857
135.924082
137.311020
138.711020
140.132245
141.407755
142.873061
144.511429
145.649796
146.673061
147.697143
148.840000
149.936735
150.883673
151.946122
153.088571
154.156327
155.177143
156.237551
157.274694
158.343673
159.402449
160.506531
161.585306
162.680816
163.690204
164.777143
165.875510
166.982041
168.092925
169.210385
170.239184
171.447120
172.555102
173.884354
175.160136
176.266803
177.527891
178.679320
179.901497
181.101633
182.394830
183.610612
184.771565
185.881224
187.000816
188.178367
189.296735
190.415102
191.464762
192.589796
193.782857
194.905170
195.976463
196.925578
198.065170
199.144082
200.325397
201.539048
203.321587
204.552381
205.610794
206.765079
207.834603
209.001587
210.115556
211.304762
212.406349
213.550476
214.781587
215.871179
217.200317
218.419683
219.631111
220.763061
222.079365
223.200635
224.373968
225.427347
226.483265
227.571837
228.554694
229.584490
230.701633
231.879184
232.874512
233.907800
234.995283
236.164490
237.126122
238.184898
239.303673
240.452653
241.523265
242.534694
243.635918
244.710431
245.887755
247.093061
248.629388
250.062041
251.031837
252.175918
253.197551
254.210612
255.261633
256.283673
257.427755
258.549388
259.620816
260.702449
261.774286
262.845714
263.844898
264.935374
265.962041
267.013469
268.025714
269.117143
270.266939
271.455102
272.720000
274.052245
275.054286
276.170204
277.385306
278.404082
279.555102
280.571020
281.606531
282.674694
283.700816
284.742449
285.771066
286.820000
287.890068
288.954966
289.965079
291.000590
292.027755
293.069751
294.159819
295.184399
296.226236
297.333560
298.386848
299.416916
300.466984
301.534150
302.546803
303.605896
304.615964
305.657324
306.696100
307.783583
308.825261
309.926939
311.017324
312.161542
313.343810
314.611565
315.787438
317.031655
318.463628
319.813605
320.959728
322.057619
323.309660
324.497143
325.785261
327.033061
328.330522
329.564127
330.849977
331.969070
333.167732
334.367574
335.658912
336.972517
338.414830
339.791020
341.009796
342.168254
343.355420
344.545170
345.730068
346.890794
348.069569
349.307029
350.454875
351.607528
352.715646
353.808934
354.893515
356.039365
357.258458
358.355964
359.451837
360.610612
361.784535
362.929116
364.073379
365.234739
366.343855
367.462313
368.612381
369.754535
370.872517
372.061587
373.240363
374.725896
375.750476
376.895057
378.024807
379.244535
380.265896
381.475964
382.603764
383.800272
384.908390
386.150703
387.203356
388.331156
389.427029
390.511293
391.635873
392.722721
393.838912
394.911882
395.992925
397.082676
398.169206
399.222177
400.320317
401.381361
402.473696
403.594739
404.736417
406.157460
407.074286
408.054059
409.317324
410.739320
412.005170
413.201361
414.399819
415.518912
417.672426
419.178549
420.484671
421.909161
423.247846
424.462041
425.737188
427.029433
428.444898
429.838730
431.111610
432.591202
434.312517
435.374240
436.592336
437.621451
438.777642
439.859002
440.867302
441.901088
443.039864
444.155737
445.154512
446.150385
447.137551
448.156327
449.189297
450.236463
451.329433
452.396599
453.412154
454.439955
455.490340
456.601043
457.642721
458.776644
459.832200
461.023220
462.187800
463.513016
464.737279
465.845714
467.023175
468.162585
469.257506
470.574014
471.639229
473.027347
474.209025
475.419410
476.560454
477.751156
478.769615
480.075147
481.214558
482.476871
483.751111
485.398549
487.173469
488.497868
489.606599
490.774739
491.863175
492.985170
494.218209
495.343991
496.434467
497.654104
498.867710
499.996327
501.167483
502.446984
503.364626
504.894853
506.034558
507.308163
508.420000
509.518367
510.500544
511.603673
512.588027
513.684626
514.871701
515.938367
517.043673
518.087075
519.203265
520.369932
521.324218
522.442993
523.536054
524.683537
525.582585
526.696599
527.815510
529.002041
530.333878
531.820680
533.746122
535.014603
536.135873
537.411655
538.438413
539.585170
540.799184
541.793469
542.973878
544.137642
545.273878
546.413333
547.501587
548.650476
549.746032
550.829206
551.939683
553.030794
554.128889
555.293016
556.425714
557.569841
558.727619
559.781270
560.920317
562.066349
563.126667
564.247302
565.415873
566.523810
567.591429
568.664762
569.906032
571.028889
572.122857
573.265079
574.346032
575.456508
576.561905
577.700000
578.800635
579.906349
581.019683
582.087619
583.202857
584.306032
585.343492
586.335873
587.320635
588.365397
589.400000
590.414603
591.459365
592.475420
593.580635
594.684966
595.790794
596.913651
597.981587
599.092381
600.185397
601.257778
602.323175
603.446349
604.517143
605.584762
606.677052
607.737778
608.643492
609.453651
610.255556
611.090522
611.893878
612.697868
613.564444
614.385533
615.189206
616.004172
616.830431
617.715692
618.612562
619.472653
620.337914
621.182540
622.047800
622.895646
623.804127
624.689388
625.663039
626.646349
628.338005
629.241995
630.076961
630.860385
631.658186
632.446259
633.187166
634.004875
634.809025
635.610113
636.382177
637.160045
637.923401
638.744807
639.592336
640.459546
641.510567
642.440363
