0.663810
2.159048
3.362585
4.538367
6.106259
7.414150
8.511429
9.683311
10.882993
12.047211
13.129524
14.168617
15.135465
16.110703
17.123991
31.830839
42.463810
47.908435
50.894921
51.854512
52.826757
53.804490
54.794785
55.733968
56.734830
57.798095
59.196871
59.975918
60.978367
61.973878
63.081224
64.016531
64.950385
65.901633
66.842041
67.834694
68.830204
69.842041
70.815465
71.975102
73.101587
74.153016
75.117857
76.100635
77.122222
78.221587
79.232063
80.282222
81.366032
82.336825
83.380952
84.372381
85.302857
86.321270
87.342222
88.349184
89.338095
90.351429
91.336463
92.320000
93.288299
94.249660
95.237551
96.243673
97.242857
98.231156
99.204807
100.195646
101.155646
102.066667
103.085306
104.120680
105.134240
106.346122
107.432290
108.529252
109.709796
111.155782
112.431973
113.651837
114.793878
116.055374
117.082857
118.144082
119.151020
120.211020
121.372245
122.487755
123.673061
124.911429
125.909796
126.933061
127.897143
128.880000
129.816735
130.703673
131.686122
132.668571
133.636327
134.597143
135.557551
136.517347
137.503673
138.522449
139.506531
140.545306
141.560816
142.510204
143.457143
144.455510
145.442041
146.377642
147.350385
148.279184
149.327120
150.315102
151.384354
152.440136
153.506803
154.707891
155.779320
156.781497
157.881633
158.994830
160.070204
161.151565
162.201224
163.220816
164.258367
165.316735
166.355102
167.444762
168.544898
169.622857
170.730340
171.796463
172.765578
173.805170
174.774694
175.812698
177.199048
178.801587
180.132381
181.290794
182.385079
183.494603
184.621587
185.735556
186.944762
188.006349
189.130476
190.341587
191.391179
192.480317
193.639683
194.691111
195.743061
196.919365
197.980635
199.033968
200.047347
200.983265
201.991837
202.914694
203.904490
204.901633
205.939184
206.914512
207.907800
208.915283
209.924490
210.846122
211.844898
212.863673
213.816327
214.763265
215.737347
216.735918
217.770431
218.955510
220.113061
221.649388
222.842041
223.931837
225.095918
226.177551
227.190612
228.261633
229.331020
230.467755
231.529388
232.540816
233.542449
234.494286
235.505714
236.464898
237.475374
238.442041
239.413469
240.365714
241.397143
242.477959
243.582041
244.860000
246.232245
247.254286
248.177551
249.245306
250.184082
251.215102
252.191020
253.086531
254.054694
255.040816
256.022449
256.991066
257.940000
258.910068
259.934966
260.885079
261.880590
262.867755
263.869751
264.839909
265.804399
266.746236
267.753560
268.726848
269.696916
270.666984
271.574150
272.526803
273.505896
274.475964
275.417324
276.416100
277.403583
278.325261
279.286939
280.257324
281.421542
282.563810
283.891565
285.047438
286.291655
287.423628
288.557868
289.579864
290.531088
291.629660
292.637143
293.705261
294.693061
295.790522
296.924127
298.009977
299.069070
300.107732
301.187574
302.278912
303.352517
304.474830
305.451020
306.429796
307.388254
308.375420
309.345170
310.350068
311.310794
312.289569
313.233515
314.194875
315.147528
316.135646
317.128934
318.073515
319.179365
320.359486
321.295964
322.291837
323.310612
324.384535
325.349116
326.273379
327.214739
328.143855
329.142313
330.092381
331.094535
332.052517
333.181587
334.240363
335.285896
336.270476
337.255057
338.284807
339.324535
340.325896
341.295964
342.343764
343.400272
344.408390
345.450703
346.383356
347.351156
348.347029
349.351293
350.335873
351.302721
352.309456
353.291882
354.272925
355.282676
356.249206
357.262177
358.240317
359.241361
360.233696
361.214739
362.236417
363.137460
364.074286
365.134059
366.217324
367.259320
368.465170
369.581361
370.659819
371.758912
373.292426
374.589274
375.764671
376.969161
378.267846
379.362041
380.517188
381.732358
382.944898
383.938730
385.251610
386.474240
387.632517
388.634240
389.652336
390.621451
391.577642
392.559002
393.456825
394.410544
395.419864
396.395737
397.334512
398.330385
399.297551
400.256327
401.249297
402.216463
403.329433
404.296599
405.252154
406.219955
407.190340
408.181043
409.182721
410.236644
411.152200
412.223220
413.287800
414.393016
415.317279
416.425714
417.563175
418.562585
419.508753
420.554014
421.619229
422.627347
423.669025
424.719410
425.700454
426.831156
427.969615
429.015147
430.074558
431.236871
432.411111
433.898549
435.545578
436.717868
437.826599
438.974739
440.063175
441.165170
442.238209
443.443991
444.527234
445.634104
446.767710
447.836327
448.927483
450.006984
451.024626
452.174853
453.254558
454.388163
455.440000
456.478367
457.440272
458.443673
459.388027
460.444626
461.491701
462.458367
463.411837
464.307075
465.283265
466.349932
467.284218
468.302993
469.228027
470.243537
471.122585
472.116599
473.137755
474.162041
475.193878
476.540680
478.366122
479.654603
480.815873
482.031655
483.058413
484.151020
485.259184
486.253469
487.393878
488.417642
489.413878
490.393333
491.361587
492.370476
493.326032
494.289206
495.249841
496.210794
497.188889
498.193016
499.165714
500.169841
501.127619
502.121270
503.120317
504.126349
505.086667
506.067302
507.095873
508.043810
509.011429
510.004762
511.086032
512.108889
513.131429
514.165079
515.166032
516.196508
517.161905
518.160000
519.160635
520.186349
521.179683
522.167619
523.142857
524.166032
525.143492
526.115873
527.060635
528.025397
528.940000
529.874603
530.819365
531.735420
532.660635
533.584966
534.510794
535.433651
536.381587
537.332381
538.285397
539.197778
540.143175
541.086349
542.037143
542.944762
543.817052
544.677778
545.443492
546.253651
547.015556
547.790522
548.553878
549.317868
550.104444
550.865533
551.589206
552.284172
553.030431
553.815692
554.632562
555.472653
556.297914
557.122540
557.927800
558.675646
559.584127
560.469388
561.291519
562.226349
563.458005
564.281995
565.036961
565.860385
566.678186
567.506259
568.234331
569.104875
569.869025
570.645057
571.342177
572.060023
572.723401
573.504807
574.252336
574.999546
575.950567
577.040363
