0.343810
1.859048
3.002585
4.158367
7.906259
9.554150
11.288571
27.223311
35.742993
40.247211
41.329524
42.388617
43.375465
44.330703
45.363991
46.310839
47.323810
48.276145
49.294921
50.214512
51.246757
52.164490
53.194785
54.153968
55.054830
56.078095
57.116871
58.175918
59.158367
60.193878
61.301224
62.333061
63.350385
64.341633
65.302041
66.314694
67.330204
68.342041
69.317732
70.435102
71.481587
72.553016
73.551429
74.580635
75.662222
76.781587
77.792063
78.764444
79.886032
80.896825
81.960952
82.992381
83.962857
84.961270
85.982222
86.949184
87.898095
88.891429
89.856463
90.840000
91.808299
92.729660
93.717551
94.643673
95.602857
96.551156
97.524807
98.495646
99.455646
100.446667
101.445306
102.520680
103.594240
104.526122
105.552290
106.529252
107.629796
109.035782
110.111973
111.171837
112.253878
113.355374
114.242857
115.204082
116.231020
117.651020
118.592245
119.587755
120.653061
121.891429
122.849796
123.813061
124.877143
125.940000
126.896735
127.843673
128.906122
129.888571
130.848163
131.757143
132.717551
133.694694
134.601837
135.562449
136.526531
137.445306
138.420816
139.390204
140.377143
141.357755
142.322041
143.312925
144.270385
145.219184
146.227120
147.215102
148.288707
149.360136
150.406803
151.387891
152.439320
153.401497
154.461633
155.474830
156.470204
157.471565
158.481224
159.440816
160.378367
161.396735
162.415102
163.444762
164.444898
165.622857
166.565170
167.516463
168.405578
169.345170
170.274694
171.292698
172.319048
173.901587
174.992381
176.050794
177.045079
178.054603
179.101587
180.115556
181.074127
182.066349
183.050476
184.021587
185.071179
186.080317
187.099841
188.051111
189.083061
190.159365
191.180635
192.173968
193.127347
194.043265
195.051837
195.934694
196.792245
197.781633
198.839184
199.734512
200.687800
201.595283
202.584490
203.446122
204.364898
205.283673
206.236327
207.123265
208.154694
209.095918
210.090431
211.127755
212.233061
214.309388
215.462041
216.431837
217.419320
218.397551
219.370612
220.381633
221.343673
222.347755
223.349388
224.300816
225.282449
226.214286
227.185714
228.104898
229.075374
229.982041
230.936735
231.905714
232.877143
233.848980
234.811020
235.760000
236.752245
237.754286
238.717551
239.705306
240.664082
241.675102
242.611020
243.566531
244.534694
245.460816
246.422449
247.452766
248.320000
249.290068
250.214966
251.125079
252.120590
253.047755
254.029751
254.959819
255.924399
256.846236
257.833560
258.786848
259.756916
260.666984
261.614150
262.526803
263.505896
264.455964
265.417324
266.396100
267.323583
268.265261
269.206939
270.037324
271.081542
271.983810
273.071565
273.987438
275.031655
276.023628
277.097868
278.139864
279.191088
280.329660
281.417143
282.685261
284.033061
285.410522
286.604127
287.689977
288.729070
289.787732
291.007574
292.078912
293.152517
294.254830
295.351020
296.349796
297.308254
298.275420
299.185170
300.210068
301.130794
302.069569
303.013515
303.954875
304.867528
305.855646
306.788934
307.693515
308.699365
309.698458
310.675964
311.651837
312.730612
313.724535
314.789116
315.733379
316.714739
317.623855
318.602313
319.592381
320.574535
321.512517
322.601587
323.620363
324.665896
325.670476
326.695057
327.744807
328.804535
329.805896
330.775964
331.843764
332.880091
333.868390
334.890703
335.823356
336.811156
337.787029
338.711293
339.695873
340.622721
341.598912
342.551882
343.472925
344.422676
345.349206
346.302177
347.240317
348.161361
349.093696
350.034739
351.056417
352.037460
353.014286
354.014059
355.077324
356.119320
357.225170
358.201361
359.219819
360.278912
361.942132
363.258549
364.164671
365.249161
366.367846
367.462041
368.537188
369.569433
370.864898
372.378730
372.971610
374.211202
375.385034
376.354240
377.272336
378.341451
379.397642
380.399002
381.376825
382.361088
383.379864
384.375737
385.294512
386.235193
387.157551
388.065442
388.929297
389.856463
390.769433
391.756599
392.672154
393.679955
394.630340
395.621043
396.582721
397.576644
398.472200
399.463220
400.467800
401.533016
402.557279
403.625714
404.723175
405.722585
406.677506
407.714014
408.739229
409.707347
410.729025
411.679410
412.620454
413.671156
414.669615
415.795147
416.774558
417.776871
418.871111
420.178549
421.705578
422.797868
423.846599
424.794739
425.863175
426.865170
427.838209
428.863991
429.867234
430.834104
431.863855
432.836327
433.927483
434.855661
435.824626
436.934853
437.954558
439.008163
439.940000
440.918367
441.840544
442.803673
443.748027
444.664626
445.591701
446.598367
447.551837
448.467075
449.363265
450.349932
451.244218
452.245748
453.048027
454.063537
454.902585
455.896599
456.895510
457.882041
458.913878
460.260680
462.086122
463.214603
464.315873
465.371655
466.318413
467.345170
468.419184
469.393469
470.413878
471.397642
472.393878
473.333333
474.281587
475.250476
476.186032
477.136402
478.069841
479.010794
479.968889
480.973016
481.945714
482.989841
483.947619
484.921270
485.920317
486.926349
487.866667
488.807302
489.815873
490.783810
491.715714
492.684762
493.663016
494.608889
495.531429
496.505079
497.446032
498.376508
499.301905
500.240000
501.160635
502.126349
503.059683
503.973810
504.922857
505.946032
506.843492
507.755873
508.660635
509.585397
510.500000
511.394603
512.299365
513.175420
514.073545
514.984966
515.910794
516.853651
517.761587
518.672381
519.645397
520.517778
521.443175
522.386349
523.317143
524.224762
525.177052
526.077778
526.883492
527.693651
528.435556
529.210522
529.993878
530.797868
531.604444
532.405533
533.189206
533.904172
534.650431
535.455692
536.292562
537.132653
537.957914
538.742540
539.547800
540.317823
541.164127
541.969388
542.783039
543.723175
544.916009
545.781995
546.596961
547.440385
548.278186
549.126259
549.867166
550.744875
551.529025
552.330113
553.082177
553.820045
554.543401
555.344807
556.052336
556.799546
557.630567
558.560363
