0.743810
2.539048
4.085170
5.458367
6.606259
7.974150
9.282857
10.563311
11.842993
13.067211
14.249524
15.368617
16.475465
19.630703
22.903991
35.390839
46.538095
52.996145
56.234921
57.289025
58.386757
59.404490
60.534785
61.593968
62.614830
63.758095
64.936871
66.087755
67.158367
68.293878
69.421224
70.553061
71.610385
72.681633
73.722041
74.794694
75.900408
77.002041
78.017732
79.215102
80.401587
81.553016
82.611429
83.680635
84.742222
85.901587
86.972063
88.006667
89.106032
90.227302
91.320952
92.432381
93.462857
94.521270
95.622222
96.669184
97.738095
98.771429
99.836463
100.900000
101.948299
102.999320
104.037551
105.083673
106.142857
107.131156
108.224807
109.355646
110.395646
111.386667
112.425306
113.580680
114.934240
116.026122
117.212290
118.289252
119.409796
120.595782
121.691973
122.831837
123.893878
124.995374
126.082857
127.164082
128.191020
129.311020
130.452245
131.547755
132.633061
133.851429
134.989796
136.093061
137.197143
138.320000
139.436735
140.463673
141.606122
142.688571
143.776327
144.874286
145.957551
147.034694
148.123673
149.222449
150.286531
151.365306
152.460816
153.470204
154.557143
155.615510
156.702041
157.732925
158.810385
159.819184
160.947120
162.035102
163.124354
164.300136
165.426803
166.587891
167.799320
168.841497
169.901633
170.974830
172.050204
173.111565
174.201224
175.240816
176.358367
177.396735
178.455102
179.484762
180.589796
181.742857
182.765170
183.996463
185.005578
186.265170
187.514694
188.732698
190.179048
192.081587
193.332381
194.630794
195.685079
196.814603
197.941587
199.135556
200.304762
201.366349
202.630476
203.721587
204.851179
206.220317
207.319683
208.651111
209.763061
211.119365
212.280635
213.353968
214.407347
215.483265
216.591837
217.594694
218.604490
219.701633
220.939184
221.974512
223.047800
224.115283
225.244490
226.266122
227.344898
228.423673
229.556327
230.603265
231.734694
232.835918
233.920862
235.167755
236.713061
238.469388
239.722041
240.751837
241.935918
242.977551
244.070612
245.121633
246.163673
247.427755
248.469388
249.540816
250.601224
251.614286
252.665714
253.684898
254.755374
255.762041
256.793469
257.825714
258.897143
260.068980
261.162041
262.300000
263.452245
264.634286
265.755102
266.945306
268.084082
269.175102
270.231020
271.266531
272.334694
273.340816
274.402449
275.451066
276.480000
277.530068
278.574966
279.605079
280.680590
281.767755
282.849751
283.879819
284.964399
286.026236
287.113560
288.186848
289.236916
290.266984
291.314150
292.366803
293.445896
294.515964
295.577324
296.656100
297.703583
298.785261
299.886939
300.937324
302.201542
303.643810
305.311565
306.667438
307.911655
309.103628
310.277868
311.459864
312.391088
313.589660
314.637143
315.785261
316.926122
318.170522
319.284127
320.429977
321.509070
322.615465
323.847574
324.977823
326.112517
327.174830
328.271020
329.369796
330.428254
331.487710
332.545170
333.650068
334.670794
335.769569
336.793515
337.854875
338.867528
339.995646
341.048934
342.093515
343.199365
344.438458
345.515964
346.631837
347.730612
348.804535
349.929116
350.993379
352.074739
353.123855
354.222313
355.292381
356.374535
357.412517
358.561587
359.840363
360.985896
362.010476
363.075057
364.124807
365.204535
366.285896
367.375964
368.403764
369.520272
370.588390
371.670703
372.703356
373.771156
374.807029
375.851293
376.895873
377.902721
378.958912
380.011882
381.052925
382.082676
383.089206
384.122177
385.140317
386.161361
387.193696
388.234739
389.296417
390.277460
391.074286
392.554059
393.677324
394.779320
396.065170
397.201361
398.279819
399.398912
400.792426
401.898549
402.964671
404.089161
405.307846
406.242041
407.257188
408.378239
409.524898
410.578730
411.791610
413.151202
414.412517
415.554240
416.672336
417.761451
418.737642
420.039002
421.076825
422.221088
423.279864
424.395737
425.454512
426.530385
427.637551
428.736327
429.769297
430.856463
431.889433
432.956599
433.952154
434.999955
436.050340
437.141043
438.162721
439.236644
440.192200
441.303220
442.367800
443.513016
444.697279
445.825714
446.943175
448.062585
449.117506
450.194014
451.259229
452.327347
453.429025
454.539410
455.560454
456.631156
457.709615
458.795147
459.854558
460.896871
461.951111
463.458549
465.125578
466.277868
467.346599
468.454739
469.543175
470.605170
471.678209
472.863991
473.974467
475.054104
476.127710
477.296327
478.547483
479.686984
480.844626
482.094853
483.414558
484.548163
485.720000
486.778367
487.840544
488.923673
489.928027
490.978503
492.051701
493.178367
494.299184
495.307075
496.363265
497.479864
498.484218
499.602993
500.558685
501.723537
502.722585
503.756599
504.935510
505.942041
507.133878
508.360680
510.266122
511.474603
512.655873
513.771655
514.918413
515.971020
517.179184
518.173469
519.293878
520.357642
521.393878
522.433333
523.441587
524.510476
525.526032
526.509206
527.529841
528.570794
529.608889
530.673016
531.745714
532.829841
533.887619
534.941270
536.020317
537.166349
538.186667
539.227302
540.335873
541.403810
542.451429
543.484762
544.526032
545.577778
546.582857
547.625079
548.666032
549.696508
550.701905
551.720000
552.740635
553.746349
554.759683
555.767619
556.782857
557.866032
558.903492
559.951746
560.960635
562.045397
563.040000
564.094603
565.139365
566.175420
567.220635
568.244966
569.310794
570.353651
571.341587
572.392381
573.425397
574.397778
575.403175
576.426349
577.457143
578.444762
579.457052
580.437778
581.323492
582.233651
583.095556
583.950522
584.833878
585.657868
586.564444
587.425533
588.289206
589.144172
590.010431
590.911383
591.812562
592.732653
593.657914
594.522540
595.447800
596.315646
597.244127
598.149388
599.063039
600.086349
601.918005
602.941995
603.876961
604.780385
605.698186
606.626259
607.467166
608.444875
609.369025
610.250113
611.102177
611.960045
612.723401
613.524807
614.332336
615.099773
615.970567
616.800363
