0.823810
2.579048
4.002585
5.598367
6.966259
11.662449
13.651429
30.383311
43.745986
46.207211
47.269524
48.348617
49.395465
50.410703
51.463991
52.490839
53.563810
54.556145
55.634921
56.674512
57.746757
58.768980
59.934785
61.013968
62.114830
63.378095
64.576871
65.715918
66.818367
67.913878
69.061224
70.193061
71.270385
72.321633
73.302041
74.334694
75.450204
76.562041
77.557732
78.895102
80.161587
81.253016
82.451429
83.600635
84.664444
85.801587
86.912063
87.911111
89.026032
90.133651
91.220952
92.312381
93.342857
94.421270
95.482222
96.489184
97.538095
98.611429
99.656463
100.700000
101.708299
102.749660
103.837551
104.843673
105.882857
106.871156
107.904807
108.975646
109.915646
110.926667
112.045306
113.080680
114.234240
115.326122
116.432290
117.529252
118.689796
120.215782
121.511973
122.791837
124.129388
125.335374
126.682857
127.964082
129.151020
130.411020
131.612245
132.787755
133.933061
135.122857
136.209796
137.373061
138.537143
139.580000
140.653469
141.743673
142.786122
143.888571
144.976327
146.017143
147.077551
148.114694
149.163673
150.202449
151.266531
152.305306
153.360816
154.410204
155.477143
156.535510
157.622041
158.712925
159.790385
160.839184
161.947120
162.990204
164.104354
165.180136
166.366803
167.687891
168.779320
169.881497
171.061633
172.274830
173.390204
174.491565
175.621224
176.660816
177.818367
178.876735
179.935102
181.024762
182.084898
183.388571
184.485170
185.436463
186.385578
187.365170
188.314694
189.292698
190.559048
192.401587
193.732381
194.870794
196.005079
197.214603
198.401587
199.595556
200.744762
201.926349
203.110476
204.381587
205.531179
206.920317
208.139683
209.411111
210.723061
211.979365
213.080635
214.193968
215.247347
216.303265
217.411837
218.394694
219.384490
220.541633
221.699184
222.654512
223.687800
224.695283
225.804490
226.726122
227.804898
228.823673
229.876327
230.783265
231.794694
232.935918
233.970431
235.327755
236.293061
237.829388
239.022041
240.051837
241.215918
242.257551
243.330612
244.401633
245.483673
246.567755
247.649388
248.740816
249.782449
250.794286
251.865714
252.884898
253.955374
255.002041
256.033469
257.005714
258.077143
259.168980
260.182041
261.460000
262.772245
263.834286
264.777551
265.825306
266.844082
267.935102
268.951020
269.966531
271.014694
271.960816
273.002449
273.971066
274.940000
275.930068
276.974966
277.945079
278.960590
279.947755
280.969751
281.979819
282.964399
283.986236
284.993560
286.006848
286.996916
287.926984
288.914150
289.866803
290.845896
291.835964
292.837324
293.816100
294.843583
295.825261
296.846939
297.877324
299.041542
300.303810
301.691565
302.747438
303.931655
305.063628
306.157868
307.179864
308.151088
309.309660
310.297143
311.325261
312.373061
313.490522
314.532063
315.629977
316.649070
317.727732
318.787574
319.938912
321.052517
322.134830
323.151020
324.169796
325.188254
326.215420
327.225170
328.270068
329.270794
330.309569
331.293515
332.314875
333.327528
334.415646
335.448934
336.453515
337.679365
338.858458
339.915964
340.971837
342.070612
343.164535
344.209116
345.253379
346.274739
347.261285
348.282313
349.292381
350.334535
351.352517
352.721587
353.900363
355.045896
356.190476
357.335057
358.404807
359.504535
360.545896
361.555964
362.623764
363.720136
364.768390
365.810703
366.823356
367.871156
368.927029
369.931293
370.955873
371.962721
373.018912
374.031882
375.032925
376.062676
377.109206
378.122177
379.120317
380.081361
381.073696
382.094739
383.116417
384.097460
385.054286
386.114059
387.237324
388.379320
389.485170
390.541361
391.779819
392.898912
394.812426
396.338549
397.804671
399.329161
400.807846
402.262041
403.717188
405.178866
406.704898
408.138730
409.831610
411.471202
412.812517
413.834240
414.852336
415.881451
416.977642
417.979002
418.936825
420.001088
421.019864
422.075737
423.094512
424.110385
425.137551
426.136327
427.144649
428.116463
429.129433
430.136599
431.132154
432.159955
433.150340
434.221043
435.242721
436.336644
437.372200
438.483220
439.547800
440.793016
441.977279
443.265714
444.623175
445.802585
446.757506
447.914014
448.979229
450.094694
451.149025
452.239410
453.200454
454.431156
455.469615
456.635147
457.694558
458.816871
460.011111
461.438549
463.065578
464.257868
464.874072
464.908452
464.923485
464.935462
464.986560
464.999797
465.071804
465.214104
465.376827
465.460093
465.466293
465.472085
465.477981
465.643227
465.866820
466.268163
466.348889
466.421537
466.460544
466.652783
466.918290
466.969275
467.671701
467.855243
468.039629
468.167876
468.343265
468.512606
468.539585
468.632383
468.972018
469.065291
469.070674
469.076866
469.174719
469.190627
469.262195
469.304045
470.126122
470.733368
471.065065
471.076796
471.176916
471.288337
471.343680
471.358976
471.993878
473.057642
474.133878
475.193333
476.221587
477.270476
478.286032
479.309206
480.349841
481.370794
482.408889
483.513016
484.525714
485.609841
486.627619
487.661270
488.760317
489.826349
490.866667
491.907302
492.955873
493.947619
494.951429
496.004762
497.066032
498.108889
499.131429
500.225079
501.286032
502.316508
503.341905
504.360000
505.400635
506.426349
507.479683
508.487619
509.462857
510.506032
511.483492
512.415873
513.380635
514.325397
515.320000
516.254603
517.199365
518.115420
519.080635
520.064966
520.783598
521.109394
521.661587
522.163439
522.170103
522.176495
522.181631
522.185163
522.188722
522.192129
522.195623
522.199006
522.208050
522.219624
522.611111
523.110522
523.302975
523.357868
523.784444
524.042531
524.050610
524.058600
524.490431
525.375692
525.916281
526.303636
526.312762
526.462540
526.697047
527.437823
528.504127
529.509388
530.463039
531.626349
532.858005
533.681995
534.416961
535.220385
535.998186
536.806259
537.487166
538.304875
539.049025
539.850113
540.622177
541.380045
542.103401
542.924807
543.712336
544.559546
545.510567
546.400363
