0.423810
2.434286
4.250340
5.858367
7.346259
8.734150
10.322857
11.763311
13.022993
14.347211
15.589524
16.668617
17.715465
18.730703
19.783991
33.750839
53.503810
54.536145
56.614921
57.594512
58.626757
59.644490
60.754785
61.733968
62.794830
63.898095
65.238435
66.175918
67.215102
68.313878
69.501224
70.593061
71.630385
72.701633
73.782041
74.834694
75.890204
76.942041
77.937732
79.035102
80.341587
81.393016
82.411429
83.480635
84.416444
85.521587
86.552063
87.548889
88.652063
89.736825
90.820952
91.932381
92.942857
94.021270
95.102222
96.169184
97.198095
98.242857
99.276463
100.340000
101.348299
102.369660
103.417551
104.403673
105.402857
106.357052
107.344807
108.355646
109.415646
110.566667
111.417551
112.540680
113.654240
114.806122
115.972290
117.029252
118.229796
119.775782
120.991973
122.111837
123.293878
124.535374
125.602857
126.684082
127.871020
129.251020
130.312245
131.407755
132.833061
134.282857
135.389796
136.413061
137.497143
138.680000
139.656735
140.823673
141.866122
142.957143
144.036327
145.097143
146.177551
147.254694
148.323673
149.382449
150.446531
151.505306
152.540816
153.550204
154.617143
155.675510
156.782041
157.852925
158.930385
159.959184
161.147120
162.215102
163.564354
164.720136
165.946803
167.207891
168.319320
169.461497
170.561633
171.794830
172.910204
174.151565
175.301224
176.560816
177.738367
178.916735
180.115102
181.284762
182.384898
183.482857
184.611020
185.716463
186.765578
187.745170
188.834694
189.792698
190.999048
192.321587
193.432381
194.450794
195.565079
196.614603
197.741587
198.855556
199.984762
201.106349
202.170476
203.361587
204.471179
205.580317
206.819683
208.051111
209.103061
210.339365
211.380635
212.593968
213.647347
214.703265
215.791837
216.814694
217.864490
219.021633
220.159184
221.194512
222.227800
223.355283
224.484490
225.486122
226.524898
227.603673
228.656327
229.723265
230.754694
231.955918
233.090431
234.127755
235.253061
237.108163
238.502041
239.523673
240.675918
241.837551
242.930612
244.021633
245.143673
246.327755
247.409388
248.480816
249.522449
250.534286
251.585714
252.604898
253.675374
254.682041
255.753469
256.751429
257.817143
259.055918
260.175102
261.340000
262.672245
263.794286
264.872653
266.045306
267.184082
268.375102
269.411020
270.466531
271.534694
272.540816
273.602449
274.611066
275.620000
276.670068
277.734966
278.725079
279.740590
280.787755
281.849751
282.899819
283.944399
284.986236
286.073560
287.126848
288.176916
289.206984
290.248299
291.266803
292.325896
293.395964
294.437324
295.536100
296.563583
297.605261
298.626939
299.697324
300.841542
301.943810
303.271565
304.407438
305.671655
306.803628
307.997868
309.079864
310.091088
311.349660
312.457143
313.585261
314.746122
315.970522
317.104127
318.169977
319.229070
320.307732
321.507574
322.638912
323.752517
324.874830
325.951020
326.989796
328.028254
329.055420
330.065170
331.150068
332.170794
333.249569
334.233515
335.254875
336.247528
337.295646
338.308934
339.353515
340.459365
341.598458
342.675964
343.711837
344.830612
346.004535
347.089116
348.153379
349.234739
350.243855
351.302313
352.312381
353.374535
354.372517
355.501587
356.740363
357.825896
358.810476
359.835057
360.824807
362.024535
363.065896
364.135964
365.223764
366.360272
367.428390
368.545351
369.523356
370.611156
371.647029
372.731293
373.755873
374.742721
375.798912
376.831882
377.852925
378.882676
379.889206
380.902177
381.880317
382.861361
383.853696
384.834739
385.916417
387.057460
387.994286
389.014059
390.137324
391.359320
392.525170
393.661361
394.899819
396.118912
397.772426
399.138549
400.324671
401.689161
402.847846
404.102041
405.177188
406.389433
407.684898
408.659746
409.897203
411.251202
412.672517
413.734240
414.792336
415.950159
417.115283
418.239002
419.296825
420.441088
421.519864
422.655737
423.674512
424.730385
425.777551
426.916327
427.909297
429.036463
430.129433
431.156599
432.172154
433.239955
434.310340
435.401043
436.482721
437.616644
438.652200
439.803220
440.847800
442.053016
443.217279
444.465714
445.640794
446.782585
447.815011
448.994014
450.159229
451.367347
452.529025
453.679410
454.680454
455.851156
457.009615
458.175147
459.234558
460.336871
461.631111
462.898549
464.465578
465.677868
466.846599
467.914739
469.003175
470.055510
471.178209
472.383991
473.507234
474.654104
475.867710
476.956327
478.227483
479.366984
480.604626
481.734853
483.014558
484.268163
485.500000
486.558367
487.600544
488.703673
489.788027
490.824626
491.911701
492.978367
494.011837
494.987075
496.103265
497.209932
498.264218
499.262993
500.296054
501.443537
502.442585
503.536599
504.715510
505.842041
507.013878
508.260680
509.986122
511.174603
512.415873
513.471655
514.558413
515.661361
516.959184
518.061224
519.213878
520.317642
521.353878
522.473333
523.481587
524.550476
525.606032
526.609206
527.649841
528.681587
529.748889
530.813016
531.885714
532.969841
534.047619
535.121270
536.180317
537.286349
538.366667
539.427302
540.535873
541.643810
542.671429
543.744762
545.026032
546.008889
547.011429
548.025079
549.046032
550.056508
551.061905
552.060000
553.060635
554.026349
554.999841
555.947619
556.922857
557.946032
558.943492
559.915873
560.880635
561.865397
562.840000
563.834603
564.819365
565.775420
566.780635
567.784966
568.810794
569.793651
570.781587
571.832381
572.885397
573.917778
574.923175
575.986349
577.017143
578.044762
579.077052
580.137778
580.963492
581.773651
582.555556
583.370522
584.153878
584.977868
585.824444
586.625533
587.409206
588.204172
588.970431
589.855692
590.692562
591.572653
592.427583
593.222540
594.107800
594.888695
595.684127
596.489388
597.323039
598.226349
599.458005
600.341995
601.176961
602.040385
602.878186
603.746259
604.487166
605.444875
606.278050
607.090113
607.922177
608.780045
609.603401
610.484807
611.432336
612.559546
613.530567
614.680363
