0.963810
6.716054
12.435510
18.321769
24.196281
29.568163
35.224082
39.858776
44.830748
49.417959
53.639819
58.658639
63.520000
67.855964
71.802766
74.131338
76.198322
78.215737
80.384127
82.765442
84.537732
86.695329
88.877279
90.650703
92.411043
94.124671
95.776961
97.480227
99.158231
100.826939
102.610204
104.576644
106.448571
108.208118
109.585034
110.520000
112.228073
114.091156
116.230703
118.553605
120.636871
122.919955
125.528345
128.063991
130.334263
132.291746
133.773968
135.502721
137.376599
139.266757
141.353197
143.258050
145.359002
148.071247
150.231837
152.323764
154.362766
156.430975
158.330522
160.297143
162.325351
164.351791
166.356644
168.357778
170.235374
172.189252
174.183129
176.394898
178.437982
180.480862
182.549252
184.548435
186.567619
188.728209
191.304172
194.078005
197.135374
200.170249
202.864082
204.989977
207.747211
210.264490
212.501859
214.448118
216.314558
218.286485
220.099864
222.163265
224.046667
226.061905
227.972063
229.870159
231.738095
233.731429
235.675556
237.648798
239.544444
241.507211
243.440181
245.272063
247.109116
249.030476
250.900317
252.881270
254.817143
256.844762
258.646032
260.668980
262.704762
264.607347
266.688571
268.718231
270.791973
272.727937
274.753016
276.620816
278.460317
280.288889
282.172925
284.004626
285.911973
287.726667
289.833651
292.012063
294.060000
296.562857
298.940000
301.246667
303.240000
305.644490
307.900816
310.158367
312.389796
315.810340
317.856735
319.699456
321.307029
322.171973
324.103810
325.975238
328.198050
330.248254
332.190023
334.289206
336.500408
338.707937
341.416825
344.016735
346.307347
348.423673
349.892653
351.820952
353.773968
355.852789
357.794082
359.793197
361.807483
364.840000
366.846621
368.885850
370.957596
373.098594
375.096236
377.083265
379.137687
381.170340
383.251973
385.136735
387.033968
388.944127
390.928571
393.175873
395.234921
397.258730
399.264762
401.301224
403.350476
405.686349
408.583492
410.981451
413.311202
416.711519
419.411066
421.952789
424.437143
428.465034
431.502222
434.128889
436.373651
439.844671
442.629206
446.260000
448.339048
451.140000
453.730612
456.859683
458.200000
462.326531
465.445578
467.495782
469.306667
471.235782
473.171474
475.335782
477.158549
