2.043810
6.256054
10.495510
15.041769
20.116281
25.308163
31.404082
36.158776
41.132245
45.877959
50.219819
55.298639
60.693243
65.875964
69.502766
71.471338
73.533288
75.595737
77.644127
79.465442
81.257732
83.315329
85.197279
86.920000
88.751043
90.464671
92.116961
94.140227
95.498231
97.226939
98.990204
100.876644
102.828571
104.568118
105.985034
106.968345
108.708073
110.451156
112.210703
114.313605
116.256871
118.239955
120.428345
122.323991
124.274263
126.291746
127.801905
129.562721
131.356599
133.446757
135.553197
137.578050
139.899002
142.811247
144.551837
146.263764
148.102766
149.970975
151.530522
153.197143
155.165351
157.011791
158.956644
160.757778
162.575374
164.369252
166.123129
168.234898
170.117982
171.880862
173.749252
175.588435
177.467619
179.348209
181.864172
184.318005
186.635374
189.170249
191.424082
193.529977
195.587211
197.848163
199.881859
201.828118
203.734558
205.586485
207.439864
209.203265
211.086667
212.941905
214.892063
216.750159
218.598095
220.411429
222.295556
224.148798
225.964444
227.827211
229.600000
231.352063
233.169116
235.050476
236.720317
238.581270
240.417143
242.304762
243.966032
245.828980
247.664762
249.380000
251.208571
253.054558
254.631973
256.607937
258.433016
260.180816
262.020317
263.768889
265.652925
267.564626
269.571973
271.186667
272.933651
274.732063
276.620000
279.102857
281.380000
283.526667
285.580000
287.784490
289.940816
292.038367
294.229796
297.080000
298.556735
300.559456
302.007029
303.011973
304.943810
306.855238
308.818050
310.788254
312.710023
314.629206
316.560408
318.447937
320.656825
322.716735
324.747347
326.723673
328.092653
329.940952
331.773968
333.832789
335.914082
337.953197
340.167483
342.900000
344.606621
346.405850
348.317596
350.240000
351.916236
353.583265
355.537687
357.390340
359.091973
360.976735
362.733968
364.664127
366.574286
368.835873
370.698730
372.540000
374.444762
376.301224
378.350476
380.546349
383.403492
385.781451
388.191202
391.191519
393.962766
396.372789
398.877143
401.580000
404.342222
407.008889
409.113651
412.000000
415.369206
418.288889
420.839048
423.459365
426.070612
428.759683
430.421088
434.006531
436.145578
437.835782
439.220000
440.775782
442.371474
444.315782
446.038549
