0.523810
5.576054
10.535510
16.381769
22.076281
27.568163
33.864082
38.158776
43.057687
47.517959
51.499819
57.178639
62.853243
68.735964
73.882766
75.711338
77.478322
79.200000
81.044127
82.865442
84.737732
86.515329
88.417279
90.010703
91.671043
93.244671
94.876961
96.520227
98.098231
99.666939
101.370204
103.116644
105.068571
106.768118
108.145034
109.108345
110.808073
112.471156
114.130703
115.973605
117.716871
119.559955
121.568345
123.243991
124.974263
126.671746
127.993968
129.522721
131.296599
133.266757
135.259592
137.218050
139.259002
141.691247
143.551837
145.283764
147.022766
148.690975
150.230522
151.880000
153.605351
155.331791
157.016644
158.697778
160.295374
161.900000
163.603129
165.494898
167.277982
168.980862
170.609252
172.428435
174.327619
176.088209
178.664172
181.358005
183.795374
186.070249
188.424082
190.449977
192.427211
194.528163
196.421859
198.228118
200.054558
201.906485
203.779864
205.763265
207.606667
209.501905
211.452063
213.180000
214.938095
216.751429
218.595556
220.388798
222.044444
223.667211
225.320181
227.032063
228.689116
230.450476
232.060317
233.601270
235.297143
237.104762
238.606032
240.348980
242.384762
243.867347
245.428571
247.094558
248.831973
250.487937
252.133016
253.680816
255.340317
256.988889
258.552925
260.224626
261.771973
263.446667
265.233651
267.052063
269.080000
271.922857
274.140000
276.206667
278.400000
280.944490
283.120816
285.240000
287.449796
290.010340
292.096735
294.019456
295.807029
296.671973
298.523810
300.255238
302.078050
303.848254
305.830023
307.660000
309.560408
311.667937
313.816825
315.916735
317.987347
319.823673
321.152653
322.840952
324.653968
326.512789
328.434082
330.353197
332.407483
335.129660
336.826621
338.505850
340.237596
341.958594
343.616236
345.223265
346.917687
348.810340
350.351973
352.016735
353.653968
355.244127
357.088571
358.895873
360.618730
362.260000
364.104762
365.861224
367.810476
370.146349
372.943492
375.704354
378.011202
380.951519
383.825533
386.552789
388.557143
392.445034
395.342222
398.488889
401.153651
404.320000
408.289206
411.988889
414.919048
418.359365
421.470612
424.839683
428.001088
430.740000
432.585578
434.115782
435.546667
437.155782
438.991474
441.115782
442.938549
