0.583810
5.616054
10.755510
16.761769
22.556281
28.008163
33.944082
39.198776
45.097687
50.537959
55.899819
62.198639
67.953243
73.855964
78.782766
80.891338
83.051610
85.215737
87.424127
90.085442
91.897732
94.095329
96.277279
98.290703
100.051043
101.944671
103.836961
105.840227
107.578231
109.386939
111.350204
113.556644
115.548571
117.428118
118.845034
119.868345
121.688073
123.651156
125.601406
127.773605
130.076871
132.119955
134.388345
136.443991
138.534263
140.551746
142.121905
144.042721
146.536599
148.646757
150.873197
152.938050
155.099002
157.851247
160.171837
162.303764
164.562766
166.930975
169.030522
171.097143
173.185351
175.291791
177.296644
179.317778
181.255374
183.229252
185.343129
187.454898
189.477982
191.480862
193.449252
195.448435
197.667619
199.868209
202.324172
205.038005
207.615374
209.910249
212.344082
214.549977
217.107211
219.368163
221.741859
223.808118
225.814558
227.766485
229.719864
231.703265
233.666667
235.681905
237.832063
239.730159
241.778095
243.831429
245.975556
248.008798
249.924444
251.907211
253.800181
255.812063
257.749116
259.730476
261.540317
263.521270
265.477143
267.564762
269.346032
271.348980
273.324762
275.147347
277.168571
279.134558
281.051973
282.987937
284.913016
286.880816
288.780317
290.728889
292.632925
294.644626
296.651973
298.666667
300.813651
302.992063
305.180000
307.902857
310.460000
312.926667
315.592245
318.344490
320.960816
323.660000
326.209796
328.830340
331.390612
333.879456
335.763265
336.855918
339.183810
341.415238
343.698050
345.868254
348.110023
350.309206
352.600408
354.827937
357.176825
359.413469
361.747347
363.943673
365.392653
367.300952
369.673968
371.952789
374.194082
376.193197
378.587483
381.529660
383.906621
385.997551
388.257596
390.598594
392.696236
394.703265
396.977687
399.130340
401.131837
403.166939
405.135873
407.124127
409.188571
411.275873
413.318730
415.298730
417.324762
419.361224
421.530476
423.826349
426.663492
429.281451
431.411202
434.331519
437.442766
439.972789
442.577143
445.285034
448.102222
450.888889
453.753651
456.904671
460.549206
464.008889
466.699048
470.079365
473.590612
477.119683
480.301088
484.366531
486.765578
488.595782
490.526667
492.475782
494.451474
496.575782
498.718549
