1.783810
7.256054
12.715510
18.441769
24.176281
29.328163
35.404082
40.118776
44.957687
50.237959
55.119819
60.758639
65.793243
70.515964
75.262766
77.191338
79.113288
81.075737
83.144127
85.005442
87.070930
89.075329
90.997279
92.790703
94.571043
96.384671
98.196961
99.960227
101.678231
103.406939
105.270204
107.156644
109.028571
110.868118
112.285034
113.228345
114.988073
116.831156
118.650703
120.713605
122.676871
125.159955
127.108345
129.203991
131.254263
133.191746
134.613968
136.362721
138.156599
140.146757
142.332381
144.338050
146.479002
149.331247
151.531837
153.403764
155.242766
157.270975
159.090522
160.897143
162.685351
164.551791
166.176644
167.957778
169.615374
171.389252
173.043129
175.114898
176.877982
178.540862
180.189252
181.948435
183.647619
185.768209
188.344172
191.678005
194.815374
198.010249
202.004082
204.309977
206.447211
208.408163
210.341859
212.148118
213.914558
215.726485
217.559864
219.343265
221.186667
223.101905
225.092063
226.800000
228.718095
230.631429
232.335556
234.208798
235.904444
237.727211
239.520181
241.392063
243.169116
245.170476
246.920000
248.581270
250.377143
252.224762
253.946032
255.788980
257.584762
259.267347
261.088571
262.914558
264.711973
266.467937
268.213016
269.940816
271.720317
273.488889
275.252925
277.064626
278.851973
280.606667
282.633651
284.732063
286.900000
289.462857
291.560000
293.806667
295.900000
298.484490
300.640816
302.938367
305.289796
308.990340
311.336735
313.459456
315.207029
316.231973
318.223810
320.235238
322.398050
324.228254
326.310023
328.329206
330.360408
332.527937
335.076825
337.516735
339.727347
341.803673
343.092653
344.940952
346.853968
348.912789
351.054082
353.153197
355.347483
358.509660
360.746621
362.545850
364.397596
366.398594
368.316236
370.183265
371.940000
373.750340
375.531973
377.236735
378.993968
380.684127
382.448571
384.695873
386.478730
388.038730
389.944762
391.741224
393.630476
395.886349
399.103492
401.921451
405.091202
408.831519
411.756599
414.732789
417.668571
422.145034
425.542222
428.648889
431.513651
435.564671
439.909206
443.908889
447.579048
451.579365
455.247347
459.259683
462.821088
466.646531
469.485578
471.315782
472.986667
474.671565
476.531474
478.855782
480.678549
