3.943810
9.616054
15.235510
21.841769
28.496281
34.508163
40.464082
45.798776
52.257687
57.437959
63.219819
69.858639
76.113243
81.775964
86.342766
88.651338
90.778322
93.035737
95.404127
97.485442
99.817732
102.195329
104.457279
106.510703
108.451043
110.404671
112.436961
114.520227
116.338231
118.386939
120.350204
122.636644
124.808571
126.868118
128.445034
129.488345
131.428073
133.471156
135.670703
138.193605
140.576871
143.219955
145.488345
147.963991
150.094263
152.311746
153.973968
155.962721
157.936599
160.226757
162.591973
164.738050
167.499002
171.671247
174.631837
176.923764
179.442766
181.870975
184.150522
186.477143
188.885351
191.291791
193.636644
195.797778
198.055374
200.349252
202.623129
205.834898
208.181837
210.300862
212.409252
214.728435
217.047619
219.828209
222.404172
225.578005
228.615374
231.650249
234.684082
237.409977
239.867211
242.028163
244.341859
246.428118
248.554558
250.606485
252.859864
255.203265
257.466667
259.761905
262.372063
264.590159
266.818095
269.091429
271.495556
273.908798
276.204444
278.507211
280.700181
282.872063
285.089116
287.310476
289.420317
291.661270
293.977143
296.364762
298.386032
300.828980
303.004762
305.307347
307.628571
310.114558
312.271973
314.603810
316.933016
319.140816
321.340635
323.468889
325.712925
328.104626
330.491973
332.553333
334.813651
337.324127
339.720000
343.042857
345.840000
348.686667
351.432245
354.464490
357.420816
360.218367
363.269796
366.610340
369.556735
372.019456
373.907029
375.191973
377.563810
379.775238
382.198050
384.628254
386.870023
389.349206
391.740408
394.267937
397.356825
400.416735
403.487347
406.183673
407.792653
409.880952
412.013968
414.252789
416.454082
418.733197
421.567483
426.169660
428.766621
431.445850
433.837596
436.018594
438.256236
440.483265
442.677687
444.810340
447.291973
449.556735
451.793968
453.984127
456.442857
459.455873
461.658730
463.758730
465.964762
468.301224
470.810476
473.506349
477.343492
481.581451
483.351202
486.811519
490.433197
493.752789
497.357143
501.145034
505.222222
508.748889
512.213651
516.624671
521.029206
525.368889
528.777143
533.179365
537.146122
541.119683
544.501088
548.446531
551.005578
553.075782
554.886667
557.115782
559.371474
561.995782
563.858549
