0.843810
5.796054
10.335510
15.241769
20.216281
25.428163
30.804082
34.358776
38.297687
42.657959
46.499819
51.158639
55.113243
59.315964
63.042766
65.211338
67.558186
69.595737
71.884127
74.285442
76.117732
78.435329
80.817279
82.890703
84.855215
86.824671
88.830884
90.940227
92.778231
94.646939
96.770204
99.156644
101.208571
103.288118
104.645034
105.688345
107.608073
109.571156
111.470703
113.653605
115.816871
117.779955
120.408345
122.803991
125.074263
127.271746
128.773968
130.642721
132.656599
134.666757
136.713197
138.718050
141.019002
144.111247
146.291837
148.183764
150.202766
152.210975
154.090522
155.997143
157.945351
159.891791
161.876644
163.777778
165.635374
167.589252
169.563129
171.574898
173.577982
175.480862
177.389252
179.308435
181.547619
183.708209
186.324172
189.318005
192.055374
194.950249
197.984082
200.709660
203.247211
205.348163
207.721859
209.848118
211.854558
213.786485
215.699864
217.663265
219.666667
221.661905
223.692063
225.660000
227.598095
229.471429
231.575556
233.588798
235.464444
237.467211
239.480181
241.472063
243.349116
245.330476
247.280317
249.221270
251.197143
253.304762
255.126032
257.108980
259.064762
260.927347
263.008571
264.914558
266.891973
268.827937
270.873016
272.820816
274.800317
276.748889
278.792925
280.764626
282.751973
284.626667
286.573651
288.512063
290.480000
293.002857
295.220000
297.320000
299.520000
301.704490
303.820816
305.998367
308.289796
311.090340
313.276735
315.239456
316.927029
317.811973
319.783810
321.595238
323.698050
325.688254
327.810023
329.809206
331.920408
334.147937
336.996825
339.676735
341.927347
344.123673
345.592653
347.620952
349.653968
351.672789
353.674082
355.693197
358.107483
361.269660
363.326621
365.205850
367.237596
369.198594
371.116236
373.043265
374.997687
376.950340
378.851973
380.756735
382.693968
384.644127
386.588571
388.675873
390.678730
392.578730
394.564762
396.601224
398.730476
401.459048
404.823492
407.821451
410.291202
413.731519
417.282766
420.132789
423.277143
426.625034
429.682222
432.808889
435.713651
438.984671
442.469206
445.888889
448.919048
451.899365
455.110612
458.259683
461.121088
465.086531
467.825578
469.575782
471.466667
473.455782
475.411474
477.455782
479.538549
