0.603810
5.936054
10.975510
16.421769
21.536281
26.708163
32.564082
36.038776
40.897687
46.295510
51.239819
56.858639
62.093243
67.100000
71.322766
73.591338
75.778322
77.875737
80.124127
82.125442
84.217732
86.555329
88.637279
90.530703
92.551043
94.424671
96.376961
98.440227
100.138231
101.926939
103.830204
105.916644
107.988571
109.948118
111.545034
112.608345
114.448073
116.371156
118.350703
120.553605
122.936871
125.219955
127.508345
129.683991
131.754263
133.831746
135.313968
137.222721
139.436599
141.906757
144.373197
146.698050
149.359002
152.431247
154.611837
156.583764
158.602766
160.650975
162.650522
164.597143
166.660000
168.691791
170.756644
172.737778
174.715374
176.729252
178.883129
181.514898
183.657982
185.660862
187.689252
189.748435
192.047619
194.568209
197.304172
200.758005
203.515374
207.290249
210.504082
212.949977
215.027211
217.308163
219.721859
221.768118
223.714558
225.686485
227.839864
230.023265
232.146667
234.121905
236.272063
238.290159
240.338095
242.591429
244.835556
246.928798
248.884444
251.067211
253.080181
255.092063
257.149116
259.130476
261.080317
263.041270
265.097143
267.284762
269.106032
271.168980
273.164762
275.087347
277.188571
279.254558
281.231973
283.267937
285.313016
287.260816
289.280317
291.288889
293.292925
295.384626
297.491973
299.406667
301.613651
303.832063
306.100000
308.422857
310.680000
312.986667
314.912245
317.084490
319.240816
321.200000
323.469796
325.810340
327.896735
329.939456
331.647029
332.631973
334.623810
336.595238
338.918050
341.048254
343.410023
345.689206
348.260408
350.567937
353.336825
356.113878
358.714694
361.023673
362.692653
364.800952
367.073968
369.472789
371.594082
373.812789
376.307483
379.429660
381.446621
383.385850
385.357596
387.318594
389.276236
391.223265
393.237687
395.290340
397.251973
399.236735
401.213968
403.224127
405.308571
407.915873
409.998730
411.958730
413.984762
416.141224
418.390476
420.806349
424.043492
426.961451
429.231202
432.371519
435.853832
438.712789
441.477143
444.785034
447.642222
450.308889
452.973651
456.284671
459.909206
462.768889
465.819048
468.879365
472.050612
474.999683
478.021088
480.106531
482.405578
484.235782
485.893333
488.015782
489.731474
491.995782
494.258549
