0.943810
5.696054
10.495510
15.701769
20.956281
26.348163
31.564082
35.598776
40.497687
45.397959
50.179819
55.618639
60.833243
66.135964
70.422766
72.451338
74.238322
76.115737
78.124127
79.985442
81.857732
83.915329
85.677279
87.510703
89.151043
90.844671
92.576961
94.340227
95.958231
97.586939
99.270204
101.096644
102.988571
104.668118
105.965034
106.908345
108.468073
110.171156
111.830703
113.713605
115.576871
117.519955
119.628345
121.563991
123.294263
125.071746
126.413968
128.062721
129.816599
131.646757
133.393197
135.098050
136.999002
139.251247
141.080000
142.863764
144.662766
146.490975
147.950522
149.697143
151.625351
153.331791
155.036644
156.717778
158.335374
160.049252
161.703129
163.674898
165.377982
167.000862
168.629252
170.188435
171.967619
173.600000
175.604172
177.898005
180.155374
181.910249
184.184082
186.169977
188.207211
190.100000
192.001859
193.708118
195.434558
197.066485
198.819864
200.643265
202.426667
204.221905
206.152063
207.830159
209.538095
211.231429
212.975556
214.748798
216.364444
218.187211
219.860181
221.592063
223.329116
225.390476
226.680000
228.361270
230.217143
231.940000
233.526032
235.388980
236.904762
238.547347
240.208571
241.914558
243.511973
245.127937
246.793016
248.380816
250.100317
251.668889
253.292925
254.984626
256.791973
258.486667
260.213651
261.952063
263.800000
265.962857
267.880000
269.826667
271.660000
273.704490
275.700816
277.998367
279.780000
282.270340
284.356735
286.339456
287.867029
288.911973
290.703810
292.435238
294.298050
296.120000
298.010023
299.849206
301.720408
303.587937
305.616825
307.556735
309.522041
311.383673
312.612653
314.280952
316.133968
317.872789
319.774082
321.513197
323.407483
325.829660
327.580000
329.305850
331.097596
332.878594
334.556236
336.223265
337.940000
339.640000
341.371973
343.076735
344.633968
346.324127
348.008571
349.915873
351.678730
353.380000
354.944762
356.641224
358.370476
360.206349
362.963492
365.061451
367.211202
369.811519
372.302766
374.652789
377.137143
380.485034
383.402222
385.968889
388.253651
391.304671
394.569206
396.468889
399.419048
401.920000
404.550612
407.239683
410.621088
412.426531
414.185578
415.860000
417.406667
418.715782
420.251474
422.315782
424.038549
