0.056190
1.512109
2.688254
3.787800
4.963492
6.152109
7.462132
8.539864
9.828254
11.121678
12.501088
13.534694
14.720136
16.096825
17.277143
18.372517
19.542721
20.777778
22.063175
23.108163
24.269796
25.534694
26.740816
27.798367
28.857143
29.886122
30.904082
31.922041
32.954694
34.033878
35.533288
36.996327
38.230612
39.277959
40.510204
41.766893
43.011837
44.148571
45.453061
46.733878
47.885306
49.119728
50.324943
51.499592
52.650249
53.882902
55.114558
56.417188
57.440816
58.706531
59.864172
61.104399
62.366893
63.493107
64.683628
65.853197
66.924717
68.103810
69.229841
70.409569
71.449161
72.569388
73.622676
74.760454
75.794875
76.898776
77.944444
79.577778
80.898730
81.931429
83.166984
84.502222
85.737959
86.776190
87.860136
88.904082
89.908844
91.008844
92.504490
93.707347
94.784898
95.853741
97.024490
98.160816
100.057823
101.837279
103.391701
104.862993
106.333968
107.848277
109.232109
110.645488
112.147347
113.539456
114.954694
116.365578
118.118776
119.691293
121.139048
122.517551
123.932653
125.288163
126.667211
128.144082
129.778503
131.361497
132.820091
134.165034
135.732789
137.204354
138.645442
140.026531
141.521224
142.916735
144.408435
145.766213
147.319932
148.906372
150.319388
151.984626
153.602222
155.234422
156.653741
158.025442
159.484898
161.009116
162.459320
163.956100
165.613741
167.225034
168.760136
170.211837
171.848435
173.430476
175.117143
177.526122
183.346213
184.374785
185.443311
186.428345
187.489660
188.514603
189.545125
190.566485
191.600590
192.625578
193.665125
194.702812
195.822041
196.836145
197.895601
198.944172
200.065351
201.391383
202.714014
203.769751
204.992608
206.267937
207.510567
208.553605
209.861361
211.086213
212.243810
213.499592
214.838912
216.051111
217.086984
218.366440
219.505805
220.714558
221.764626
222.902313
223.954558
225.043084
226.071701
227.138458
228.207075
229.353515
230.309524
231.377098
232.402721
234.102857
235.354422
236.386712
237.600454
238.959592
240.113288
241.198367
242.257959
243.261179
244.331746
245.427846
246.642177
248.572426
250.203673
252.267619
253.824898
255.366349
256.948299
258.364898
259.791973
261.277279
263.128980
264.752109
266.383401
267.894150
269.434014
270.931293
272.659320
274.197007
275.565850
276.997279
278.255102
279.492109
280.669388
281.868844
283.025533
284.124218
285.247914
286.332925
287.522449
289.087755
290.402041
291.471338
292.663175
294.041814
295.262857
296.320499
297.448980
298.764399
300.839410
302.550612
304.120771
305.697914
309.619456
310.594150
311.513469
312.399728
313.734150
314.966122
315.921905
316.934286
317.864490
318.712109
319.597551
320.444762
321.314558
322.341088
323.271973
324.457959
326.100317
