0.256190
1.972109
3.248254
4.307800
5.583492
7.012109
8.262132
9.319864
10.428254
11.741678
13.041088
14.134694
15.280136
16.616825
17.897143
18.972517
20.122721
21.597778
22.903175
24.028163
25.189796
26.554694
27.800816
28.858367
29.897143
30.906122
31.904082
32.862041
33.874694
34.856939
36.293288
37.996327
39.250612
40.297959
41.610204
43.006893
44.231837
45.308571
46.453061
47.533878
48.585306
49.639728
50.704943
51.689932
52.740499
53.762902
54.854558
55.937188
56.920816
57.906531
58.984172
60.064399
61.146893
62.073107
63.183628
64.233197
65.204717
66.203810
67.189841
68.249569
69.169161
70.149388
71.121338
72.180454
73.174875
74.358776
75.444444
77.417778
78.798730
79.831429
81.146984
82.762222
83.937959
84.976190
86.040136
87.024082
88.008844
88.954422
90.424490
91.527347
92.524898
93.506871
94.581497
95.620816
97.038912
98.837279
100.451701
101.962993
103.653968
105.288277
106.832109
108.385488
109.947347
111.419456
112.954694
114.465578
116.278776
117.891293
119.439048
120.937551
122.592653
124.168163
125.707211
127.284082
129.095510
130.701497
132.160091
133.605034
135.232789
136.724354
138.185442
139.626531
141.321224
142.856735
144.448435
145.946213
147.919932
149.646372
151.279388
152.984626
154.922222
156.534422
157.933741
159.405442
160.924898
162.449116
163.879320
165.372200
167.190612
168.905034
170.420136
171.951837
173.908435
175.730476
177.757143
180.685805
188.106213
189.094785
190.123311
191.108345
192.129660
193.134603
194.125125
195.126485
196.120590
197.165578
198.245125
199.262812
200.362041
201.356145
202.395601
203.404172
204.565351
206.011383
207.274014
208.349751
209.485215
210.747937
212.010567
213.053605
214.201361
215.226213
216.343810
217.439592
218.518912
219.551111
220.546984
221.606440
222.605805
223.674558
224.644626
225.622313
226.574558
227.623084
228.571701
229.558458
230.527075
231.613515
232.569524
233.717098
234.802721
236.682857
238.048844
239.086712
240.380454
241.799592
242.993288
244.038367
245.038980
246.021179
246.971746
247.943537
249.082177
250.632426
253.143673
255.447619
257.164898
258.859048
260.488299
262.064898
263.711973
265.377279
267.388980
269.132109
270.803401
272.314150
273.834014
275.351293
277.219320
278.937007
280.405850
281.874558
283.235102
284.532109
285.729388
286.908844
288.045533
289.124218
290.227914
291.212925
292.502449
294.287755
295.542041
296.591338
297.863175
299.341814
300.562857
301.620499
302.688980
303.984399
306.319410
308.021224
309.981542
311.737914
318.479456
319.314150
320.093469
320.839728
321.814150
322.606122
323.310952
324.114286
324.884490
325.672109
326.477551
327.284762
328.094558
329.001088
329.971973
331.188980
332.550159
