0.316190
1.972109
3.228254
4.267800
5.483492
6.832109
8.084263
9.139864
10.308254
11.581678
13.102177
14.194694
15.300136
16.596825
18.017143
19.152517
20.262721
21.495556
22.923175
24.028163
25.149796
26.394694
28.080816
29.158367
30.237143
31.286122
32.324082
33.342041
34.374694
35.453878
36.753288
38.345306
39.690612
40.717959
41.950204
43.333787
44.571837
45.648571
47.173061
48.433878
49.665306
50.859728
52.084943
53.309932
54.470249
55.702902
57.094558
58.437188
59.600816
60.786531
62.024172
63.224399
64.486893
65.673107
67.143628
68.393197
69.644717
70.903810
72.089841
73.349569
74.649161
75.909388
77.042676
78.300454
79.474875
80.698776
81.964444
83.657778
85.078730
86.111429
87.406984
88.862222
90.177959
91.196190
92.200136
93.184082
94.188844
95.134422
96.484490
97.667347
98.784898
99.853741
101.044490
102.180816
103.758912
105.457279
107.051701
108.602993
110.173968
111.788277
113.352109
114.976463
116.607347
118.159456
119.734694
121.225578
122.958776
124.591293
126.199048
127.717551
129.352653
130.988163
132.747211
134.404082
136.015510
137.661497
139.260091
140.825034
142.705578
144.324354
145.865442
147.506531
149.161224
150.716735
152.528435
154.206213
155.959932
157.606372
159.319388
160.964626
162.622222
164.334422
165.893741
167.525442
169.144898
170.829116
172.399320
174.016100
175.656871
177.465034
179.120136
180.751837
182.408435
184.030476
185.777143
187.842902
192.023107
193.034785
194.063311
195.068345
196.089660
197.114603
198.085125
199.086485
200.060590
201.065578
202.085125
203.082812
204.140510
205.136145
206.155601
207.164172
208.225351
209.471383
210.974014
212.069751
213.212608
214.347937
215.750567
216.813605
218.261361
219.486213
220.663810
221.899592
223.138912
224.331111
225.506984
226.706440
228.005805
229.274558
230.444626
231.622313
232.774558
234.003084
235.311701
236.538458
237.587075
238.853515
239.929524
241.137098
242.262721
243.962857
245.194422
246.226712
247.520454
248.939592
250.173288
251.198367
252.177959
253.161179
254.151746
255.107846
256.222177
257.792426
259.543673
261.627619
263.244898
264.906349
266.548299
268.124898
269.751973
271.437279
273.128980
274.792109
276.443401
278.014150
279.634014
281.311293
283.179320
284.777007
286.165850
287.497279
288.695102
289.932109
291.109388
292.268844
293.425533
294.584218
295.727914
296.812925
297.982449
299.507755
300.802041
301.831338
303.083175
304.701814
306.222857
307.260499
308.328980
309.444399
312.559410
314.870612
316.681542
318.397914
323.279456
324.114150
324.833469
325.579728
326.434150
327.246122
327.941905
328.694286
329.444490
330.172109
330.897551
331.664762
332.337279
333.201088
333.931973
334.868980
336.920317
