0.316190
2.312109
3.488254
4.467800
5.563492
6.892109
8.082132
9.059864
10.148254
11.441678
12.681088
13.674694
14.780136
16.056825
17.197143
18.232517
19.302721
20.557778
21.803175
22.828163
23.889796
25.154694
26.300816
27.298367
28.297143
29.306122
30.264082
31.222041
32.194694
33.193878
34.493288
36.096327
37.210612
38.197959
39.290204
40.666893
41.791837
42.808571
44.033061
45.113878
46.285306
47.359728
48.424943
49.509932
50.490249
51.542902
52.594558
53.697188
54.640816
55.646531
56.704172
57.764399
58.786893
59.773107
60.843628
61.933197
62.924717
63.963810
64.989841
66.069569
67.009161
67.989388
68.962676
69.980454
70.937438
71.998776
72.892222
74.398889
75.518730
76.471429
77.606984
78.962222
80.037959
80.976190
81.940136
82.884082
83.848844
84.774422
85.904490
87.007347
88.064898
89.093741
90.264490
91.480816
92.998912
94.657279
96.231701
97.762993
99.313968
100.868277
102.412109
103.916463
105.467347
106.939456
108.467347
110.005578
111.558776
113.111293
114.619048
116.157551
117.672653
119.208163
120.807211
122.304082
123.857755
125.441497
126.920091
128.465034
130.072789
131.624354
133.185442
134.726531
136.281224
137.756735
139.388435
140.906213
142.619932
144.246372
145.866463
147.424626
149.022222
150.554422
152.013741
153.585442
155.124898
156.689116
158.199320
159.796100
161.373741
162.945034
164.480136
166.031837
167.608435
169.230476
171.017143
173.342902
179.026213
179.954785
180.963311
181.868345
182.849660
183.794603
184.705125
185.623243
186.540590
187.505578
188.445125
189.362812
190.362041
191.276145
192.215601
193.144172
194.085351
195.295692
196.514014
197.489751
198.572608
199.747937
200.850567
201.853605
203.041361
204.086213
205.243810
206.319592
207.398912
208.451111
209.446984
210.486440
211.505805
212.594558
213.584626
214.582313
215.554558
216.603084
217.551701
218.509229
219.467075
220.533515
221.409524
222.437098
223.322721
224.931429
226.014422
227.006712
228.080454
229.479592
230.533288
231.498367
232.437959
233.361179
234.311746
235.247846
236.522177
238.092426
239.543673
241.327619
242.864898
244.427810
246.008299
247.504898
249.083991
250.617279
252.148980
253.672109
255.243401
256.694150
258.174014
259.591293
261.059320
262.437007
263.792925
265.217279
266.755102
268.152109
269.349388
270.568844
271.745533
272.864218
274.007914
275.052925
276.122449
277.707755
278.882041
279.871338
280.946349
282.401814
283.542857
284.520499
285.568980
287.084399
289.059410
291.070612
293.041542
294.817914
301.759456
302.574150
303.313469
303.959728
304.817075
305.566122
306.221905
306.934286
307.644490
308.332109
309.037551
309.764762
310.454558
311.221088
311.991973
313.048980
313.960317
