0.316190
1.992109
3.348254
4.367800
5.666984
7.112109
8.342132
9.299864
10.468254
11.821678
13.261088
14.334694
15.520136
16.896825
18.197143
19.272517
20.442721
21.877778
23.303175
24.368163
25.589796
26.934694
28.340816
29.438367
30.457143
31.466122
32.424082
33.342041
34.334694
35.333878
36.853288
38.492653
39.790612
40.717959
42.150204
43.486893
44.791837
45.808571
47.113061
48.293878
49.425306
50.479728
51.604943
52.669932
53.790249
54.842902
55.974558
57.097188
58.260816
59.286531
60.444172
61.484399
62.626893
63.693107
65.023628
66.313197
67.364717
68.423810
69.489841
70.629569
71.629161
72.678776
73.722676
74.880454
76.014875
77.298776
78.364444
80.017778
81.318730
82.291429
83.613968
85.022222
86.257959
87.176190
88.060136
88.904082
89.708844
90.458884
91.564490
92.567347
93.544898
94.473741
95.644490
96.760816
98.318912
100.317279
102.071701
103.682993
105.273968
106.968277
108.572109
110.136463
111.727347
113.279456
114.854694
116.385578
117.978776
119.571293
121.139048
122.617551
124.152653
125.688163
127.247211
128.804082
130.315510
131.921497
133.540091
135.045034
136.632789
138.204354
139.785442
141.306531
142.901224
144.356735
145.988435
147.526213
149.119932
150.726372
152.299388
153.904626
155.582222
157.134422
158.693741
160.265442
161.824898
163.429116
165.179320
166.776100
168.416871
170.005034
171.620136
173.191837
174.808435
176.430476
178.297143
181.082902
188.426213
189.434785
190.443311
191.428345
192.449660
193.454603
194.425125
195.406485
196.440590
197.465578
198.445125
199.442812
200.542041
201.576145
202.635601
203.664172
204.825351
206.251383
207.774014
208.889751
210.092608
211.447937
212.870567
213.993605
215.361361
216.486213
217.663810
218.799592
219.959456
221.131111
222.206984
223.346440
224.485805
225.814558
226.864626
227.922313
228.994558
230.143084
231.203401
232.238458
233.367075
234.573515
235.729524
236.937098
238.042721
239.702857
241.014422
241.966712
243.400454
244.759592
246.053288
247.018367
247.877959
248.741179
249.611746
250.467846
251.482177
253.052426
254.303673
256.667619
258.384898
260.019524
261.628299
263.224898
264.851973
266.517279
268.128980
269.752109
271.403401
272.954150
274.454014
275.951293
277.439660
278.837007
280.112925
281.437279
282.615102
283.732109
284.789388
285.888844
287.025533
288.082109
289.167914
290.172925
291.442449
293.067755
294.342041
295.311338
296.703175
298.101814
299.342857
300.320499
301.268980
302.484399
303.759410
305.490612
307.481542
309.337914
314.719456
315.454150
316.173469
316.799728
317.634150
318.386122
319.121905
319.874286
320.544490
321.252109
321.938776
322.664762
323.374558
324.130544
324.871973
325.848980
327.100317
