0.396190
2.412109
3.508254
4.427800
5.503492
6.732109
7.902132
8.839864
9.968254
11.221678
12.581088
13.554694
14.600136
15.836825
17.017143
18.030839
19.142721
20.377778
21.743175
22.728163
23.729796
24.994694
26.340816
27.398367
28.417143
29.346122
30.264082
31.202041
32.154694
33.113878
34.713288
36.356327
37.610612
38.577959
39.750204
41.053787
42.271837
43.268571
44.653061
45.853878
47.045306
48.139728
49.284943
50.419592
51.490249
52.562902
53.843673
55.017188
56.000816
57.066531
58.184172
59.264399
60.406893
61.293107
62.523628
63.693197
64.744717
65.823810
66.869841
67.949569
68.909161
69.929388
70.922676
71.940454
72.874875
73.878776
74.804444
76.297778
77.618730
78.571429
79.766984
81.122222
82.297959
83.236190
84.180136
85.124082
86.068844
87.114422
88.844490
89.967347
90.904898
91.833741
92.864490
93.900816
95.918912
97.957279
99.671701
101.202993
102.713968
104.282069
105.812109
107.296463
108.843673
110.299456
111.794694
113.241116
114.918776
116.411293
117.899048
119.317551
120.612653
122.008163
123.427211
124.764082
126.375510
127.901497
129.320091
130.685034
132.132789
133.604354
135.025442
136.463265
138.001224
139.388367
140.888435
142.246213
143.899932
145.366372
146.899388
148.424626
150.042222
151.594422
153.013741
154.445442
155.964898
157.489116
158.939320
160.516100
162.136871
163.665034
165.220136
166.651837
168.268435
170.090476
171.957143
174.522902
180.326213
181.274785
182.303311
183.234172
184.229660
185.254603
186.205125
187.186485
188.140590
189.125578
190.085125
190.962812
192.002041
192.916145
193.955601
194.944172
196.105351
197.491383
198.894014
199.909751
201.012608
202.247937
203.650567
204.713605
206.101361
207.306213
208.483810
209.599592
210.798912
211.911111
212.966984
214.106440
215.345805
216.534558
217.604626
218.662313
219.674558
220.763084
221.751701
222.758458
223.693537
224.793515
225.629524
226.697098
227.662721
229.282857
230.474422
231.446712
232.620454
234.079592
235.233288
236.198367
237.137959
238.081179
239.111746
240.287846
241.522177
243.012426
244.143673
246.387619
247.944898
249.399048
250.868299
252.244898
253.571973
254.937279
256.468980
257.872109
259.283401
260.574150
261.914014
263.295646
264.959320
266.357007
267.745850
269.157279
270.395102
271.672109
272.814694
273.908844
274.945533
275.944218
276.967914
277.892925
278.982449
280.647755
281.942041
282.891338
284.163175
285.561814
286.782857
287.805125
288.868980
290.344399
292.019410
293.770612
295.381542
296.837914
301.519456
302.414150
303.253469
304.059728
305.454150
306.546122
307.441905
308.394286
309.244490
310.112109
310.917551
311.724762
312.514558
313.401088
314.251973
315.369660
316.740317
