0.356190
1.852109
3.128254
4.087800
5.263492
6.592109
7.862132
8.819864
9.948254
11.181678
12.321088
13.354694
14.520136
15.756825
16.917143
17.992517
19.162721
20.397778
21.583175
22.628163
23.749796
24.994694
26.210408
27.278367
28.337143
29.386122
30.384082
31.401020
32.454694
33.533878
34.893288
36.396327
37.650612
38.617959
39.830204
41.246893
42.491837
43.508571
44.793061
45.893878
47.065306
48.119728
49.224943
50.249932
51.410249
52.442902
53.534558
54.637188
55.660816
56.766531
57.844172
58.884399
59.966893
61.033107
62.203628
63.313197
64.384717
65.447619
66.529841
67.649569
68.669161
69.709388
70.722676
71.820454
72.814875
73.898776
74.884444
76.537778
77.778730
78.751429
79.934921
81.282222
82.555918
83.516190
84.440136
85.364082
86.288844
87.268844
88.704490
89.827347
90.864898
91.853741
92.964490
94.060816
95.795646
97.437279
98.971701
100.401497
102.033968
103.609426
105.032109
106.516463
108.007347
109.419456
110.874694
112.325578
113.998776
115.511293
116.919048
118.277551
119.632653
121.074082
122.527211
123.984082
125.735510
127.281497
128.700091
130.125034
131.712789
133.164354
134.545442
135.906531
137.441224
138.916735
140.448435
141.786213
143.279932
144.746372
146.319388
147.824626
149.502222
151.094422
152.453741
153.885442
155.404898
156.869116
158.278639
159.696100
161.270612
162.845034
164.220136
165.591837
167.088435
168.610476
170.297143
172.822902
177.306213
178.234785
179.203311
180.168345
181.129660
182.174603
183.025125
184.026485
184.940590
185.905578
186.885125
187.882812
188.962041
189.956145
190.987800
191.984172
193.165351
194.511383
195.714014
196.749751
197.912608
199.127937
200.330567
201.353605
202.621361
203.726213
204.903810
205.939592
207.158912
208.211111
209.306984
210.446440
211.565805
212.734558
213.784626
214.882313
215.954558
217.103084
218.171701
219.258458
220.287075
221.393515
222.309524
223.377098
224.382721
226.064571
227.254422
228.226712
229.384535
230.899592
232.073288
233.078367
233.997959
234.921179
235.871746
236.887846
238.202177
239.590809
240.903673
242.927619
244.384898
245.813016
247.328299
248.724898
250.205986
251.677279
253.368980
254.892109
256.343401
257.714150
259.074014
260.411293
261.759320
263.057007
264.285850
265.557279
266.695102
267.892109
268.969388
270.088844
271.145533
272.164218
273.207914
274.192925
275.262449
276.627755
277.762041
278.711338
279.843175
281.261814
282.442857
283.400499
284.348980
285.584399
287.099410
288.890612
290.687811
292.117914
296.703035
297.054150
297.813469
298.499728
299.354150
300.146122
300.861905
301.594286
302.344490
303.092109
303.837551
304.564762
305.334558
306.241088
307.111973
308.548980
309.980317
