0.596190
2.272109
3.288254
4.187800
5.283492
6.572109
7.702132
8.579864
9.588254
10.621678
11.601088
12.574694
13.540136
14.545608
15.537143
16.412517
17.442721
18.457778
19.483175
20.428163
21.389796
22.494694
23.480816
24.398367
25.357143
26.243061
27.204082
28.142041
29.094694
29.959235
31.273288
32.816327
33.950612
34.877959
36.010204
37.366893
38.391837
39.304286
40.453061
41.473469
42.405306
43.419728
44.484943
45.509932
46.450249
47.442902
48.474558
49.557188
50.580816
51.566531
52.544172
53.524399
54.448964
55.253107
56.283628
57.313197
58.184717
59.183810
60.129841
61.149569
62.069161
62.989388
63.842676
64.920454
65.834875
66.909388
67.784444
69.597778
70.718730
71.631429
72.726984
74.082222
75.117959
75.936190
76.820136
77.682041
78.534422
79.394422
80.664490
81.683673
82.644898
83.576871
84.664490
85.860816
87.878912
89.857279
91.631701
93.322993
95.087937
96.948277
98.692109
100.496463
102.387347
104.119456
105.974694
107.705578
109.538776
111.391293
113.099048
114.837551
116.692653
118.568163
120.427211
122.104082
123.955510
125.861497
127.540091
128.915238
131.272789
133.104354
134.845442
136.686531
138.561224
140.256735
142.288435
144.006213
146.079932
148.026372
150.059388
151.824626
153.762222
155.694422
157.393741
159.225442
161.124898
163.009116
164.759320
166.576100
168.456871
170.405034
172.300136
174.151837
176.248435
179.030476
182.217143
185.802902
192.666213
193.594785
194.543311
195.462782
196.389660
197.357302
198.145125
199.126485
199.960590
200.865578
201.765125
202.722812
203.802041
204.696145
205.615601
206.544172
207.525351
208.591383
209.574014
210.529751
211.572608
212.593968
213.575283
214.533605
215.681361
216.786213
217.683810
218.729796
219.798912
220.842222
221.866984
222.866440
223.861935
224.897279
225.864626
226.841156
227.774558
228.803084
229.731701
230.679229
231.602358
232.638379
233.529524
234.577098
235.482721
237.262857
238.414422
239.366712
240.480454
241.919592
242.993288
243.878367
244.717959
245.621179
246.531746
247.367846
248.402177
249.712426
251.163673
253.207619
254.984898
256.759048
258.488299
260.204898
261.951973
263.677279
265.428980
267.112109
268.803401
270.374150
272.014014
273.491293
274.899320
276.237007
277.228617
278.297279
279.337551
280.332109
281.289388
282.288844
283.285533
284.202109
285.167914
286.056463
287.102449
288.767755
289.962041
290.871338
291.983175
293.333938
294.382857
295.220499
296.168980
297.224399
298.599410
300.270612
302.461542
304.419138
310.499456
311.334150
312.033469
312.799728
313.694150
314.486122
315.121905
315.874286
316.584490
317.312109
318.037551
318.724762
319.394558
320.201088
320.911973
321.986997
322.606772
