0.796190
2.532109
3.888254
4.987800
6.183492
7.312109
8.522132
9.599864
10.808254
12.101678
13.321088
14.454694
15.660136
16.996825
18.177143
19.292517
20.522721
21.837778
23.103175
24.248163
25.429796
26.714694
27.940816
29.058367
30.197143
31.346122
32.464082
33.602041
34.754694
35.953878
37.353288
38.896327
40.190612
41.277959
42.550204
43.726893
44.891837
46.028571
47.593061
48.713878
49.865306
50.919728
52.024943
53.169932
54.230249
55.302902
56.494558
57.617188
58.560816
59.646531
60.744172
61.824399
62.786893
63.733107
64.903628
66.053197
67.084717
68.183810
69.249841
70.389569
71.389161
72.469388
73.522676
74.740454
75.814875
77.098776
78.204444
79.817778
81.058730
82.111429
83.306984
84.522222
85.617959
86.656190
87.740136
88.824082
89.908844
91.094422
92.684490
93.847347
94.944898
96.013741
97.224490
98.380816
99.878912
101.497279
103.091701
104.642993
106.153968
107.788277
109.352109
110.936463
112.487347
114.019456
115.574694
117.085578
118.818776
120.351293
121.899048
123.417551
124.912653
126.428163
127.947211
129.504082
131.215510
132.721497
134.240091
135.742517
137.272789
138.764354
140.265442
141.786531
143.341224
144.816735
146.368435
147.806213
149.439932
151.002124
152.599388
154.044626
155.842222
157.394422
158.873741
160.425442
161.944898
163.449116
164.899320
166.376100
167.876871
169.385034
170.820136
172.291837
173.888435
175.390476
177.037143
179.122902
183.902071
184.874785
185.943311
186.928345
187.989660
189.014603
190.045125
191.086485
192.120590
193.165578
194.165125
195.182812
196.302041
197.336145
198.395601
199.464172
200.705351
202.071383
203.314014
204.429751
205.612608
206.827937
207.990567
209.053605
210.461361
211.526213
212.683810
213.899592
215.038912
216.131111
217.146984
218.266440
219.385805
220.574558
221.624626
222.702313
223.714558
224.823084
225.863401
226.938458
227.987075
229.213515
230.289524
231.577098
232.702721
234.282857
235.528844
236.546712
237.760454
238.979592
239.973288
241.038367
242.097959
243.181179
244.251746
245.427846
246.682177
248.092426
249.403673
251.887619
253.524898
255.059048
256.708299
258.264980
259.751973
261.317279
263.108980
264.772109
266.363401
267.814150
269.294014
270.711293
272.099320
273.397007
274.645850
275.937279
277.115102
278.390703
279.549388
280.728844
281.905533
283.024218
284.187914
285.292925
286.562449
288.147755
289.442041
290.551338
291.763175
292.921814
294.102857
295.220499
296.328980
297.544399
299.159410
300.930612
302.881542
304.477914
309.439456
310.434150
311.313469
312.279728
313.394150
314.426122
315.301905
316.254286
317.164490
318.072109
318.997551
319.904762
320.814558
321.861088
322.871973
324.668980
326.222857
