0.496190
2.352109
3.488254
4.567800
5.783492
6.918027
8.062132
9.119864
10.328254
11.521678
12.741088
13.794694
14.900136
16.076825
17.117143
18.192517
19.302721
20.478889
21.603175
22.668163
23.769796
24.914694
25.915204
26.938367
27.937143
28.886122
29.824082
30.762041
31.714694
32.693878
34.293288
35.896327
36.910612
37.957959
39.210204
40.406893
41.431837
42.528571
43.733061
44.893878
45.985306
47.059728
48.124943
49.129932
50.210748
51.242902
52.334558
53.517188
54.520816
55.586531
56.704172
57.724399
58.706893
59.653107
60.683628
61.933197
63.004717
64.003810
65.049841
66.269569
67.269161
68.269388
69.222676
70.420454
71.454875
72.679755
73.644444
75.557778
76.498730
77.491429
78.686984
79.862222
80.837959
81.776190
82.720136
83.684082
84.608844
85.554422
86.764490
87.827347
88.784898
89.753741
90.804490
92.120816
93.917823
95.617279
97.271701
98.882993
100.493968
102.148277
103.752109
105.336463
106.967347
108.499456
110.114694
111.645578
113.218776
114.771293
116.359048
117.877551
119.492653
121.088163
122.727211
124.264082
125.835510
127.341497
129.020091
130.525034
132.112789
133.724354
135.345442
136.926531
138.541224
140.056735
141.728435
143.286213
145.119932
146.866372
148.659388
150.242313
151.842222
153.494422
155.153741
157.185442
158.664898
160.369116
162.136599
163.896100
165.756871
167.545034
169.240136
171.051837
173.156871
175.870476
179.157143
182.762902
189.826213
190.834785
191.883311
192.868345
193.849660
194.834603
195.805125
196.746485
197.660590
198.645578
199.565125
200.500703
201.462041
202.456145
203.315601
204.284172
205.385351
206.651383
207.774014
208.829751
209.972608
211.047937
212.070567
213.073605
214.161361
215.206213
216.263810
217.279592
218.349456
219.411111
220.426984
221.466440
222.525805
223.794558
224.864626
225.942313
226.934558
228.203084
229.271701
230.278458
231.267075
232.573515
233.509524
234.737098
235.762721
237.722857
238.654422
239.626712
240.780907
242.079592
243.013288
243.978367
244.897959
245.841179
246.751746
247.555981
248.302177
249.872426
251.783673
254.127619
255.884898
257.619048
259.368299
261.064898
262.771973
264.457279
266.228980
268.372109
269.763401
271.434150
273.174014
274.971293
276.999320
278.597007
279.905850
281.294558
282.515102
283.812109
284.909388
286.108844
287.265533
288.364218
289.467914
290.472925
291.522449
293.107755
294.122041
295.091338
296.243175
297.550454
298.522857
299.520125
300.508980
301.724399
303.139410
305.150612
307.161542
308.937914
317.059456
317.954150
318.813469
319.429864
320.234150
320.886122
321.450952
322.137143
322.844490
323.472109
324.097551
324.764762
325.374558
326.201088
326.951973
327.888980
329.220317
