1.731020
4.180680
6.667755
9.103810
11.667347
14.161224
16.695102
19.445578
21.998912
24.514558
25.370612
27.817687
30.276054
32.676463
35.244762
37.760816
40.292109
42.971837
45.660680
48.227166
50.763946
53.191020
55.991156
58.560408
61.285306
63.874422
66.612245
69.705306
73.013946
74.311746
75.501451
76.797687
78.251973
79.308118
80.487755
82.567694
86.517085
87.960952
89.049796
90.261224
91.408118
92.429433
93.743311
94.830748
96.045261
97.350431
98.441995
99.576281
100.689796
101.827256
103.013741
104.141973
105.329932
106.516296
107.650431
108.827211
110.042358
111.217179
114.257098
118.096372
119.395556
120.569524
121.827302
122.968571
124.235556
125.223254
126.356825
127.526984
128.716825
130.080635
131.066667
132.214603
133.390998
134.588254
135.738707
136.921799
138.009229
139.222222
140.390159
141.558519
142.779238
145.762250
148.738194
150.691429
151.798730
153.001270
154.181224
155.304490
156.526984
157.722653
158.873878
160.161723
161.345624
162.654830
165.627313
166.792245
168.039864
169.217959
170.481361
171.600771
172.682041
173.805079
175.047937
176.301587
177.348254
178.677664
179.817778
181.038503
181.743810
182.368571
183.044490
183.697551
184.317143
184.997823
185.996825
187.273651
188.429206
189.601905
190.986667
192.100635
193.194286
194.320635
195.640952
196.809841
197.899048
199.140952
200.346349
201.601270
202.289524
202.914603
203.529841
204.177460
204.815556
205.448254
206.289388
207.669841
208.954921
210.022857
212.637143
213.244127
214.115510
214.725850
215.372154
216.113333
217.004762
217.738367
218.510249
219.306122
219.944127
220.750249
221.375737
222.173968
222.888503
223.558639
224.228299
225.027619
225.815873
226.612653
227.396327
228.257551
229.081633
229.913878
230.969388
231.626939
232.664444
233.460091
234.799456
237.010204
239.421633
240.338776
241.216327
242.197551
243.354830
245.714286
248.129796
249.080816
249.920000
250.861224
252.007755
253.321224
256.142449
258.768163
261.351429
263.965306
264.880816
265.720816
266.593878
267.530204
268.468571
269.379184
270.229388
271.236327
272.083673
272.973878
273.930204
275.086122
278.270975
281.013197
283.788345
286.647166
289.601587
290.380408
295.017940
297.137143
298.451202
299.638367
301.014467
303.869451
307.215510
309.016327
310.316735
311.544898
312.917143
316.555420
317.558639
318.480454
319.358639
