1.471020
3.980680
6.587755
9.183810
11.934694
14.541224
17.115102
19.985578
22.618912
25.554558
26.490612
29.037687
31.796054
34.452925
37.244762
39.980816
42.692109
45.587347
48.080680
51.421497
54.103946
56.691020
59.611156
62.520408
65.365306
68.223265
71.012245
73.835102
77.137578
78.571746
79.941451
81.377687
82.850658
84.148118
85.427755
88.313855
91.895420
93.140952
94.209796
95.381224
96.528118
97.609433
98.763311
99.770748
100.942630
102.070431
103.041995
104.258141
105.389796
106.507256
107.633741
108.701973
109.778741
110.888889
112.190431
113.347211
114.442358
115.372948
117.871420
122.316372
123.237778
124.289524
125.587302
126.548571
127.576508
128.813016
129.836138
131.046984
132.176825
133.220635
134.406667
135.494603
136.530998
137.728254
138.798707
139.910794
141.309229
142.182222
143.410159
144.426667
145.532381
148.321270
152.031111
153.931429
155.038730
156.121270
157.261224
158.384490
159.486984
160.610612
161.793878
162.941723
164.225624
165.574830
169.309252
170.492245
171.499864
172.497959
173.601361
174.580771
175.562041
176.525079
177.547937
178.581587
179.468254
180.537664
181.597778
182.749252
183.343810
183.828571
184.364490
184.946259
185.417143
185.977823
186.976825
188.133651
189.289206
190.441905
191.486667
192.530317
193.394286
194.330159
195.400952
196.414921
197.159048
198.240952
199.326349
200.561270
201.089524
201.614603
202.149841
202.677460
203.235556
203.828254
204.829388
206.429841
207.694921
209.002857
212.988571
213.584127
214.175510
214.745850
215.312154
215.893333
216.454921
217.069184
217.670249
218.306122
218.884127
219.550249
220.135737
220.753968
221.408503
221.998639
222.628299
223.247619
223.835873
224.492653
225.236327
225.997551
226.781633
227.433878
228.129388
228.786939
229.528889
230.320091
231.979456
234.450204
237.041633
237.798776
238.476327
239.177551
240.144490
242.454286
245.044898
245.800816
246.440000
247.130612
248.122585
249.141224
251.701224
254.224082
256.811429
259.465306
260.240816
260.960816
261.627755
262.370204
263.048571
263.759184
264.429388
265.224082
265.883673
266.653878
267.650204
268.883061
271.875488
274.653197
277.608345
280.427166
283.723175
288.060408
291.596806
293.388571
294.571202
295.787673
296.954467
299.452954
303.419002
305.416327
306.176735
307.484898
308.637143
312.695420
313.598639
314.340454
315.138639
