1.691020
4.540680
7.407755
10.263810
13.467347
16.261224
19.415102
22.865578
25.938912
29.814558
30.970612
33.997687
37.056054
40.056463
43.244762
46.140816
49.492109
52.511837
55.922721
60.181497
63.023946
65.911020
68.951156
72.060816
75.105306
77.914422
80.892245
83.735102
88.487891
89.825873
91.041451
92.397687
93.811973
95.188118
96.573878
99.558464
104.367937
105.660952
106.809796
107.975306
109.248118
110.349433
111.523311
112.610748
113.785261
115.010431
116.281995
117.338141
118.449796
119.567256
120.733741
121.861973
123.109932
124.506667
126.010431
127.216803
128.502358
129.865896
133.497098
138.629546
139.715556
140.929524
141.887302
143.028571
144.175556
145.473016
146.525608
147.786984
148.996825
150.180635
151.386667
152.534603
153.690998
154.948254
156.078707
157.470794
159.149229
160.622222
161.930159
163.138333
164.752381
168.121270
173.171111
174.611429
175.878730
177.064822
178.001224
179.664490
180.446984
181.650612
182.913878
184.061723
185.405624
186.834830
190.349252
191.552245
192.659864
193.657959
194.861361
195.880771
197.002041
198.065079
199.227937
200.421587
201.488254
202.657664
203.877778
205.138503
205.703810
206.208571
206.764490
207.317551
207.837143
208.397823
209.596825
210.553651
211.469206
212.601905
213.866667
214.920635
216.034286
217.050159
218.141905
219.409841
220.499048
221.640952
222.786349
224.161270
224.709524
225.234603
225.769841
226.305820
226.835556
227.368254
228.249388
229.429841
230.754921
232.042857
235.337143
235.924127
236.495510
237.071701
237.684308
238.276667
238.771640
239.438367
240.050249
240.666122
241.244127
241.872562
242.415737
243.033968
243.708503
244.258639
244.948299
245.487619
246.155873
246.772653
247.476327
248.217551
248.821633
249.413878
249.989388
250.566939
251.204444
251.800091
253.139456
255.870204
258.741633
259.518776
260.228163
260.957551
262.064490
264.814286
267.589796
268.360816
269.080000
269.801224
270.862585
272.701224
275.681224
278.424082
281.351429
284.525306
285.260816
285.960816
286.633878
287.430204
288.108571
288.839184
289.549388
290.384082
291.143673
291.927755
292.710204
293.686122
297.150975
300.233197
303.428345
306.607166
310.623175
315.240408
320.188365
321.888571
323.131202
324.338367
325.734467
329.527256
334.379102
336.396327
337.596735
338.864898
340.257143
345.095420
346.098639
346.840454
347.838639
