1.851020
4.720680
7.387755
9.883810
12.907347
15.801224
18.635102
21.645578
24.678912
27.834558
28.658435
31.477687
34.236054
36.776463
39.824762
42.840816
45.792109
49.271837
52.420680
55.861497
58.403946
60.991020
63.911156
66.160408
68.705306
71.094422
73.772245
76.275102
79.375964
80.199250
81.301451
82.317687
83.440665
84.368118
85.258656
87.886927
92.487937
93.340952
94.529796
95.541224
96.696039
97.598679
98.623311
99.530748
100.565261
101.710431
102.601995
103.758141
104.809796
105.907256
107.053741
108.050493
108.749932
109.946667
111.110431
112.191803
113.082358
114.365896
117.545699
122.449093
123.495556
124.709524
125.687302
126.668571
127.732593
128.933016
129.756825
130.915661
131.976825
133.146737
134.066667
135.074603
136.110998
137.208254
138.358707
138.610751
139.234615
141.262222
142.390159
143.346667
144.712381
148.005896
152.925556
154.611429
155.678730
156.841270
158.061224
159.464490
160.126984
161.330612
162.426939
163.561723
164.725125
166.094830
169.109252
170.332245
171.459864
172.517959
173.421361
174.420771
175.342041
176.185079
177.143968
178.000317
178.908254
179.859221
180.678889
181.538503
182.123810
182.648571
183.204490
183.732517
184.297143
184.857823
185.655365
186.516825
187.569206
188.501905
189.721944
190.340635
191.074286
191.990159
193.020952
194.069841
194.859048
195.780952
196.626349
197.461270
198.109524
198.654603
199.229841
199.837460
200.455556
201.028254
201.929388
203.069841
204.154921
205.282857
207.637143
208.244127
208.895510
209.505850
210.144308
210.593333
211.394921
212.078367
212.730249
213.386122
214.024127
214.730249
215.355737
216.021905
216.728503
217.219728
217.848299
218.527619
219.271746
219.952653
220.636327
221.337551
222.041633
222.653878
223.309388
223.926939
224.544444
225.200091
226.718912
229.330204
231.881633
232.638776
233.408163
234.197551
235.292245
237.854286
240.429796
241.220816
241.960000
242.701224
243.821939
245.564898
248.461224
251.124082
253.671429
256.665306
257.400816
258.080816
258.813878
259.640408
260.388571
261.059184
261.809388
262.624082
263.403673
264.273878
264.990204
266.026122
268.850975
272.373197
275.948345
278.947166
282.943175
287.680408
291.895283
293.468571
294.551202
295.558367
296.894467
300.327256
304.231020
305.816327
306.896735
308.184898
309.537143
314.275420
315.118639
316.020454
316.778639
