2.391020
5.423401
8.787755
11.743810
14.836735
18.001224
21.095102
24.325578
27.418912
30.794558
31.890612
35.017687
38.236054
41.256463
44.384762
47.480816
50.832109
54.191837
57.280680
60.721497
63.923946
66.931020
70.271156
73.180408
76.165306
79.388844
82.472245
85.475102
89.407891
90.371746
91.441451
92.557687
93.655996
94.668118
95.687755
97.790533
101.047937
102.632190
103.689796
104.641224
105.708118
106.709433
107.863311
108.832687
110.065261
111.030431
112.090499
113.278141
114.098299
115.187256
116.413741
117.373991
118.589932
119.178333
120.450431
121.547211
122.642358
123.702948
126.289516
129.818186
131.013556
132.089524
133.067302
133.924286
135.135556
136.013016
137.008413
138.046984
139.096825
140.160635
141.326667
142.274603
143.310998
144.368254
145.398707
146.350794
147.478923
148.782222
149.830159
150.906667
151.892381
154.726709
157.851111
159.712381
160.658730
162.041270
162.941224
164.104490
164.826746
165.710612
166.853878
167.943103
168.925624
169.954830
172.769252
173.632245
174.739864
175.897959
177.161361
178.223855
179.402041
180.485079
181.727937
182.941587
183.888254
185.097664
186.177778
187.218503
187.843810
188.368571
188.984490
189.497551
190.077143
190.677823
191.476825
192.556825
193.449206
194.501905
195.846667
196.900635
198.114286
199.190159
200.520952
201.629841
202.619048
203.700952
204.846349
205.921270
206.529524
207.094603
207.669841
208.197460
208.815556
209.388254
210.069388
211.309841
212.314921
213.462857
216.137143
216.764127
217.375510
217.965850
218.632154
219.293333
219.874921
220.558367
221.210249
221.886122
222.444127
223.150249
223.755737
224.393968
225.108503
225.698639
226.348299
226.947619
227.635873
228.317959
229.036327
229.877551
230.781633
231.587755
232.409388
233.226939
234.104444
234.940091
236.219456
238.950204
241.941633
242.678776
243.376327
244.117551
245.544490
248.597143
251.529796
252.260816
252.980000
253.701224
255.007755
256.541224
259.701224
262.744082
265.731429
268.865306
269.620816
270.400816
271.093878
271.850204
272.548571
273.239184
273.949388
274.724082
275.383673
276.213878
276.950204
278.506122
282.510975
285.853197
289.048345
292.167166
295.603175
299.320408
302.751910
303.888571
305.111202
306.098367
307.094467
309.529751
312.635262
313.916327
314.936735
316.024898
317.017143
320.437710
321.398639
322.260454
323.118639
