1.631020
4.342721
7.307755
10.103810
13.054694
15.941224
18.855102
21.865578
25.058912
28.554558
29.670612
32.497687
35.416054
38.292925
41.224762
44.160816
47.092109
49.871837
53.100680
57.001497
59.983946
62.911020
65.824626
68.900408
71.745306
74.694422
77.652245
80.135102
85.207891
86.611746
87.720726
88.917687
90.211973
91.462029
92.693878
95.124616
99.947937
101.120238
102.169796
103.101224
104.188118
105.189433
106.343311
107.350748
108.441754
109.550431
110.636399
111.858141
112.749796
113.847256
114.913741
115.941973
117.129932
118.446667
119.797725
120.907211
122.042358
123.185896
126.537098
131.636372
132.795556
133.829524
134.927302
136.028571
137.016581
138.133016
139.216825
140.226984
141.336825
142.600635
143.686667
144.674603
145.790998
146.988254
147.918707
149.230794
150.629890
151.802222
153.050159
154.046667
155.366190
159.001270
163.554222
165.431429
166.478730
167.461270
168.516871
169.611317
170.566984
171.610612
172.577959
173.743621
174.745624
175.974830
179.229252
180.392245
181.519864
182.477959
183.621361
184.660771
185.622041
186.585079
187.747937
188.946349
190.068254
191.177664
192.317778
193.818503
194.463810
195.024286
195.624490
196.286259
196.797143
197.417823
198.716825
199.933651
201.109206
202.301905
203.486667
204.640635
205.547143
206.450159
207.640952
208.969841
209.979048
211.080952
212.266349
213.701270
214.329524
214.914603
215.489841
216.108730
216.695556
217.308254
218.589388
219.889841
221.174921
223.122857
226.237143
226.844127
227.435510
228.005850
228.632154
229.253333
229.814921
230.498367
231.090249
231.706122
232.244127
232.895125
233.435737
234.073968
234.788503
235.297279
235.928299
236.507619
237.168968
237.732653
238.996327
240.517551
241.320816
241.913878
242.609388
243.166939
243.884444
244.580091
246.539456
249.150204
252.261633
252.978776
253.676327
254.318776
255.784490
258.574286
261.629796
262.380816
263.060000
263.740612
264.927755
266.521224
269.521224
272.544082
275.671429
279.185306
279.980816
280.700816
281.396268
282.070204
282.728571
283.459184
284.129388
284.996327
285.783673
286.573878
287.270204
288.506122
290.850975
294.213197
297.328345
300.307166
303.963175
310.220408
314.839528
316.528571
317.711202
318.818367
320.014467
323.247256
328.478204
329.596327
330.776735
331.904898
333.237143
337.235420
338.098639
338.900454
339.678639
