1.631020
4.400680
7.227755
9.883810
12.576735
15.341224
18.095102
20.925578
23.678912
26.654558
27.510612
30.117687
32.956054
35.556463
38.324762
41.080816
43.812109
46.751837
49.375170
52.621497
55.383946
58.131020
61.172351
63.760816
66.605306
69.374422
72.012245
74.730204
78.807891
79.811746
80.741451
81.797687
82.866395
83.900902
84.947755
87.533855
91.576937
92.880952
93.989796
94.881224
95.988118
97.034717
98.083311
99.058844
100.145261
101.170431
102.401995
103.538141
104.376644
105.427256
106.573741
107.401973
108.034998
109.306667
110.450431
111.387211
112.502358
113.545896
116.177098
120.236372
121.395556
122.429524
123.547302
124.508571
125.495556
126.653016
127.596825
128.666984
129.736825
131.020635
132.066667
133.014921
133.890998
135.048254
135.996451
136.610794
137.929229
139.102222
140.150159
141.358333
142.372381
145.501270
148.785556
150.631429
151.658730
152.601270
153.731603
154.764490
155.846984
156.870612
157.873878
158.870862
159.945624
161.424943
165.909252
167.232245
168.299864
169.557959
170.881361
171.960771
173.062041
174.165079
175.367937
176.481587
177.568254
178.717664
179.857778
180.978503
181.603810
182.168571
182.804490
183.437551
184.037143
184.697823
185.840952
187.373651
188.529206
189.721905
190.986667
192.100635
193.154286
194.210159
195.580952
196.849841
197.819048
199.040952
200.206349
201.361270
201.989524
202.574603
203.169841
203.757460
204.375556
205.028254
206.249388
207.729841
209.394921
210.582857
214.157143
214.764127
215.375510
215.965850
216.572154
217.193333
217.714921
218.358367
218.970249
219.546122
220.144127
220.842050
221.335737
221.953968
222.608503
223.178639
223.848299
224.447619
225.075873
225.792653
226.536327
227.297551
228.121633
228.793878
229.509388
230.186939
230.944444
231.680091
233.079456
236.080408
239.561633
240.358776
241.176327
241.997551
243.224490
246.200000
249.549796
250.400816
251.200000
251.990612
253.220267
254.601224
257.821224
260.904082
264.051429
267.685306
268.520816
269.300816
270.093878
270.910204
271.704286
272.519184
273.309388
274.204082
275.103673
275.973878
276.770204
277.926122
282.250975
285.493197
288.588345
291.607166
295.003175
300.160408
304.377642
305.548571
306.655601
307.658367
308.834467
311.907256
315.948503
317.159694
318.216735
319.304898
320.597143
325.058473
326.098639
326.900454
327.698639
