2.571020
5.120680
7.667755
10.223810
12.887347
15.461224
18.035102
20.625578
23.038912
25.834558
26.610612
29.137687
31.796054
34.416463
37.089524
39.760816
42.412109
44.951837
47.393371
50.241497
52.923946
55.471020
58.191156
60.920408
63.585306
66.283265
69.032245
71.795102
75.329297
76.587175
77.641451
78.817687
80.028662
81.248118
82.507755
85.086155
88.892794
90.380952
91.489796
92.621224
93.608118
94.689433
95.911655
96.950748
98.105261
99.170431
100.370998
101.538141
102.629796
103.747256
105.013741
106.100986
107.169932
108.126667
109.410431
110.547211
111.787453
113.065896
117.097098
121.836372
122.935556
124.049524
125.267302
126.288571
127.375556
128.513016
129.436825
130.686984
131.836825
133.040635
134.206667
135.354603
136.450998
137.748254
138.878707
139.810794
141.044872
142.102222
143.290159
144.386667
145.972381
150.221270
153.759407
155.331429
156.418730
157.561270
158.621224
159.844490
160.726984
161.810612
162.873878
164.020574
165.185624
166.374830
170.329252
171.512245
172.599864
174.237959
175.601361
176.680771
177.782041
178.925079
180.187937
181.301587
182.328254
183.497664
184.717778
185.798503
186.363810
186.868571
187.404490
187.957551
188.397143
188.917823
189.636825
190.573651
191.669206
193.201905
194.486667
195.620635
196.674286
197.830159
199.140952
200.349841
201.419048
202.640952
203.786349
204.841270
205.429524
205.954603
206.469841
206.968730
207.497778
208.028254
208.749388
209.989841
211.194921
212.342857
216.297143
216.964127
217.635510
218.237551
218.992154
219.673333
220.354921
221.038367
221.770249
222.426122
223.104127
223.830249
224.475737
225.193968
225.908503
226.578639
227.208299
227.927619
228.715873
229.332653
230.076327
230.717551
231.441633
232.167755
232.969388
233.726939
234.524444
235.420091
236.939456
239.630204
242.541633
243.198776
243.868163
244.577551
245.532245
248.334286
251.149796
251.840816
252.500000
253.140612
254.167755
255.461224
258.321224
261.084082
263.931429
266.745306
267.540816
268.200816
268.893878
269.650204
270.248571
270.979184
271.609388
272.388163
273.103673
273.873878
274.610204
275.713265
278.670975
281.413197
283.948345
286.867166
289.923175
295.640408
299.155283
300.668571
301.911202
302.998367
304.294467
308.707256
313.011020
314.556327
315.736735
316.824898
318.197143
322.555420
323.538639
324.300454
325.038639
