1.771020
4.260680
6.807755
9.343810
11.947347
14.361224
16.895102
19.525578
22.338912
24.674558
25.590612
28.197687
30.796054
33.396463
36.044762
38.600816
41.212109
43.811837
46.660680
49.200748
51.783946
54.391020
57.071156
59.720816
62.405306
65.174422
67.772245
69.960408
74.027891
75.431746
76.661451
78.057687
79.331973
80.788118
82.047755
83.986771
85.643555
85.940952
87.009796
87.561224
88.714059
89.274717
90.303311
91.158458
92.065261
92.790431
93.788500
94.598141
95.369796
96.333628
97.153741
97.961973
98.649932
99.206667
100.490431
101.402404
102.282358
103.245896
105.068157
107.616372
108.555556
109.489524
110.318186
111.228571
111.975556
112.973016
113.757683
114.702328
115.636825
116.520635
117.426667
118.154603
119.230998
119.932943
120.812902
121.490794
122.429229
123.322222
124.290159
125.166667
125.934199
128.481270
128.711111
129.971429
130.859577
131.750212
132.581224
133.654830
134.294497
135.150612
136.073878
136.964345
138.045624
138.659354
141.129252
142.732245
144.159864
145.317959
146.581361
147.620771
148.668163
150.225079
151.507937
152.981587
154.076508
155.337664
156.477778
157.778503
158.803810
159.714286
160.644490
161.637551
162.577143
163.593469
164.796825
166.513651
167.929206
169.161905
170.566667
171.780635
172.814286
174.190159
175.480952
176.909841
177.919048
179.200952
180.366349
181.521270
182.769524
183.654603
184.569841
185.497460
186.535556
187.428254
188.649388
190.629841
191.894921
193.702857
197.117143
197.824127
198.455510
199.097551
199.812154
200.373333
201.174921
201.978367
202.610249
203.426122
204.028042
204.670249
205.295737
206.073968
207.094014
207.834558
208.728299
209.433810
210.335873
211.212653
212.456327
213.237551
213.921633
214.573878
215.269388
215.926939
216.664444
217.333364
218.139456
219.310204
220.561633
221.538776
222.476327
223.457551
224.444490
225.694286
227.089796
228.000816
228.900000
229.861224
231.103878
232.421224
235.802449
239.364082
242.751429
246.105306
247.200816
248.142449
249.013878
249.970204
250.888571
251.839184
252.769388
253.744082
254.342959
254.753878
255.510204
256.822009
259.130975
262.593197
266.068345
269.507166
273.243175
276.740408
282.215283
284.428571
285.671202
288.658367
291.134467
295.587256
301.111020
303.256327
304.656735
308.369796
310.357143
315.955420
317.138639
318.440454
319.518639
