2.631020
5.260680
8.007755
10.643810
13.267347
15.901224
18.455102
21.025578
23.958912
26.794558
27.710612
30.397687
33.256054
35.832925
38.584762
41.400816
44.112109
47.031837
49.780680
52.908299
55.583946
58.351020
61.351156
63.980408
66.685306
69.454422
72.032245
74.415102
77.913946
79.158821
80.305586
81.517687
82.591973
83.768118
84.887755
88.368464
91.454656
92.600952
93.309796
94.401224
95.568118
96.489433
97.483311
98.430748
99.453052
100.490431
101.590998
102.478141
103.409796
104.487256
105.562748
106.421973
107.177483
108.234444
109.450431
110.507211
111.502358
112.205896
114.337098
118.833007
119.475556
120.549524
121.227302
122.348571
123.275556
124.453016
125.318942
126.386984
127.416825
128.340635
129.486667
130.497302
131.550998
132.528254
133.579354
134.510794
135.496410
136.642222
137.670159
138.766667
139.646548
142.320635
145.991111
147.691429
148.878730
149.921270
151.081224
152.215561
153.386984
154.570612
155.653878
156.861723
157.948541
159.187415
162.389252
163.632245
164.699864
165.777959
166.981361
167.880771
168.902041
170.025079
171.207937
172.281587
173.368254
174.457664
175.577778
176.658503
177.343810
177.948571
178.584490
179.197551
179.797143
180.437823
181.296825
182.431217
183.289206
184.461905
185.726667
186.760635
187.734286
188.830159
189.980952
191.129841
192.179048
193.300952
194.446349
195.541270
196.229524
196.874603
197.549841
198.157460
198.795556
199.408254
200.429388
201.669841
202.894921
204.003265
206.238571
206.864127
207.495510
208.029252
208.692154
209.233333
209.874921
210.618367
211.260499
211.906122
212.524127
213.170249
213.795737
214.413968
215.108503
215.698639
216.328299
216.947619
217.635873
218.212653
218.856327
219.397551
220.121633
220.713878
221.329388
221.926939
222.564444
223.240091
224.359456
226.670204
229.180544
229.898776
230.676327
231.397551
232.324490
234.794286
237.229796
238.020816
238.760000
239.461224
240.323878
241.621224
244.482449
247.224082
249.991429
252.865306
253.620816
254.320816
255.013878
255.790204
256.488571
257.199184
257.929388
258.744082
259.463673
260.333878
261.070204
262.506122
265.450975
268.373197
271.168345
273.847166
277.023175
279.960408
283.676469
284.768571
285.931202
286.958367
288.154467
290.210907
294.706204
296.216327
297.236735
298.064898
299.397143
303.035420
304.397279
305.160454
305.738639
