1.911020
5.080680
8.327755
11.443810
14.587347
17.641224
20.815102
24.085578
27.338912
30.614558
31.570612
34.737687
37.996054
41.056463
44.204762
47.360816
50.512109
53.771837
56.740680
60.401497
63.423946
66.251020
69.231156
72.520408
75.365306
78.414422
81.612245
84.555102
88.387891
89.531746
90.521451
91.697687
92.711973
93.928118
94.987755
97.473855
100.159698
101.260952
102.409796
103.441224
104.488118
105.509433
106.683311
107.670748
108.845261
109.910431
111.021995
112.118141
113.149796
114.207256
115.293741
116.341973
117.389932
118.646333
119.690431
120.707211
121.856578
122.645896
125.347420
129.606264
130.255556
131.469524
132.487302
133.394286
134.490794
135.633016
136.648536
137.726984
138.856825
140.040106
141.066667
142.094603
143.210998
144.268254
145.318707
146.610794
147.503516
148.522222
149.490159
150.546667
151.512381
154.381270
156.731111
158.831429
159.958730
161.236878
162.051247
163.344490
164.286984
165.410612
166.493878
167.901723
169.065624
169.994830
173.729252
175.032245
176.119864
177.177959
178.361361
179.300771
180.342041
181.365079
182.467937
183.541587
184.488254
185.557664
186.637778
187.638503
188.323810
188.968571
189.624490
190.257551
190.897143
191.517823
192.436825
193.633651
194.569206
195.641905
196.806667
197.800635
198.814286
199.790159
200.940952
202.044921
203.019048
204.100952
205.142116
206.130635
206.809524
207.474603
208.089841
208.737460
209.395556
210.008254
210.929388
212.109841
213.114921
214.262857
217.137143
217.824127
218.466531
219.111701
219.792154
220.393333
221.019683
221.758367
222.410249
223.086122
223.684127
224.410249
224.995737
225.673968
226.388503
227.018639
227.648299
228.287619
229.035873
229.652653
230.396327
231.117551
231.801633
232.413878
233.069388
233.726939
234.424444
235.100091
237.019456
239.810204
242.501633
243.238776
243.956327
244.677551
245.944490
248.754286
251.409796
252.180816
252.920000
253.641224
254.827755
256.101224
259.043673
261.904082
264.822857
267.705306
268.500816
269.200816
269.933878
270.690204
271.448571
272.179184
272.869388
273.684082
274.383673
275.153878
275.890204
277.166122
280.710975
284.033197
287.288345
290.547166
294.143175
298.040408
301.535283
303.008571
304.111202
305.298367
306.654467
309.867256
313.991020
315.116327
316.276735
317.524898
318.639714
322.595420
323.458639
324.340454
325.178639
