1.631020
4.960680
8.187755
11.263810
14.367347
17.581224
20.915102
24.045578
27.578912
31.254558
32.350612
35.737687
39.096054
42.275238
45.544762
48.820816
52.172109
55.443673
59.100680
63.381497
67.003946
69.891020
73.671156
76.540408
79.911327
82.994422
85.652245
87.995102
91.407891
92.971746
94.441451
95.997687
97.511973
99.128118
100.667755
103.993855
108.827937
111.140952
112.448571
113.721224
115.428118
116.629433
118.183311
119.510748
120.965261
122.410431
123.901995
125.298141
126.589796
127.927256
129.333741
130.587891
131.889932
133.326667
135.010431
136.387211
137.642358
138.865896
142.817098
149.476372
150.975556
152.449524
153.867302
155.288571
156.595556
158.153016
159.516825
160.946984
162.396825
163.960635
165.413333
166.634603
168.050998
169.481270
170.878707
172.261587
173.664615
175.182222
176.530159
177.906667
179.404127
182.396878
187.651111
189.711429
191.138730
192.581270
194.021224
195.504490
196.906984
198.430612
199.853878
201.361723
202.925624
204.514830
208.109252
209.332245
210.399864
211.557959
212.761361
213.760771
214.862041
215.945079
217.227937
218.281587
219.328254
220.477664
221.637778
222.778503
223.583810
224.328571
225.104490
225.877551
226.657143
227.437823
228.416825
229.373651
230.509206
231.601905
232.906667
233.960635
234.994286
236.030159
237.221905
238.389841
239.479048
240.560952
241.666349
242.821270
243.589524
244.354603
245.129841
245.917460
246.695556
247.488254
248.449388
249.609841
250.674921
251.802857
253.577143
254.204127
254.855510
255.525850
256.212154
256.813333
257.494921
258.258367
258.950249
259.606122
260.244127
260.970249
261.595737
262.273968
263.028503
263.618639
264.328299
264.947619
265.695873
266.332653
267.076327
268.092653
268.904898
269.553878
270.249388
271.026939
271.824444
272.580091
273.819456
276.510204
279.241633
280.058776
280.916327
281.717551
282.904490
285.654286
288.309796
289.100816
289.900000
290.641224
291.847755
293.741224
297.242449
300.524082
303.811429
307.245306
308.060816
308.820816
309.577959
310.350204
311.088571
311.819184
312.589388
313.404082
314.123673
314.913878
315.630204
316.846122
319.625488
323.186395
326.748345
330.327166
334.243175
338.680408
344.255283
346.528571
347.951202
349.198367
350.754467
353.887256
359.731020
362.256327
363.776735
365.444898
366.957143
371.415420
372.398639
373.260454
373.998639
