2.431020
5.180680
7.967755
10.703810
13.716735
16.741224
19.620408
22.405578
25.478912
28.689116
29.650612
32.377687
35.276054
37.916463
40.844762
43.820816
46.792109
49.691837
52.960680
56.541497
59.163946
61.991020
64.871156
68.000408
70.865306
73.914422
76.632245
79.355102
82.815964
84.111746
85.461451
86.977687
88.271973
89.588118
90.853551
94.122309
97.543968
98.740952
99.889796
100.901224
101.988118
103.069433
104.223311
105.250748
106.545261
107.690431
108.761995
109.978141
110.689796
111.707256
112.993741
114.021973
115.124966
115.746667
116.990431
118.127211
119.195818
120.225896
122.983420
127.849909
128.595556
129.769524
130.567302
131.688571
132.855556
133.833016
134.895683
136.166984
137.076825
138.453545
139.506667
140.254603
141.170998
142.308254
143.338707
144.590794
145.509890
146.482222
147.630159
148.546667
149.552381
152.601270
156.971111
158.131429
159.138730
160.281270
161.321224
162.384490
163.443492
164.570612
165.713878
166.860862
167.925624
169.294830
172.649252
174.012245
175.239864
176.457959
177.741361
178.800771
179.842041
180.985079
182.207937
183.461587
184.408254
185.677664
186.877778
188.018503
188.683810
189.248571
189.824490
190.397551
190.997143
191.597823
192.496825
193.693651
194.849206
196.021905
197.246667
198.300635
199.354286
200.500317
201.860952
203.069841
204.119048
205.360952
206.546349
207.721270
208.344762
208.914603
209.469841
210.077460
210.675556
211.288254
212.209388
213.689841
214.994921
216.422857
219.112381
219.724127
220.435510
221.005850
221.712154
222.373333
222.994921
223.678367
224.310249
224.932245
225.584127
226.290249
226.895737
227.533968
228.268503
228.818639
229.488299
230.167619
230.855873
231.492653
232.216327
232.957551
233.821633
234.553878
235.389388
236.066939
236.864444
237.720091
239.039456
241.350204
243.841633
244.538776
245.276327
245.977551
246.784898
249.234286
251.609796
252.320816
253.040000
253.781224
254.567755
255.961224
259.061224
261.744082
264.511429
267.405306
268.160816
268.920816
269.573878
270.230204
270.948571
271.659592
272.329388
273.096327
273.843673
274.493878
275.230204
277.326122
280.330975
283.213197
285.888345
288.533583
291.483175
294.340408
298.777642
300.440504
301.271202
302.358367
303.574467
307.587256
312.171020
314.069738
314.976735
316.212980
317.437143
321.295420
322.079320
322.840454
323.538639
