2.991020
5.500680
7.967755
10.383810
12.867347
15.281224
17.695102
20.165578
22.518912
25.274558
26.130612
28.477687
30.976054
33.276463
35.724762
38.180816
40.552109
43.251837
45.457240
48.541497
51.020564
53.251020
55.991156
58.280408
60.725306
63.234422
65.652245
67.955102
71.447891
72.991746
74.341451
75.837687
77.351973
78.908118
80.313551
82.789232
85.487937
87.360952
88.529796
89.741224
90.868118
91.969433
93.163311
94.275821
95.402630
96.550431
97.681995
98.918141
99.989796
101.127256
102.273741
103.441973
104.269932
105.686667
106.990431
108.187211
109.202358
110.351474
112.766183
116.896372
118.155556
119.329524
120.487302
121.748571
122.695556
123.853016
124.868413
125.946984
127.056825
128.240635
129.426667
130.474603
131.630998
132.748254
133.878707
135.030794
136.129229
137.342222
138.610159
139.523333
140.671799
143.541270
146.811111
148.911429
150.138730
151.361270
152.481224
153.824490
154.966984
156.230612
157.493878
158.821723
160.065624
161.354830
164.629252
166.032245
167.139864
168.297959
169.741361
170.940771
172.222041
173.405079
174.787937
176.124762
177.388254
178.677664
179.977778
181.458503
182.263810
182.948571
183.664490
184.357551
185.037143
185.697823
186.716825
187.893651
189.149206
191.141905
192.686667
193.840635
195.134286
196.230159
197.780952
199.149841
200.359048
201.720952
203.126349
204.701270
205.509524
206.194603
206.869841
207.557460
208.235556
208.908254
209.869388
211.308571
212.594921
213.642857
217.217143
217.864127
218.475510
219.105850
219.732154
220.333333
220.974921
221.658367
222.350249
222.966122
223.604127
224.290249
224.895737
225.553968
226.288503
226.858639
227.488299
228.107619
228.795873
229.432653
230.192653
230.917551
231.661633
232.253878
232.869388
233.486939
234.164444
234.760091
235.919456
238.470204
241.381633
242.298776
243.156327
244.037551
245.224490
247.854286
250.769796
251.620816
252.460000
253.261224
254.487755
255.621224
258.261224
260.864082
263.491429
266.385306
267.260816
268.080816
268.913878
269.730204
270.528571
271.379184
272.209388
273.004082
273.863673
274.693878
275.390204
276.526122
279.110975
281.973197
284.748345
287.407166
290.243175
293.060408
296.935283
298.888571
300.247211
301.418367
302.594467
305.250907
309.350204
311.436327
312.636735
313.944898
315.237143
319.135420
320.178639
320.980454
321.778639
