1.851020
4.880680
7.987755
10.943810
14.016735
17.101224
20.075102
23.285578
26.078912
29.274558
30.090612
33.057687
36.056054
39.156463
42.324762
45.400816
48.392109
51.731837
54.440227
57.441497
60.223946
63.031020
66.291156
68.980408
71.985306
74.694422
77.452245
79.855102
82.987891
84.391746
85.681451
86.897687
88.131973
89.468118
90.947755
94.573855
97.947937
99.840952
100.989796
102.201224
103.368118
104.489433
105.803311
106.897687
108.145261
109.310431
110.510998
111.638141
112.769796
113.927256
115.073741
116.163946
117.349932
118.418039
119.610431
120.827211
121.852795
123.085896
126.797098
131.138186
132.368889
133.229524
134.527302
135.448571
136.615556
137.833016
138.916825
140.106984
141.256825
142.415159
143.566667
144.614603
145.710998
146.868254
147.978707
149.036931
150.109229
151.262222
152.510159
153.346667
154.792381
158.281270
162.479192
163.751429
164.938730
166.061270
167.221224
168.384490
169.506984
170.730612
171.873878
173.004345
174.185624
175.829660
180.149252
181.392245
182.499864
183.697959
184.901361
186.020771
187.102041
188.105079
189.247937
190.401587
191.428254
192.557664
193.717778
194.558503
195.143810
195.568571
196.024490
196.458776
196.917143
197.377823
198.236825
199.433651
200.449206
201.641905
202.866667
203.900635
204.894286
205.890159
207.100952
208.229841
209.239048
210.280952
211.426349
212.281270
212.829524
213.294603
213.729841
214.217460
214.635556
215.068254
215.909388
217.249841
218.554921
219.702857
222.917143
223.624127
224.246531
224.885850
225.544308
226.186667
226.794921
227.518367
228.170249
228.786122
229.424127
230.155125
230.755737
231.473968
232.188503
232.758639
233.468299
234.107619
234.815873
235.452653
236.592653
237.917551
238.881633
239.567755
240.309388
241.013878
241.804444
242.540091
243.739456
246.090204
248.621633
249.358776
250.036327
250.748776
251.884490
254.334286
256.829796
257.560816
258.235000
258.921224
260.045969
261.321224
264.573469
267.544082
270.731429
273.565306
274.300816
275.020816
275.693878
276.370204
277.048571
277.619184
278.329388
279.124082
279.803673
280.593878
281.365102
282.606122
285.670975
288.993197
292.188345
295.467166
299.303175
303.320204
307.099571
308.288571
309.471202
310.798367
312.194467
315.927256
319.894766
321.916327
323.176735
324.644898
326.277143
331.095420
332.158639
332.800454
333.578639
