2.711020
5.640680
8.767755
11.763810
15.002041
18.001224
21.075102
23.965578
27.398912
30.949116
32.050612
35.037687
38.216054
41.256463
44.484762
47.280816
50.672109
53.871837
57.220680
60.721497
64.003946
67.151020
70.391156
73.440408
76.745306
79.834422
82.812245
85.435102
88.744789
90.191746
91.481451
92.917687
94.335986
95.802706
97.087755
99.284744
99.410992
100.920952
102.069796
102.641224
103.604017
104.109433
105.363311
106.250748
107.228420
108.110431
109.133666
109.898141
110.729796
111.587256
112.393741
113.281973
113.689932
114.789167
115.790431
116.929602
117.496472
118.545896
120.026183
121.973806
122.675556
123.849524
124.487302
125.388571
126.197778
127.211005
128.076825
129.046984
129.956825
131.040635
131.746667
132.534603
133.350998
134.128254
135.038707
135.830794
136.357846
137.262222
138.430159
139.206667
140.192381
142.081270
143.319630
144.051429
144.914683
145.792254
146.721224
147.604490
148.546984
149.490612
150.416939
151.444345
152.325624
152.954830
155.109252
155.732245
156.739864
157.637959
158.681361
159.500771
160.362041
161.245079
162.267937
163.260794
163.928254
164.917664
165.817778
166.658503
167.423810
168.068571
168.804490
169.457551
170.177143
170.877823
171.656825
172.437884
173.589206
174.381905
175.646667
176.640635
177.614286
178.450159
179.480952
180.449841
181.279048
182.220952
183.163175
183.981270
184.729524
185.454603
186.149841
186.837460
187.595556
188.288254
189.149388
190.009841
191.103730
192.191429
194.277143
194.864127
195.455510
196.003401
196.632154
197.093333
197.794921
198.418367
199.030249
199.626122
200.184127
200.835125
201.335737
201.973968
202.688503
203.618639
204.496599
205.287619
206.155873
206.972653
207.916327
208.577551
209.181633
209.753878
210.389388
210.946939
211.584444
212.190023
212.939456
214.290204
215.770816
216.758776
217.696327
218.677551
219.724490
221.214286
222.809796
223.760816
224.720000
225.661224
227.027755
230.401224
233.821224
237.124082
240.611429
243.785306
244.660816
245.440816
246.253878
247.050204
247.848571
248.659184
249.429388
250.256327
250.963673
251.773878
252.570204
254.306122
257.710975
260.993197
264.108345
267.227166
270.623175
274.026803
274.339476
275.308571
276.331202
277.198367
278.037234
280.383375
280.895046
282.116327
283.156735
284.004898
285.117143
287.539879
288.418639
289.220454
290.018639
