2.451020
5.740680
9.023265
12.223810
15.511429
18.801224
22.035102
25.365578
28.758912
32.754558
33.830612
37.217687
40.636054
43.855238
47.144762
50.660816
53.912109
57.171837
60.780680
64.881497
68.183946
71.131020
74.411156
77.760408
80.805306
83.974422
86.932245
89.875102
94.047891
95.591746
96.901451
98.317687
99.631973
101.068118
102.647755
106.813855
111.067937
113.180952
114.349796
115.515306
116.728118
117.909433
119.103311
120.230748
121.325261
122.530431
123.681995
124.858141
125.989796
127.127256
128.293741
129.401973
130.689932
132.106667
133.410431
134.647211
135.882358
136.985896
140.025699
145.176372
146.495556
147.749524
149.047302
150.228571
151.425185
152.653016
153.796825
154.986984
156.156825
157.440635
158.546667
159.614603
160.850998
162.148254
163.278707
164.610794
165.852137
167.102222
168.350159
169.506667
170.832381
174.321270
179.551111
181.011429
182.318730
183.861270
184.821224
186.244490
187.546984
188.870612
190.253878
191.581723
193.005624
194.434830
198.029252
199.192245
200.299864
201.457959
202.521361
203.580771
204.622041
205.685079
206.847937
207.961587
208.928254
210.077664
211.177778
212.578503
213.243810
213.828571
214.424490
215.018776
215.637143
216.217823
217.136825
218.193651
219.689206
220.821905
222.066667
223.080635
224.094286
225.090159
226.360952
227.529841
228.539048
229.600952
230.766349
232.121270
232.829524
233.434603
234.029841
234.637460
235.255556
235.848254
236.909388
238.249841
239.374921
240.482857
242.577143
243.204127
243.775510
244.357551
244.984308
245.593333
246.134921
246.778367
247.410249
248.026122
248.624127
249.270249
249.818579
250.453968
251.128503
251.678639
252.308299
252.907619
253.555873
254.152653
254.916327
255.815102
256.501633
257.053878
257.669388
258.206939
258.884444
259.460091
260.979456
263.990204
267.361633
268.178776
268.936327
269.757551
271.044490
274.174286
277.409796
278.260816
279.060000
279.861224
281.207755
283.181224
286.261224
289.284082
292.351429
295.565306
296.380816
297.180816
297.933878
298.730204
299.468571
300.259184
301.029388
301.912245
302.623673
303.493878
304.330204
305.566122
308.730975
312.313197
315.848345
319.167166
323.343175
327.500408
332.735283
334.188571
335.451202
336.718367
338.114467
341.587256
346.052755
348.236327
349.476735
350.904898
352.397143
356.954195
358.278639
359.060454
359.798639
