2.371020
4.940680
7.547755
10.083810
12.747347
15.241224
17.695102
20.245578
22.819728
25.734558
26.595306
29.037687
31.736054
34.296463
36.924762
39.420816
41.892109
44.451837
46.980680
50.121497
52.663946
55.311020
57.971156
60.680408
63.345306
65.954422
68.752245
71.135102
74.727891
76.191746
77.501451
78.897687
80.171973
81.668118
82.833551
85.991732
89.932328
91.340952
92.449796
93.621224
94.768118
95.929433
97.183311
98.250748
99.465261
100.650431
102.021995
102.938141
103.969796
105.107256
106.233741
107.301973
108.389932
109.426667
110.650431
111.727211
112.811179
114.065896
116.777098
120.994093
122.235556
123.429524
124.707302
125.868571
127.075556
128.273016
129.279365
130.526984
131.696825
133.000635
134.066667
135.114603
136.190998
137.408254
138.578707
139.850794
140.835678
141.862222
142.890053
143.966667
145.532381
148.261270
152.197556
153.831429
154.938730
156.161270
157.221224
158.384490
159.466746
160.610612
161.753878
162.901723
164.125624
165.474830
168.729252
169.852041
170.879864
171.957959
173.141361
174.140771
175.182041
176.205079
177.307937
178.381587
179.288254
180.337664
181.417778
182.618503
183.263810
183.828571
184.424490
185.065850
185.617143
186.237823
187.116825
188.113651
189.169206
190.221905
191.426667
192.420635
193.374286
194.310159
195.440952
196.469841
197.479048
198.560952
199.586349
200.841270
201.489524
202.074603
202.669841
203.288730
203.875556
204.488254
205.489388
206.769841
208.074921
209.242857
211.637143
212.304127
212.917755
213.509252
214.172154
214.793333
215.414921
216.058367
216.690249
217.306122
217.884127
218.545125
219.115737
219.733968
220.408503
220.978639
221.588299
222.247619
222.955873
223.552653
224.196327
225.057551
225.801633
226.393878
227.029388
227.666939
228.344444
229.020091
230.219456
232.770204
235.521633
236.218776
236.936327
237.577551
238.544490
241.208571
243.954898
244.680816
245.400000
246.041224
247.047755
248.321224
251.166122
253.944082
256.771429
259.605306
260.520816
261.120816
261.793878
262.490204
263.268571
263.859184
264.496463
265.252245
265.983673
266.753878
267.450204
268.171791
271.070975
273.873197
276.668345
279.347166
282.443175
285.260408
290.855283
292.648571
293.891202
295.058367
296.354467
299.447876
303.559309
305.116327
306.096735
307.384898
308.777143
312.835420
313.638639
314.520454
315.338639
