1.431020
4.400680
7.467755
10.243810
13.131429
16.081224
19.015102
21.805578
24.978912
27.954558
28.931837
31.817687
34.916054
37.732925
40.604762
43.500816
46.732109
49.831837
52.733560
56.121497
58.903946
61.631020
64.451156
67.200408
69.985306
72.654422
75.392245
77.975102
81.447891
82.611746
83.840726
84.757687
86.171973
87.348118
88.567755
91.190350
94.797587
96.580952
97.729796
98.761224
99.888118
101.009433
102.163311
103.110748
104.205261
105.410431
106.521995
107.578141
108.629796
109.627256
110.673741
111.701973
112.849932
114.167778
115.670431
116.687211
117.754119
118.579060
121.308549
126.578791
127.615556
128.669524
129.887302
131.028571
132.175556
133.333016
134.422103
135.506984
136.596825
137.920635
139.026667
140.074603
141.010998
142.168254
143.238707
144.470794
145.888205
147.122222
148.190159
149.186667
150.172381
153.001270
158.111111
159.311429
160.418730
161.621270
162.781224
163.944490
165.046984
166.190612
167.373878
168.660287
169.785624
170.959138
174.109252
175.352245
176.459864
177.524490
178.601361
179.576154
180.582041
181.605079
182.687937
183.661587
184.708254
185.699221
186.797778
187.858503
188.443810
188.988571
189.564490
190.108776
190.677143
191.217823
192.316825
193.553651
194.489206
195.521905
196.606667
197.540635
198.454286
199.430159
200.540952
201.529841
202.439683
203.540952
204.546349
205.621270
206.169524
206.714603
207.229841
207.777460
208.335556
208.848254
209.829388
211.709841
213.189841
214.842857
217.376735
217.984127
218.555510
219.125850
219.712154
220.253333
220.834921
221.638367
222.230249
222.826122
223.404127
224.070249
224.655737
225.273968
225.928503
226.498639
227.062075
227.687619
228.355873
228.952653
229.796327
230.657551
231.601633
232.393878
233.309388
234.126939
235.104444
235.980091
237.699456
240.850204
244.001633
244.758776
245.456327
246.177551
247.384490
250.597143
253.749796
254.540816
255.220000
255.901224
257.027755
259.021224
262.383265
265.712245
269.031429
272.445306
273.300816
274.020816
274.713878
275.430204
276.108571
276.859184
277.469388
278.252245
278.943673
279.408065
279.810204
280.746122
283.610975
287.373197
291.228345
294.527166
298.463175
301.280408
306.298821
308.388571
309.611202
310.718367
311.874467
314.687256
319.071020
320.856327
321.996735
323.284898
324.637143
328.435420
329.818639
330.720454
331.518639
