1.451020
4.060680
6.747755
9.303810
12.107347
14.721224
17.335102
20.265578
23.038912
25.974558
26.870612
29.537687
32.316054
34.852925
37.644762
40.280816
43.012109
45.891837
49.120680
52.275821
54.683946
57.291020
59.931156
62.660408
65.345306
68.034422
70.752245
73.555102
77.533946
78.852937
80.061451
81.397687
82.551973
83.928118
85.235969
88.473855
92.475397
93.280952
94.269796
95.221224
96.348118
97.049433
98.143311
99.075374
100.285261
101.110431
102.221995
103.178141
104.089796
105.047256
106.053741
107.121973
107.757197
109.042222
110.110431
111.127211
112.122358
112.945896
115.617098
120.696372
121.567778
122.149524
123.207302
124.168571
124.995556
126.144339
127.099546
128.126984
129.112275
130.192127
131.146667
132.155767
133.130998
134.168254
135.278707
136.310794
137.256410
138.282222
139.428360
140.258333
141.387024
144.381270
148.454222
150.331429
151.598730
152.681270
153.310306
154.584490
155.606984
156.910612
158.153878
158.861723
160.145624
161.594830
165.589252
166.832245
168.199864
169.617959
170.861361
171.940771
172.982041
174.025079
175.207937
176.361587
177.388254
178.597664
179.837778
181.018503
181.643810
182.228571
182.824490
183.437551
183.997143
184.637823
185.556825
186.633651
188.029206
189.381905
190.617333
191.660635
192.694286
193.860317
195.040952
196.209841
197.239048
198.460952
199.626349
200.821270
201.449524
202.054603
202.629841
203.217460
203.835556
204.468254
205.409388
206.699683
208.314921
210.482857
214.677143
215.484127
216.095510
216.665850
217.264308
217.897778
218.374921
219.078367
219.690249
220.266122
220.804127
221.470249
222.017868
222.653968
223.348503
223.898639
224.548299
225.147619
225.815873
226.492653
227.476327
228.837551
229.641633
230.273878
230.949388
231.666939
232.364444
233.080091
234.699456
237.090204
239.781633
240.498776
241.236327
241.937551
243.024490
245.534286
248.089796
248.820816
249.500000
250.221224
251.381293
252.741224
255.541224
258.244082
261.051429
264.225306
264.960816
265.676163
266.353878
267.070204
267.768571
268.459184
269.169388
269.972245
270.703673
271.453878
272.230204
273.306122
276.510975
279.373197
282.348345
285.327166
288.643175
293.500408
298.398821
299.748571
300.791202
301.818367
303.093617
306.547256
312.018204
313.536327
314.616735
315.904898
317.017143
321.955420
323.418639
324.160454
324.938639
