1.991020
4.560680
7.127755
9.603810
12.187347
14.801224
17.555102
20.245578
23.278912
26.314558
27.130612
29.597687
32.176054
34.656463
37.244762
39.880816
42.532109
45.391837
48.400680
51.741497
54.443946
56.991020
59.671156
62.140408
64.685306
67.314422
69.932245
72.815102
77.647891
79.011746
80.201451
81.477687
82.770658
84.022029
85.207755
87.522771
92.007937
93.140952
94.269796
95.181224
96.248118
97.169433
98.303311
99.290748
100.625261
101.325215
102.581995
103.538141
104.289796
105.507256
106.553741
107.581973
108.164966
109.453333
110.650431
111.747211
112.802358
113.965896
117.074282
122.704093
123.517037
124.689524
125.447302
126.488571
127.375556
128.493016
129.436825
130.726984
131.876825
132.560635
133.666667
134.694603
135.690998
136.748254
137.878707
138.665397
139.736410
140.962222
141.970159
143.046667
144.312381
147.467881
151.391111
153.591429
154.778730
156.001270
157.041224
158.224490
159.366984
160.550612
161.713878
162.981723
164.305624
165.774830
169.649252
170.932245
172.079864
173.117959
174.321361
175.600771
176.622041
177.625079
178.787937
180.060397
180.868254
182.037664
183.097778
184.258503
185.083810
185.828571
186.593469
187.477551
188.137143
188.917823
189.916825
191.173651
192.209206
193.341905
194.606667
195.680635
196.694286
197.730159
198.900952
200.189841
201.199048
202.320952
203.426349
204.661270
205.449524
206.194603
206.929841
207.757460
208.515556
209.288254
210.709388
212.549841
213.894921
215.082857
217.537143
218.204127
218.855510
219.445850
220.232154
220.813333
221.574921
222.278367
222.970249
223.666122
224.324127
224.990249
225.615737
226.273968
226.988503
227.638639
228.368299
228.987619
229.715873
230.392653
231.156327
231.777551
232.423265
233.113878
233.889388
234.533878
235.364444
236.200091
237.599456
240.230204
242.901633
243.638776
244.336327
245.037551
246.164490
248.774286
251.369796
252.140816
252.840000
253.501224
254.587755
256.201224
258.861224
261.504082
264.011429
266.765306
267.540816
268.320816
269.013878
269.850204
270.568571
271.339184
272.049388
272.896735
273.683673
274.473878
275.250204
276.546122
279.610975
282.573197
285.328345
288.147166
291.683175
294.380408
299.955283
302.028571
303.171202
304.178367
305.374467
309.007256
314.231020
315.616327
316.756735
317.724898
319.097143
324.129824
324.938639
325.720907
326.538639
