2.371020
5.500680
8.887755
12.163810
15.324898
18.801224
21.930204
26.105578
29.958912
33.594558
34.390612
37.477687
40.816054
43.955238
47.204762
50.560816
54.072109
58.151837
61.840680
65.941497
69.243946
72.151020
76.131156
79.360408
82.945306
86.294422
89.512245
92.655102
98.027891
99.446468
100.521451
101.837687
103.151973
104.311015
105.555918
108.633855
113.787937
116.040952
117.359592
118.581224
119.828118
120.989433
122.443311
123.690748
124.965261
126.230431
127.681995
128.778141
130.109796
131.407256
132.553741
133.721973
135.069932
136.926667
138.410431
139.707211
140.982358
142.225896
147.217098
153.356372
154.815556
156.109524
157.407302
158.688571
159.935556
161.293016
162.436825
163.726984
165.016825
166.540635
167.586667
168.874603
170.070998
171.388254
172.618707
173.930794
175.969229
177.442222
178.730159
180.006667
181.632381
186.181270
191.871111
194.111429
195.378730
196.701270
197.941224
199.264490
200.486984
201.810612
203.093878
204.441723
205.765624
207.174830
210.949252
212.192245
213.399864
214.537959
215.761361
216.680771
217.662041
218.725079
219.847937
221.081587
221.934127
223.017664
224.117778
225.358503
225.943810
226.488571
227.024490
227.557551
228.097143
228.677823
229.576825
230.473651
231.629206
232.841905
234.066667
235.060635
236.034286
237.020317
238.180952
239.329841
240.299048
241.380952
242.406349
243.721270
244.309524
244.854603
245.369841
245.898730
246.455556
247.028254
247.949388
249.209841
250.534921
252.042857
255.137143
255.744127
256.315510
256.885850
257.492154
258.093333
258.674921
259.318367
259.910249
260.523061
261.084127
261.730083
262.255737
262.873968
263.588503
264.098639
264.748299
265.347619
266.035873
266.652653
267.572653
268.837551
269.561633
270.133878
270.749388
271.306939
271.944444
272.580091
274.299456
277.390204
280.561633
281.358776
282.136327
282.937551
284.144490
287.362857
290.689796
291.500816
292.280000
293.041224
294.267755
296.121224
299.501224
303.084082
306.671429
310.625306
311.420816
312.180816
312.953878
313.820816
314.628571
315.419592
316.209388
316.792007
317.003673
317.813878
318.630204
319.806122
323.630975
327.193197
331.128345
334.647166
338.743175
343.980408
349.395283
351.768571
353.151202
354.558367
356.094467
360.067256
364.591020
366.996327
368.376735
369.824898
371.397143
375.975420
377.558639
378.400454
379.418639
