1.371020
4.020680
6.787755
9.483810
12.367347
15.021224
17.695102
20.425578
23.278912
26.394558
27.310612
29.917687
32.796054
35.416463
38.324762
41.080816
43.772109
46.583673
49.440680
52.740374
55.363946
58.031020
60.851156
63.580408
66.345306
68.994422
71.752245
74.275102
78.607891
79.931746
81.021451
82.197687
83.501497
84.624059
85.787755
88.206927
91.733587
93.520952
94.669796
95.821224
97.008118
98.029433
99.223311
100.265374
101.381754
102.450431
103.581995
104.718141
105.789796
106.907256
107.973741
109.041973
110.189932
111.466667
112.690431
113.867211
114.962358
115.951474
118.397098
123.012124
124.135556
125.309524
126.507302
127.688571
128.735556
129.993016
131.033832
132.166984
133.256825
134.500635
135.693333
136.614603
137.710998
138.888254
139.998707
141.130794
142.469229
143.722222
144.850159
145.953333
147.192381
149.961270
154.791111
156.071429
157.278730
158.521270
159.781224
161.044490
162.306984
163.550612
164.773878
166.101723
167.465624
169.034830
172.829252
174.612245
175.839864
177.017959
178.261361
179.360771
180.462041
181.625079
182.867937
184.281587
185.228254
186.397664
187.617778
189.118503
189.683810
190.208571
190.764490
191.318776
191.837143
192.417823
193.496825
194.973651
196.209206
197.341905
198.606667
199.660635
200.834286
201.870159
203.140952
204.409841
205.479048
206.700952
207.906349
209.381270
209.969524
210.514603
211.069841
211.617460
212.175556
212.728254
214.329388
215.609841
216.734921
218.082857
220.477143
221.064127
221.655510
222.225850
222.812154
223.413333
223.974921
224.558367
225.150249
225.726122
226.284127
226.894050
227.435737
228.033968
228.648503
229.178639
229.668299
230.267619
230.895873
231.532653
232.176327
233.097551
233.761633
234.333878
234.949388
235.506939
236.124444
236.760091
238.199456
240.810204
243.621633
244.398776
245.128163
245.877551
246.932245
249.534286
252.329796
253.120816
253.840000
254.581224
255.602585
256.761224
259.541224
262.344082
265.131429
268.305306
269.080816
269.780816
270.493878
271.190204
271.908571
272.599184
273.309388
274.084082
274.843673
275.633878
276.370204
277.386122
280.590975
283.573197
286.548345
289.427166
293.263175
298.600408
302.918428
304.908571
306.151202
307.418367
308.994467
312.967256
317.991837
319.336327
320.516735
321.824898
323.377143
327.275420
328.238639
329.060454
329.739806
