1.331020
4.120680
6.947755
9.643810
12.504082
15.441224
18.315102
21.105578
23.938912
26.863673
27.850612
30.577687
33.476054
36.296463
39.084762
42.060816
44.932109
47.611837
50.680680
53.941497
56.963946
59.971020
63.111156
66.100408
69.225306
72.034422
74.832245
77.335102
80.807891
81.829312
82.561451
83.564711
84.418853
85.368118
86.347755
90.593855
96.047937
97.180952
98.229796
99.141224
100.114059
101.189433
102.123311
103.070748
104.128420
105.090431
106.213998
107.098141
108.074898
109.027256
110.053741
111.061973
111.949932
113.186667
114.410431
115.387211
116.402358
117.565896
121.197098
128.296372
129.455556
130.509524
131.567302
132.574286
133.555556
134.653016
135.579471
136.626984
137.716825
138.830045
139.766667
140.734603
141.750998
142.828254
143.958707
145.030794
146.009229
147.222222
148.170159
149.166667
150.432381
154.361270
160.414222
162.231429
163.358730
164.401270
165.596245
166.764490
167.686984
168.810612
169.833878
171.040287
172.105624
173.214830
176.549252
177.752245
178.759864
179.897959
181.081361
182.035193
183.062041
184.105079
185.267937
186.441587
187.308254
188.397664
189.517778
190.578503
191.203810
191.728571
192.264490
192.837551
193.377143
193.937823
194.896825
195.853651
197.049206
198.281905
199.466667
200.380635
201.334286
202.390159
203.560952
204.669841
205.659048
206.740952
207.826349
208.961270
209.529524
210.074603
210.604921
211.137460
211.695556
212.248254
213.249388
214.489841
215.614921
217.162857
219.737143
220.384127
220.975510
221.571701
222.184308
222.773333
223.394921
224.038367
224.610249
225.203061
225.792063
226.430249
227.007868
227.613968
228.322834
228.838639
229.428299
230.127619
230.815873
231.432653
232.076327
232.737551
233.401633
233.953878
234.549388
235.106939
235.732222
236.360091
237.439456
239.930204
242.580816
243.278776
243.956327
244.677551
245.824490
248.534286
251.249796
251.960408
252.660000
253.341224
254.467755
255.981224
258.929796
261.688163
264.531429
267.365306
268.220816
268.920204
269.533878
270.230204
270.988571
271.639184
272.329388
273.064082
273.803673
274.513878
275.250204
276.166122
279.170975
281.973197
284.908345
287.747166
291.243175
295.880408
301.415283
303.728571
304.831202
305.978367
307.174467
311.807256
317.271020
319.596327
320.676735
321.964898
323.057143
326.775420
327.698639
328.446818
329.318639
