1.391020
4.380680
7.507755
10.435238
13.667347
16.681224
19.635102
22.725578
25.938912
29.234558
30.170612
33.177687
36.316054
39.332925
42.424762
45.540816
48.692109
52.011837
54.800680
58.241497
61.223946
64.311020
67.851156
70.660408
73.605306
76.674422
79.472245
81.915102
85.873946
87.151746
88.361451
89.517687
90.771973
91.937624
93.007755
95.593855
99.697534
101.140952
102.289796
103.521224
104.728118
105.889433
107.183311
108.370748
109.625261
110.810431
111.861995
113.058141
114.129796
115.307256
116.493741
117.581973
118.789932
120.186667
121.610431
122.847211
123.985590
125.172948
128.657098
133.968186
134.915556
136.129524
137.427302
138.828571
139.877963
141.133016
142.156825
143.466984
144.696825
145.920635
147.006667
148.074603
149.170998
150.348254
151.458707
152.850794
154.108205
155.462222
156.630159
157.846667
159.212381
162.571252
167.151111
169.311429
170.598730
171.881270
173.101224
174.544490
175.826984
177.130612
178.473878
179.801723
181.245624
182.714830
186.809252
188.212245
189.339864
190.497959
191.621361
192.680771
193.722041
194.805079
196.007937
197.321587
198.368254
199.637664
200.857778
202.258503
202.803810
203.288571
203.844490
204.417551
204.937143
205.537823
206.776825
208.213651
209.329206
210.461905
211.626667
212.680635
213.714286
214.750159
216.000952
217.369841
218.519048
219.760952
220.906349
222.521270
223.069524
223.614603
224.129841
224.757460
225.255556
225.828254
227.029388
228.269841
229.714921
231.002857
234.337143
234.904127
235.395510
235.905850
236.432154
236.873333
237.434921
238.043673
238.550249
238.966122
239.504127
240.130249
240.535737
241.153968
241.828503
242.258639
242.845660
243.367619
243.955873
244.612653
245.516327
246.197551
246.881633
247.353878
247.944694
248.446939
249.064444
249.780091
251.679456
254.650204
257.841633
258.578776
259.276327
259.999184
261.184490
264.254286
267.289796
268.080816
268.760000
269.460612
270.643878
272.381224
275.501224
278.724082
281.951429
285.365306
286.100816
286.880816
287.493878
288.230204
288.928571
289.659184
290.329388
291.084082
291.823673
292.533878
293.290204
294.500875
297.750975
301.053197
304.221723
307.667166
311.443175
316.370204
321.455283
322.928571
324.324807
325.698367
327.054467
330.469451
334.971020
337.156327
338.676735
340.284898
342.017143
346.615420
347.718639
348.720454
349.338639
