1.591020
4.700680
8.007755
11.263810
14.547347
17.821224
20.915102
23.885578
27.378912
30.734558
31.790612
34.877687
38.192109
41.476463
44.824762
48.080816
51.192109
54.331837
57.640680
61.321497
64.463946
67.711020
70.813469
73.820816
76.705306
79.854422
82.412245
85.055102
88.987891
90.251746
91.181451
92.272562
93.491973
94.788118
95.947755
99.746771
104.527937
105.924190
106.989796
108.121224
109.168118
110.163144
111.363311
112.370748
113.545261
114.550431
115.701995
116.758141
117.849796
118.867256
119.893741
120.941973
122.089932
123.449630
124.810431
126.007211
127.002358
127.925896
130.258549
135.916372
137.235556
138.389524
139.607302
140.648571
141.635556
142.773016
143.739735
144.961746
145.936825
147.204515
148.266667
149.294603
150.330998
151.488254
152.438707
153.750794
155.147033
156.422222
157.570159
158.686667
159.632381
162.761270
168.198519
170.531429
171.718730
172.961270
173.981224
175.368061
176.546984
177.750612
179.033878
180.061723
181.421875
182.694830
186.349252
187.592245
188.839864
189.997959
191.101361
192.160771
193.202041
194.165079
195.327937
196.381587
197.468254
198.537664
199.677778
201.038503
201.603810
202.128571
202.644490
203.158776
203.717143
204.257823
205.056825
206.413651
207.669206
208.801905
209.926667
210.980635
212.034286
213.070159
214.380952
215.569841
216.599048
217.660952
218.826349
220.241270
220.929524
221.454603
221.969841
222.517460
223.095556
223.648254
224.549388
225.789841
226.914921
228.302857
232.637143
233.184127
233.617755
234.185850
234.632154
235.173333
235.654921
236.199184
236.790249
237.346122
237.804127
238.390249
238.855737
239.413968
240.008503
240.518639
241.108299
241.647619
242.335873
242.812653
243.716327
244.617551
245.241633
245.753878
246.289388
246.826939
247.404444
248.000030
249.479456
252.630204
256.121633
256.898776
257.516327
258.257551
259.544490
262.588571
266.029796
266.780816
267.480000
268.160612
269.407755
271.121224
274.265714
277.524082
280.871429
284.265306
285.080816
285.760816
286.433878
287.090204
287.808571
288.499184
289.149388
289.904082
290.563673
291.293878
292.030204
292.825224
294.510975
298.313197
301.828345
305.267166
309.303175
313.720408
318.915283
320.788571
322.051202
323.358367
324.634467
328.767256
334.511020
337.236327
338.516735
339.904898
341.297143
344.855420
346.138639
346.800454
347.598639
