2.271020
4.900680
7.667755
10.363810
13.176735
15.921224
18.515102
21.165578
23.938912
26.974558
27.850612
30.477687
33.256054
35.996463
38.724762
41.400816
43.992109
46.671837
49.180680
52.555374
55.143946
57.705510
60.651156
63.080408
65.645306
68.148844
70.772245
73.015102
76.635964
77.971746
79.061451
80.397687
81.567993
82.908118
84.147755
87.133855
90.869705
92.360952
93.149796
94.301224
95.468118
96.669433
97.783311
98.850748
100.165261
101.250431
102.550998
103.658141
104.829796
105.987256
107.153741
108.241973
109.449932
110.557333
111.850431
113.107211
114.182358
115.505896
118.657098
122.676372
123.935556
125.069524
126.207302
127.388571
128.515556
129.716508
130.734603
131.946984
133.056825
134.420635
135.566667
136.694603
137.790998
139.028254
140.138707
141.290794
142.452747
143.702222
144.910159
146.126667
147.572381
150.761270
153.859407
155.531429
156.658730
157.841270
158.960612
160.104490
161.326984
162.490612
163.653878
164.821723
166.045624
167.254830
170.529252
171.612245
172.739864
173.917959
175.141361
176.200771
177.422041
178.425079
179.567937
180.780397
181.548254
182.657664
183.797778
185.118503
185.803810
186.388571
187.004490
187.617551
188.217143
188.857823
189.736825
190.853651
191.809206
192.813968
194.006667
195.010317
195.907143
196.850159
197.960952
199.169841
199.979048
201.060952
202.126349
203.461270
204.089524
204.694603
205.289841
205.877460
206.535556
207.168254
208.129388
209.249841
210.294921
211.422857
213.497143
214.124127
214.675510
215.245850
215.832154
216.393333
216.974921
217.618367
218.190249
218.846122
219.391032
219.990249
220.435737
221.053968
221.708503
222.238639
222.908299
223.467619
224.115873
224.692653
225.436327
226.257551
226.921633
227.533878
228.229388
228.826939
229.504444
230.220091
231.419456
233.870204
236.601633
237.338776
237.956327
238.597551
239.552245
242.154286
244.809796
245.540816
246.180000
246.820612
247.787755
249.141224
251.941224
254.664082
257.271429
260.105306
260.840816
261.500816
262.173878
262.810204
263.468571
264.159184
264.769388
265.604082
266.283673
267.033878
267.790204
268.546122
271.510975
274.533197
277.388345
280.307166
283.563175
287.040408
290.915283
292.168571
293.371202
294.538367
295.794467
298.607256
302.331020
303.576327
304.696735
305.904898
307.197143
310.727710
311.538639
312.340454
313.098639
