2.251020
5.080680
7.727755
10.443810
13.227347
15.961224
18.775102
21.545578
24.298912
27.414558
28.350612
31.057687
33.696054
36.332925
39.104762
41.900816
44.672109
47.571837
50.340680
53.761497
56.503946
59.211020
61.891156
64.740408
67.585306
70.214422
72.932245
75.275102
78.853946
79.931746
80.998454
82.317687
83.531973
84.768118
86.007755
88.033855
91.467937
93.500952
94.689796
96.021224
97.148118
98.249433
99.423311
100.550748
101.725261
102.990431
104.441995
105.696281
106.829796
108.227256
109.393741
110.661973
112.069932
113.506667
115.150431
116.427211
117.862358
119.125896
121.838549
126.416372
127.615556
128.829524
130.167302
131.368571
132.375556
133.653016
134.756825
135.946984
137.096825
138.620635
139.886667
140.994603
142.270998
143.688254
144.818707
146.150794
147.629229
149.062222
150.370159
151.746667
153.132381
156.123069
159.371111
161.611429
162.738730
163.961270
165.161224
166.444490
167.646984
168.775306
170.033878
171.241723
172.545624
174.014830
177.249252
178.252245
179.519864
181.117959
182.344082
183.520771
184.624082
185.865079
187.087937
188.281587
189.448254
190.652993
191.877778
193.158503
193.743810
194.268571
194.804490
195.337551
195.877143
196.457823
197.576825
199.193651
200.369206
201.703810
203.126667
204.340635
205.494286
206.730159
208.042857
209.369841
210.579048
211.860952
213.066349
214.441270
215.009524
215.534603
216.049841
216.577460
217.115556
217.668254
218.818776
220.589841
222.694921
225.222857
228.197143
228.844127
229.455510
230.037551
230.724308
231.393333
231.974921
232.774397
233.310249
233.926122
234.584127
235.250249
235.875737
236.533968
237.268503
237.858639
238.473537
239.187619
239.975873
240.792653
241.956327
242.917551
243.781633
244.393878
245.109388
245.766939
246.504444
247.280091
248.679456
251.350204
254.221633
255.018776
255.796327
256.557551
257.684490
260.514286
263.469796
264.280816
265.020000
265.741224
266.803878
268.341224
271.542449
274.504082
277.471429
280.765306
281.580816
282.380816
283.113878
284.030204
284.828571
285.639184
286.429388
287.372245
288.183673
289.093878
289.930204
291.192245
294.430975
297.913197
301.168345
304.447166
308.123175
311.920408
316.697753
318.648571
319.871202
321.418367
323.134467
327.187256
332.217755
334.116327
335.296735
337.244898
339.097143
343.995420
345.118639
345.840454
346.698639
