1.831020
4.582041
7.407755
10.283810
13.227347
16.201224
19.075102
21.865578
24.638912
27.694558
28.590612
31.557687
34.416054
37.296463
40.204762
43.200816
46.172109
49.251837
52.100680
55.501497
58.503946
61.351020
64.313878
67.400408
70.415918
73.474422
76.432245
79.235102
82.943984
84.331746
85.615363
87.017687
88.211973
89.614059
90.938534
94.213855
98.813587
100.160952
101.349796
102.501224
103.614059
104.809433
106.283311
107.490748
108.805261
110.050431
111.501995
112.958141
113.969796
115.307256
116.507483
117.761973
118.909932
120.326667
121.750431
123.007211
124.182358
125.385896
129.097098
135.456372
136.775556
138.009524
139.287302
140.468571
141.615556
142.953016
144.136825
145.426984
146.676825
148.160635
149.386667
150.574603
151.790998
153.028254
154.278707
155.330794
156.589743
158.002222
159.130159
160.466667
162.072381
165.441270
170.771111
172.911429
174.238730
175.761270
176.961224
178.304490
179.388995
180.590612
181.853878
183.221723
184.465624
185.894830
189.509252
190.732245
191.759864
192.917959
194.121361
195.180771
196.222041
197.305079
198.487937
199.721587
200.788254
201.957664
203.097778
204.358503
205.103810
205.748571
206.464490
207.157551
207.857143
208.577823
209.556825
210.793651
211.949206
213.053968
214.286667
215.360635
216.394286
217.470159
218.720952
219.949841
220.999048
222.140952
223.306349
224.581270
225.309524
226.014603
226.709841
227.437460
228.175556
228.888254
229.889388
231.189841
232.294921
233.382857
236.697143
237.404127
238.055510
238.705850
239.372154
239.893333
240.694921
241.398367
242.130249
242.766122
243.404127
244.110249
244.735737
245.453968
246.188503
246.838639
247.468299
248.227619
248.915873
249.685306
250.677959
251.637551
252.481633
253.133878
253.849388
254.466939
255.204444
255.960091
257.559456
260.410204
263.460816
264.318776
265.156327
265.997551
267.344490
270.254286
273.349796
274.180816
275.020000
275.841224
277.187755
278.561224
281.741224
284.948163
288.291429
291.845306
292.700816
293.500816
294.333878
295.170204
295.988571
296.839184
297.649388
298.604082
299.343673
300.201633
300.930204
302.726122
305.830975
309.033197
312.348345
315.747166
320.123175
325.340408
330.415283
332.508571
333.711202
334.958367
337.507234
339.607256
345.331020
347.636327
348.856735
350.696735
352.317143
356.598473
357.698639
358.880454
359.678639
