2.651020
5.680680
8.727755
11.643810
14.567347
17.502449
20.350204
23.245578
26.218912
29.234558
30.170612
33.197687
36.316054
39.236463
42.104762
45.100816
48.012109
50.811837
53.760680
56.981497
59.263946
62.051020
65.191156
67.880408
70.985306
73.794422
76.492245
79.293776
83.767891
85.871746
87.241451
88.497687
89.531973
90.784059
91.927755
94.468206
98.469312
99.679499
100.609796
101.553741
102.528118
103.489433
104.623311
105.510748
106.445261
107.610431
108.541995
109.638141
110.509796
111.507256
112.433741
113.461973
114.329932
115.517436
116.590431
117.767211
118.642358
119.965896
123.237098
128.056372
128.875556
129.469524
130.567302
131.568571
132.615556
133.413016
134.378413
135.406984
136.436825
137.640091
138.706667
139.554603
140.310998
141.448254
142.358707
143.450794
144.389229
145.542222
146.650159
147.546667
148.932381
152.670212
156.414222
157.975714
159.078730
160.181276
160.526871
161.944490
162.647831
163.490204
164.713878
165.445215
166.605624
167.434830
170.889252
172.212245
173.329932
174.357959
175.501361
176.520771
177.462041
178.485079
179.627937
180.756159
181.708254
182.777664
183.837778
184.938503
185.763810
186.468571
187.204490
187.937551
188.657143
189.337823
190.476825
191.713651
192.869206
193.961905
195.157333
196.080635
197.114286
197.990159
199.142857
200.480757
201.259048
202.340952
203.286349
204.321270
205.089524
205.834603
206.569841
207.337460
208.095556
208.828254
209.969388
211.369841
212.614921
213.762857
217.317143
218.084127
218.755510
219.405850
220.132154
220.733333
221.534921
222.358367
222.990249
223.726122
224.364127
225.150249
225.795737
226.573968
227.348503
228.018639
228.688299
229.427619
230.315873
230.932653
231.736327
232.477551
233.321633
234.033878
234.849388
235.546939
236.344444
237.140363
238.579456
241.190204
244.201633
244.838776
245.576327
246.337551
247.584490
250.414286
253.329796
254.120816
254.880000
255.581224
256.707755
258.501224
261.741224
264.804082
267.834286
270.805306
271.560816
272.320816
273.073878
273.990204
274.708571
275.519184
276.269388
277.184490
277.983673
278.793878
279.670204
280.906122
283.570975
287.193197
290.568345
294.127166
298.323175
301.140408
306.435057
308.288571
309.351202
310.544263
311.494941
313.749451
317.574841
318.676327
319.836735
321.444898
322.857143
327.235420
328.358639
329.200454
329.978639
