0.892971
1.545556
2.184399
2.629116
3.252517
3.776236
4.385669
4.895714
5.479615
6.035828
6.570748
7.163900
7.749705
8.284626
8.792290
9.410068
9.983039
10.640862
11.173696
11.696780
12.325805
12.851701
13.371791
13.936145
14.494785
15.080000
15.468345
16.117460
16.661905
17.206032
17.804580
18.317732
19.025714
19.553061
20.038957
20.550249
21.138005
21.732925
22.243764
22.821882
23.308844
23.916508
24.576825
25.088299
25.628707
26.200091
26.733243
27.280000
27.801497
28.527120
29.041950
29.849977
31.163991
34.489116
36.513923
38.266939
39.647347
41.312245
42.896327
44.611474
46.364490
48.382041
50.352653
52.260000
54.218367
55.789388
57.520000
59.100000
61.006032
62.784490
64.879592
65.780726
66.618707
67.344671
68.056735
68.784898
69.573878
70.342449
71.702676
73.888980
75.445306
76.936735
78.688163
80.276327
81.449615
83.322290
84.496327
85.611837
86.835918
88.122857
89.831655
93.069297
95.951429
97.695918
99.384898
101.486122
103.572653
104.232245
104.628980
105.213469
105.933878
106.654286
107.231383
107.987982
108.548163
109.082857
109.976327
110.590204
111.165306
111.870975
112.703673
113.719683
114.667755
115.350272
116.134694
117.084807
117.604717
118.450612
119.129796
119.715918
120.465306
121.283719
121.962857
122.652245
123.446531
124.292653
124.997959
125.652698
126.583492
127.401270
128.500000
129.263810
130.118776
130.750794
131.387937
132.139683
133.024444
134.380000
135.992381
137.697460
139.764490
140.938095
141.768844
142.428435
143.004762
143.628299
144.123311
144.635510
145.134127
145.601905
146.148209
146.663537
147.222857
147.736190
148.240317
148.814286
149.338095
149.947302
150.470476
150.917460
151.420317
151.849524
152.233696
152.701315
153.228163
153.665624
154.130612
154.532245
155.041224
155.413084
155.787302
156.201224
156.564082
156.957098
157.325714
157.775510
158.191837
158.574286
158.954830
161.597370
162.721905
164.154286
165.172698
166.914694
170.000000
170.377052
170.909796
171.424490
171.984898
172.497710
173.146122
173.657551
174.222449
174.710091
175.305714
175.906531
176.418776
176.942857
177.475510
178.004036
178.530023
179.162857
179.948707
182.317143
183.566440
184.539637
185.598957
186.760227
187.852063
188.894331
190.120000
190.969478
192.023401
193.120000
194.107574
195.098912
196.165397
197.515057
200.578186
203.493560
206.446032
209.410113
212.426803
215.271882
218.079546
221.136463
224.036100
226.918231
229.843583
232.433560
235.657007
239.040771
240.941678
242.590023
246.116054
249.879184
255.749433
261.721497
267.684762
273.814921
279.516327
284.851020
290.317959
296.421088
298.430295
299.680136
300.583265
301.467392
302.356054
303.472562
304.948526
306.721224
311.120408
315.012245
318.857778
322.925714
326.780000
331.464762
333.351746
334.100317
335.092381
335.934286
336.877143
337.921224
339.349524
341.074603
345.294921
349.211746
353.299365
356.977460
361.051429
364.313469
367.227302
369.605714
371.242857
372.897370
373.603492
374.076508
374.611746
375.160000
375.700000
376.160000
376.660000
377.233333
377.778730
378.219819
378.786349
379.318413
379.826440
380.400952
381.002857
381.529524
382.303129
382.925306
383.551429
384.199728
384.863265
385.529796
386.182540
386.833333
387.506395
388.240000
388.909796
389.552857
390.316009
391.324444
392.190794
393.066531
393.980000
395.171020
396.610159
397.638503
398.586531
399.908163
401.040000
402.333061
402.996735
403.593764
404.081905
404.676712
405.180635
405.737778
406.259048
406.778413
407.368231
407.936508
408.425397
408.998413
409.598413
410.107937
410.595283
411.171746
411.771451
412.326667
412.880000
413.429841
414.319048
415.250794
416.114603
416.899365
417.740635
418.569841
419.513333
420.344762
421.348980
421.946349
422.890476
423.381905
424.142857
424.766259
425.433333
425.995057
426.546349
427.127619
427.904376
428.688549
429.452109
