0.692971
1.245556
1.760000
2.329116
2.832517
3.356236
3.865669
4.435714
4.899615
5.455828
5.990748
6.503900
7.009705
7.564626
8.080000
8.630068
9.143039
9.720862
10.213696
10.720000
11.305805
11.800000
12.331791
12.916145
13.394785
13.967937
14.348345
14.957460
15.501905
16.006032
16.504580
17.060000
17.645714
18.173061
18.758957
19.350249
19.898005
20.532925
21.103764
21.541882
22.048844
22.596508
23.100000
23.648299
24.080000
24.660091
25.140000
25.697370
26.201497
26.847120
27.321950
27.729977
28.583991
31.369116
33.373923
35.426939
37.027347
39.152245
41.036327
43.091474
45.064490
47.220000
49.032653
51.104490
53.258367
54.829388
56.545306
58.338367
60.566032
62.604490
66.079592
66.889433
67.978707
69.192336
70.216735
71.124898
72.253878
73.182449
74.722676
77.448980
79.225306
81.096735
82.748163
84.456327
86.409615
88.482290
89.964898
92.071837
93.135918
94.571429
96.091655
99.229297
102.371429
104.615918
106.584898
108.466122
110.712653
111.512245
112.348980
113.213469
114.033878
114.654286
115.651383
116.827982
117.528163
118.202857
119.296327
120.370204
120.925306
121.690975
122.845714
123.579683
124.187755
124.770272
125.354694
126.244807
126.664717
128.710612
129.549796
130.415918
131.245306
132.323719
133.102857
133.812245
134.866531
135.692653
136.537959
137.252698
138.123492
138.921270
139.852063
140.640000
141.558776
142.210794
142.927937
143.839683
144.784444
146.272698
147.812381
149.577460
151.404490
152.238095
152.908844
153.488435
154.064762
154.628299
155.123311
155.635510
156.194127
156.661905
157.228209
157.783537
158.362857
158.856190
159.400317
159.914286
160.418095
160.947302
161.470476
161.957460
162.460317
162.889524
163.373696
163.861315
164.348163
164.865624
165.370612
165.992245
166.441224
166.933084
167.327302
167.761224
168.284082
168.717098
169.222857
169.655510
170.191837
170.554286
170.954830
172.540000
173.301905
174.374286
174.932698
175.811837
177.832880
178.320000
178.849796
179.384490
180.000000
180.457710
181.066122
181.597551
182.142449
182.590091
183.185714
183.786531
184.318776
184.791429
185.395510
185.944036
186.490023
187.042857
187.828707
188.797143
190.106440
191.159637
192.578957
193.720227
194.952063
196.194331
197.501723
198.809478
199.983401
201.240000
202.587574
203.678912
205.625397
207.175057
210.338186
213.653560
216.786032
219.930113
223.386803
226.551882
229.639546
232.776463
235.676100
238.498231
241.503583
244.413560
248.117007
251.820771
253.821678
255.690023
259.636054
263.719184
269.469433
275.301497
279.724762
284.874921
290.116327
294.651020
300.157959
307.501088
309.730295
311.420136
312.906122
314.387392
315.736054
317.312562
318.708526
321.561224
326.520408
330.652245
334.897778
338.445714
342.542857
348.384762
350.931746
352.560317
353.712381
354.514286
355.391429
357.201224
359.089524
361.414603
365.954921
369.631746
373.919365
377.217460
380.851429
384.510612
386.907302
389.845714
391.682857
393.837370
394.543492
395.216508
396.031746
396.601905
397.240000
397.760000
398.275238
398.873333
399.478730
400.139819
400.626349
401.098413
401.706440
402.340952
402.802857
403.349524
403.860000
404.285306
404.911429
405.699728
406.340000
406.600000
407.282540
407.873333
408.579184
409.360000
410.109796
410.792857
411.816009
412.684444
414.143175
416.126531
418.387347
419.751020
422.570159
423.918503
425.058776
427.048163
428.533016
431.193061
431.796735
432.393764
432.941905
433.496712
434.020635
434.617778
435.159048
435.718413
436.308231
436.896508
437.440000
437.989206
438.578413
439.107937
439.695283
440.311746
440.971451
441.646667
442.368980
442.949841
443.699048
444.470794
445.274603
445.919365
446.580635
447.309841
448.002222
448.604762
449.232245
449.865397
450.516825
451.121905
451.863810
452.486259
453.211111
453.995057
454.612698
455.267619
456.024376
456.728549
457.472109
