0.312971
0.800000
1.344399
1.849116
2.512517
2.876236
3.405669
3.895714
4.479615
4.915828
5.420000
5.963900
6.529705
6.984626
7.472290
8.030068
8.503039
9.040862
9.573696
10.136780
10.745805
11.251701
11.791791
12.376145
12.874785
13.427937
13.988345
14.457460
15.041905
15.486032
16.024580
16.597732
17.245714
17.633061
18.198957
18.650249
19.198005
19.712925
20.283764
20.800000
21.288844
21.916508
22.360000
22.828299
23.408707
23.920091
24.513243
25.000000
25.420000
26.127120
26.561950
27.209977
27.983991
32.509116
34.693923
36.606939
38.067347
40.252245
41.840000
43.691474
45.544490
47.482041
49.292653
51.084490
52.680000
54.180000
55.845306
57.578367
60.046032
62.164490
65.659592
66.400726
67.538707
68.712336
69.336735
70.124898
71.213878
72.082449
73.502676
76.468980
78.045306
79.836735
81.528163
83.056327
84.909615
87.422290
88.116327
89.251837
90.215918
91.205714
92.451655
96.529297
99.071429
101.155918
103.344898
105.566122
107.932653
108.432245
109.168980
109.873469
110.433878
111.034286
111.711383
112.627982
113.088163
113.702857
114.476327
115.090204
115.745306
116.470975
117.143673
117.779683
118.387755
119.810272
120.594694
121.444807
122.124717
123.030612
123.709796
124.395918
125.260000
125.983719
126.662857
127.312245
128.226531
128.992653
129.717959
130.412698
131.183492
132.101270
133.160000
134.043810
134.958776
135.750794
136.527937
137.519683
138.464444
140.180000
141.932381
143.777460
146.164490
147.818095
149.148844
150.208435
151.164762
152.068299
152.803311
153.635510
154.334127
154.981905
155.568209
156.463537
157.122857
157.656190
158.240317
158.834286
159.378095
159.947302
160.470476
160.917460
161.400317
161.809524
162.213696
162.701315
163.128163
163.545624
163.990612
164.392245
164.841224
165.193084
165.547302
165.941224
166.284082
166.657098
167.002857
167.435510
167.840000
168.194286
168.674830
172.537370
173.941905
175.154286
176.332698
177.731837
180.832880
181.377052
181.869796
182.424490
182.944898
183.437710
184.000000
184.477551
185.042449
185.490091
186.065714
186.666531
187.158776
187.611429
188.215510
188.664036
189.210023
189.722857
190.268707
192.397143
193.906440
195.239637
196.578957
197.720227
199.072063
200.474331
201.741723
202.949478
204.103401
205.315011
206.567574
207.738912
208.785397
210.235057
213.338186
216.453560
219.466032
222.490113
225.546803
228.371882
231.299546
234.116463
236.896100
239.598231
242.843583
245.713560
249.157007
252.680771
254.541678
256.390023
260.176054
264.273469
271.449433
276.941497
281.924762
286.914921
292.096327
297.051020
302.100000
310.121088
312.230295
313.660136
314.903265
316.507392
317.416054
318.652562
319.688526
321.641224
326.000408
329.712245
334.057778
337.305714
341.222857
346.464762
348.871746
350.480317
351.952381
353.234286
354.437143
355.781224
356.809524
358.974603
362.934921
366.591746
370.979365
374.437460
378.631429
382.421224
385.107302
388.225714
390.922857
394.037370
394.743492
395.596508
396.231746
396.881905
397.560000
398.140000
398.795238
399.473333
399.978730
400.579819
401.086349
401.678413
402.306440
402.740952
403.222857
403.789524
404.483129
405.125306
405.791429
406.459728
407.143265
407.769796
408.482540
409.133333
409.806395
410.540000
411.229796
411.812857
412.476009
413.504444
414.490794
415.486531
416.647347
417.911020
419.770159
421.038503
422.646531
424.268163
425.593016
429.613061
430.336735
430.873764
431.361905
431.936712
432.420000
432.897778
433.399048
433.920000
434.448231
434.936508
435.405397
435.909206
436.498413
436.947937
437.455283
437.951746
438.731451
439.646667
440.268980
441.149841
441.899048
442.770794
443.634603
444.419365
445.240635
445.989841
446.842222
447.564762
448.352245
448.926349
449.718730
450.281905
450.983810
451.546259
452.171111
452.755057
453.566349
454.147619
455.364376
456.288549
457.092109
