1.172971
1.905556
2.584399
3.289116
4.012517
4.656236
5.305669
5.935714
6.599615
7.275828
7.910748
8.523900
9.189705
9.824626
10.452290
11.070068
11.643039
12.280862
12.873696
13.456780
14.065805
14.671701
15.311791
15.956145
16.594785
17.247937
17.828345
18.477460
19.081905
19.666032
20.324580
20.957732
21.625714
22.233061
22.858957
23.510249
24.098005
24.752925
25.403764
26.001882
26.628844
27.236508
27.936825
28.548299
29.168707
29.760091
30.413243
30.997370
31.541497
32.167120
32.561950
33.009977
34.143991
37.609116
40.033923
42.346939
44.747347
47.092245
49.676327
52.191474
54.784490
57.142041
59.332653
61.284490
63.298367
65.169388
67.185306
69.238367
71.566032
73.524490
76.419592
77.080726
77.758707
78.392336
79.036735
79.644898
80.333878
81.002449
82.222676
85.388980
87.225306
89.216735
91.148163
92.916327
94.869615
97.222290
98.396327
99.551837
100.495918
101.442857
103.111655
105.569297
108.631429
110.815918
112.784898
114.846122
117.192653
117.892245
118.548980
119.273469
119.933878
120.554286
121.211383
122.127982
122.668163
123.242857
123.996327
124.630204
125.325306
125.950975
126.783673
127.419683
128.207755
128.930272
129.574694
130.404807
130.944717
131.710612
132.549796
133.215918
134.005306
134.803719
135.442857
136.112245
136.846531
137.632653
138.337959
138.972698
139.703492
140.461270
141.580000
142.383810
143.278776
143.950794
144.787937
145.679683
146.544444
148.032698
150.012381
152.217460
154.324490
156.058095
157.288844
158.308435
159.224762
160.108299
160.806621
161.595510
162.394127
163.041905
163.628209
164.243537
164.922857
165.476190
166.080317
166.654286
167.218095
167.887302
168.550476
169.037460
169.600317
170.089524
170.593696
171.121315
171.688163
172.145624
172.730612
173.172245
173.741224
174.173084
174.607302
175.081224
175.484082
176.057098
176.482857
176.991020
177.531837
177.942857
178.494830
182.177370
183.501905
185.214286
186.432698
188.175510
191.412880
192.117052
192.769796
193.404490
194.064898
194.677710
195.346122
195.937551
196.502449
197.030091
197.625714
198.246531
198.798776
199.311429
199.955510
200.504036
201.070023
201.662857
202.448707
204.277143
205.726440
207.139637
208.658957
210.060227
211.512063
213.114331
214.621723
216.089478
217.143401
218.495011
219.947574
221.078912
222.565397
223.915057
227.418186
230.753560
234.126032
237.550113
241.046803
244.351882
247.559546
250.856463
254.216100
257.498231
261.083583
264.093560
267.857007
271.340771
273.181678
275.090023
278.516054
282.159184
286.969433
293.841497
300.424762
306.854921
313.516327
320.211020
326.937959
336.661088
338.690295
339.960136
341.143265
342.227392
343.316054
344.432562
345.908526
347.681224
352.480408
357.092245
361.697778
366.345714
371.002857
377.584762
380.211746
381.480317
382.612381
383.634286
384.597143
385.661224
387.109524
389.160000
393.754921
398.071746
403.040000
407.437460
411.971429
413.570612
414.840000
416.265714
417.440000
418.640000
419.263492
419.916508
420.511746
421.160000
421.820000
422.420000
423.040000
423.673333
424.338730
425.019819
425.626349
426.278413
426.926440
427.540952
428.162857
428.749524
429.423129
430.065306
430.731429
431.419728
432.083265
432.709796
433.342540
434.033333
434.706395
435.420000
436.049796
436.712857
437.396009
438.224444
439.090794
440.226531
441.527347
442.651020
443.990159
445.118503
446.186531
447.328163
448.393016
451.273061
451.956735
452.613764
453.221905
453.896712
454.500635
455.097778
455.679048
456.338413
456.928231
457.536508
458.105397
458.669206
459.378413
459.967937
460.455283
461.071746
461.811451
462.506667
463.208980
464.089841
464.779048
465.490794
466.254603
466.899365
467.620635
468.309841
469.062222
469.844762
470.472245
470.786349
471.316825
471.821905
472.387619
472.952517
473.451111
473.995057
474.506349
475.147619
475.924376
476.648549
477.392109
