0.792971
1.425556
2.064399
2.729116
3.372517
3.976236
4.585669
5.215714
5.779615
6.455828
7.090748
7.703900
8.289705
8.944626
9.612290
10.170068
10.743039
11.440862
12.013696
12.556780
13.205805
13.831701
14.411791
15.056145
15.614785
16.287937
16.848345
17.477460
18.081905
18.666032
19.304580
19.937732
20.545714
21.113061
21.738957
22.390249
23.018005
23.612925
24.223764
24.821882
25.408844
26.036508
26.716825
27.288299
27.868707
28.540091
29.133243
29.717370
30.401497
31.127120
31.803900
32.609977
33.483991
38.129116
40.173923
42.026939
43.607347
45.672245
47.300000
49.011474
50.924490
52.802041
54.632653
56.284490
58.238367
59.829388
61.645306
63.158367
65.306032
67.164490
70.079592
71.040726
71.798707
72.889342
73.643673
74.464898
75.553878
76.344898
77.742676
80.048980
81.785306
83.636735
85.548163
87.476327
89.209615
91.222290
92.476327
93.711837
94.915918
96.222857
97.631655
100.209297
102.991429
105.195918
107.484898
109.486122
111.992653
112.652245
113.408980
114.113469
114.733878
115.454286
115.991383
116.920000
117.408163
118.002857
118.756327
119.490204
120.035918
120.670975
121.743673
122.379683
123.047755
123.670272
124.254694
125.084807
125.584717
126.450612
127.269796
127.935918
128.705306
129.343719
130.042857
130.752245
131.466531
132.292653
133.037959
133.772698
134.623492
135.501270
136.552063
137.443810
138.318776
139.090794
139.867937
140.679683
141.684444
143.072698
144.852381
146.854921
149.364490
150.698095
151.708844
152.508435
153.304762
154.108299
154.723311
155.335510
155.954127
156.561905
157.148209
157.763537
158.362857
158.916190
159.420317
159.974286
160.418095
161.007302
161.490476
161.937460
162.440317
162.869524
163.313696
163.801315
164.228163
164.625624
165.210612
165.632245
166.081224
166.493084
166.887302
167.321224
167.684082
168.037098
168.422857
168.855510
169.251837
169.614286
170.014830
174.117370
176.581905
178.014286
179.172698
182.731837
188.472880
189.337052
189.969796
190.564490
191.184898
191.757710
192.446122
193.017551
193.542449
194.070091
194.665714
195.246531
195.838776
196.371429
196.975510
197.544036
198.130023
198.642857
198.680000
200.180000
201.166440
202.519637
204.218957
205.540227
206.832063
208.174331
209.481723
210.689478
211.843401
213.175011
214.427574
215.578912
216.925397
218.415057
221.958186
225.367120
228.686032
232.030113
235.246803
238.511882
241.819546
245.096463
248.296100
251.558231
254.883583
258.133560
262.477007
266.520771
268.761678
270.730023
275.152653
279.559184
285.380000
291.701497
298.244762
305.054921
311.736327
318.291020
324.937959
334.401088
337.370295
338.880136
340.103265
341.207392
342.356054
343.412562
344.708526
346.200000
351.180408
355.452245
359.577778
363.685714
367.982857
373.404762
375.962222
377.340317
378.532381
379.674286
380.797143
381.941224
383.089524
384.994603
389.314921
393.331746
397.519365
401.757460
405.991429
410.542449
413.207302
416.125714
418.542857
421.417370
422.243492
423.096508
423.783492
424.641905
425.360000
425.940000
426.615238
427.293333
427.898730
428.519819
429.126349
429.758413
430.346440
430.960952
431.562857
432.109524
432.783129
433.425306
434.071429
434.699728
435.383265
436.049796
436.682540
437.293333
437.926395
438.500000
439.289796
439.932857
440.480000
441.444444
442.610794
443.926531
445.427347
446.831020
448.170159
449.678503
450.726531
452.188163
453.333016
458.253061
459.056735
459.753764
460.321905
460.996712
461.560635
462.197778
462.779048
463.398413
463.988231
464.576508
465.165397
465.738413
466.418413
467.007937
467.455283
468.135238
468.931451
469.646667
470.368980
471.229841
472.259048
473.250794
474.294603
475.179365
476.380635
477.329841
478.582222
479.224762
479.932245
480.606349
481.396825
482.041905
482.543810
483.146259
483.771111
484.335057
484.966349
485.527619
486.464376
487.288549
488.032109
