0.532971
1.065556
1.624399
2.289116
2.912517
3.476236
4.045669
4.675714
5.259615
5.895828
6.490748
7.083900
7.669705
8.264626
8.812290
9.430068
9.963039
10.560862
11.133696
11.656780
12.285805
12.871701
13.451791
14.096145
14.654785
15.287937
15.848345
16.397460
16.981905
17.546032
18.124580
18.737732
19.425714
20.013061
20.578957
21.190249
21.718005
22.352925
22.963764
23.520000
24.068844
24.656508
25.256825
25.808299
26.428707
26.980091
27.573243
28.137370
28.661497
29.327120
29.761950
30.169977
31.303991
34.249116
36.273923
37.986939
39.547347
41.312245
42.800000
44.551474
46.260000
48.062041
49.712653
51.324490
53.018367
54.889388
56.885306
58.720000
60.766032
62.504490
65.179592
66.240726
66.998707
67.804671
68.536735
69.284898
70.053878
70.882449
72.102676
74.508980
75.785306
77.136735
78.868163
80.736327
82.529615
84.842290
86.336327
87.671837
88.915918
89.942857
91.351655
94.389297
97.391429
99.835918
102.244898
104.306122
106.432653
107.092245
107.748980
108.433469
109.213878
109.834286
110.351383
111.147982
111.828163
112.422857
113.316327
113.930204
114.405306
115.070975
115.903673
116.599683
117.200000
117.750272
118.334694
119.064807
119.504717
120.370612
121.009796
121.455918
122.105306
122.843719
123.462857
124.040000
124.746531
125.500000
126.037959
126.632698
127.323492
128.001270
128.540000
129.240000
129.938776
130.510794
131.227937
131.919683
132.664444
134.612698
135.952381
137.737460
139.764490
140.740000
141.428844
141.928435
142.424762
142.988299
143.423311
143.915510
144.434127
144.961905
145.548209
145.940000
146.502857
146.996190
147.480317
147.974286
148.458095
149.047302
149.390476
149.917460
150.420317
150.869524
151.333696
151.841315
152.268163
152.725624
153.270612
153.752245
154.221224
154.593084
154.987302
155.441224
155.864082
156.257098
156.742857
157.175510
157.631837
158.174286
158.614830
161.757370
163.561905
165.505714
166.612698
168.958367
172.272880
172.897052
173.469796
174.044490
174.664898
175.237710
175.886122
176.477551
177.042449
177.550091
178.145714
178.746531
179.318776
179.871429
180.475510
181.024036
181.570023
182.162857
182.680000
184.837143
186.266440
187.439637
188.738957
189.880227
191.072063
192.294331
193.501723
194.729478
195.783401
197.055011
198.387574
199.478912
200.625397
201.975057
205.438186
208.613560
211.646032
214.730113
217.966803
220.891882
223.879546
226.796463
229.636100
232.338231
235.143583
237.913560
241.437007
244.840771
246.741678
248.460045
251.676054
255.417551
261.809433
267.901497
274.124762
280.614921
287.016327
293.111020
299.657959
307.961088
309.990295
311.480136
312.743265
314.187392
315.296054
316.412562
317.648526
318.760000
323.900408
328.432245
332.897778
337.525714
342.382857
348.624762
349.371746
350.800317
351.952381
353.374286
354.457143
355.661224
356.809524
358.434603
362.934921
367.511746
372.059365
376.697460
381.651429
386.110612
388.847302
391.205714
393.122857
395.377370
396.143492
396.696508
397.331746
397.921905
398.560000
399.200000
399.855238
400.740000
401.298730
401.959819
402.566349
403.158413
403.766440
404.340952
404.982857
405.569524
406.343129
407.045306
407.751429
408.479728
409.203265
409.909796
410.662540
411.353333
412.066395
412.840000
413.529796
414.252857
415.016009
416.224444
417.510794
419.006531
420.787347
422.171020
424.170159
425.458503
426.726531
428.308163
429.733016
432.213061
432.936735
433.593764
434.181905
434.836712
435.400635
436.057778
436.619048
437.238413
437.928231
438.416508
438.945397
439.489206
440.118413
440.627937
441.075283
441.751746
442.371451
443.046667
443.708980
444.409841
445.259048
446.050794
446.954603
447.499365
448.220635
448.949841
449.722222
450.304762
450.912245
451.398095
451.976825
452.461905
453.067619
453.686259
454.131111
454.715057
455.212698
455.847619
456.544376
457.208549
457.992109
