0.792971
1.485556
2.084399
2.669116
3.272517
3.796236
4.405669
4.940000
5.459615
6.075828
6.620000
7.203900
7.729705
8.324626
8.852290
9.450068
10.003039
10.600862
11.093696
11.656780
12.225805
12.811701
13.371791
13.936145
14.394785
15.027937
15.588345
16.117460
16.661905
17.206032
17.744580
18.337732
18.991429
19.553061
20.078957
20.650249
21.178005
21.772925
22.363764
22.941882
23.408844
24.016508
24.676825
25.228299
25.748707
26.280091
26.873243
27.397370
28.001497
28.967120
29.421950
29.749977
30.583991
35.209116
37.233923
38.946939
40.427347
42.452245
44.036327
46.131474
48.064490
50.082041
51.852653
53.504490
55.318367
57.169388
58.765306
60.320000
62.466032
64.164490
67.079592
68.000726
68.978707
69.978685
70.876735
71.764898
72.909388
73.862449
75.622676
78.388980
79.905306
81.836735
83.388163
85.156327
87.089615
88.962290
90.416327
91.878367
93.195918
94.582857
96.211655
99.969297
102.751429
104.615918
106.764898
108.866122
111.060000
111.572245
112.268980
112.853469
113.553878
114.294286
114.931383
115.727982
116.368163
116.982857
117.856327
118.590204
119.145306
119.850975
120.583673
121.599683
122.347755
123.181633
123.974694
124.884807
125.944717
126.770612
127.489796
128.475918
129.325306
130.203719
130.982857
131.652245
132.466531
133.392653
134.097959
134.800000
135.643492
136.461270
137.440000
138.243810
139.098776
139.850794
140.627937
141.539683
142.444444
144.432698
145.992381
147.577460
149.604490
150.798095
151.768844
152.468435
153.204762
153.888299
154.483311
155.115510
155.694127
156.341905
156.868209
157.423537
158.042857
158.536190
159.080317
159.614286
160.138095
160.727302
161.250476
161.697460
162.200317
162.629524
163.133696
163.601315
164.028163
164.505624
165.150612
165.552245
166.221224
166.593084
166.987302
167.421224
167.864082
168.297098
168.782857
169.235510
169.671837
170.034286
170.454830
173.237370
175.681905
177.474286
179.452698
182.174694
185.892880
186.537052
187.089796
187.664490
188.280000
188.837710
189.486122
190.057551
190.622449
191.110091
191.680000
192.266531
192.818776
193.331429
193.915510
194.444036
195.010023
195.622857
196.428707
200.077143
201.660000
202.879637
204.158957
205.460227
206.632063
207.914331
209.301723
210.369478
211.663401
212.940000
214.227574
215.378912
216.665397
218.255057
221.838186
224.833560
228.006032
230.880227
234.226803
237.271882
240.239546
243.216463
246.256100
249.238231
252.203583
255.013560
258.477007
262.020771
263.881678
265.570023
269.216054
272.759184
278.529433
285.721497
291.724762
297.514921
303.076327
308.691020
314.357959
321.221088
322.470295
324.040952
325.643265
327.256961
328.896054
330.112562
331.968526
333.521224
340.280408
344.332245
348.777778
352.585714
356.562857
362.524762
364.491746
365.900317
367.632381
369.174286
370.597143
371.961224
374.019048
376.474603
381.994921
385.991746
390.239365
394.437460
398.731429
402.690612
404.667302
406.545714
408.142857
409.717370
410.423492
411.096508
411.751746
412.361905
412.900000
413.480000
414.095238
414.653333
415.238730
415.839819
416.406349
416.958413
417.566440
418.120952
418.722857
419.269524
420.023129
420.685306
421.371429
422.039728
422.740000
423.089796
423.742540
424.413333
425.246395
426.120000
426.729796
427.392857
428.056009
429.204444
430.710794
432.126531
433.807347
435.271020
436.810159
438.458503
439.733061
441.768163
442.893016
446.713061
447.356735
447.973764
448.541905
449.136712
449.700635
450.297778
450.859048
451.458413
452.048231
452.616508
453.165397
453.709206
454.298413
454.887937
455.516417
456.211746
456.951451
457.786667
458.528980
459.309841
460.439048
461.330794
462.214603
463.159365
464.220635
465.009841
465.842222
466.844762
467.932245
468.806349
469.671429
470.341905
471.083810
471.806259
472.511111
473.215057
473.906349
474.607619
475.484376
476.308549
477.052109
