1.452971
2.145556
2.764399
3.429116
4.052517
4.656236
5.225669
5.855714
6.459615
7.095828
7.700000
8.223900
8.849705
9.444626
9.992290
10.610068
11.183039
11.760862
12.333696
12.876780
13.505805
14.051701
14.611791
15.236145
15.834785
16.467937
17.028345
17.617460
18.221905
18.786032
19.404580
20.017732
20.725714
21.293061
21.878957
22.510249
23.098005
23.752925
24.303764
24.901882
25.528844
26.156508
26.720000
27.228299
27.848707
28.440091
29.073243
29.657370
30.281497
31.007120
31.441950
31.929977
32.903991
36.209116
38.153923
40.006939
41.507347
43.472245
45.100000
46.951474
48.564490
50.362041
52.072653
53.780000
55.338367
56.569388
58.045306
59.400000
61.226032
63.124490
65.919592
66.620726
67.418707
68.492336
69.476735
70.224898
71.333878
72.042449
73.302676
75.408980
77.185306
78.976735
80.688163
82.416327
84.489615
87.382290
89.076327
90.702857
92.175918
93.702857
95.291655
97.649297
100.611429
102.615918
104.844898
106.606122
108.512653
109.192245
109.888980
110.593469
111.253878
111.874286
112.631383
113.367982
113.948163
114.582857
115.376327
116.030204
116.825306
117.370975
118.483673
119.119683
120.367755
120.990272
121.734694
122.904807
123.397732
124.350612
125.209796
125.955918
126.885306
127.763719
128.462857
129.161224
129.986531
131.072653
131.917959
132.732698
133.583492
134.661270
135.720000
136.623810
137.520000
138.230794
139.007937
139.919683
140.764444
142.352698
144.092381
145.877460
147.904490
148.938095
149.848844
150.688435
151.404762
152.208299
152.823311
153.535510
154.134127
154.621905
155.208209
155.943537
156.722857
157.256190
157.840317
158.414286
158.998095
159.587302
160.110476
160.749841
161.200317
161.749524
162.208481
162.821315
163.328163
163.865624
164.310612
164.952245
165.461224
165.913084
166.507302
167.041224
167.524082
168.017098
168.642857
169.175510
169.651837
170.271429
170.694830
173.737370
175.161905
176.354286
177.372698
179.131837
181.900000
182.537052
183.129796
183.704490
184.384898
184.957710
185.666122
186.237551
186.842449
187.370091
187.985714
188.586531
189.278776
189.791429
190.455510
191.024036
191.690023
192.282857
193.068707
195.597143
197.106440
198.499637
199.898957
201.260227
202.492063
203.974331
205.281723
206.509478
207.583401
208.835011
209.987574
211.158912
212.805397
214.295057
217.738186
221.313560
224.806032
228.310113
231.806803
235.371882
238.779546
242.436463
245.876100
249.318231
252.863583
256.293560
260.497007
264.640771
266.521678
268.650023
272.616054
276.715102
281.760000
286.561497
291.444762
296.194921
301.076327
305.671020
310.617959
317.281088
319.410295
320.740136
322.126531
323.556961
324.936054
326.172562
327.588526
328.800000
332.920408
336.492245
340.437778
343.505714
347.362857
352.604762
354.291746
355.060317
355.992381
356.694286
357.357143
358.141224
359.209524
360.974603
364.874921
368.331746
372.479365
376.137460
380.311429
384.870612
388.187302
391.225714
393.982857
396.657370
397.363492
398.136508
398.791746
399.320000
399.900000
400.400000
401.055238
401.653333
402.258730
402.899819
403.466349
404.058413
404.626440
405.240952
405.802857
406.369524
407.103129
407.765306
408.420000
409.079728
409.743265
410.389796
411.102540
411.773333
412.446395
413.140000
413.849796
414.532857
415.136009
416.184444
417.110794
417.886531
418.867347
420.111020
421.470159
422.438503
423.166531
423.840000
424.600000
426.613061
427.296735
427.893764
428.441905
429.076712
429.600635
430.197778
430.739048
431.318413
431.928231
432.456508
432.965397
433.529206
434.138413
434.607937
435.035283
435.511746
436.311451
437.006667
437.608980
438.469841
439.219048
440.050794
440.874603
441.439365
442.180635
442.909841
443.662222
444.304762
444.932245
445.618095
446.316825
446.961905
447.703810
448.226259
448.851111
449.615057
450.086349
450.687619
451.304376
452.068549
452.692109
