0.552971
1.165556
1.804399
2.429116
3.092517
3.656236
4.305669
4.875714
5.479615
6.135828
6.770748
7.343900
7.969705
8.604626
9.192290
9.810068
10.383039
11.020862
11.593696
12.136780
12.805805
13.391701
13.991791
14.636145
15.214785
15.827937
16.408345
17.037460
17.621905
18.206032
18.824580
19.477732
20.105714
20.693061
21.278957
21.890249
22.538005
23.152925
23.783764
24.401882
24.968844
25.596508
26.216825
26.768299
27.488707
28.080181
28.693243
29.277370
30.001497
30.927120
31.301950
31.969977
32.803991
36.809116
39.433923
41.966939
44.687347
47.272245
49.736327
52.568844
55.184490
58.202041
60.712653
63.044490
65.598367
68.109388
70.565306
72.998367
75.966032
78.604490
81.699592
82.440726
83.098707
83.892336
84.616735
85.264898
86.013878
86.762449
87.902676
90.468980
92.185306
94.036735
95.868163
97.656327
99.589615
102.142290
103.376327
104.451837
105.435918
106.402857
107.651655
109.589297
113.237143
115.327755
117.564898
119.866122
122.232653
122.972245
123.908980
124.553469
125.513878
126.194286
126.931383
128.027982
128.668163
129.442857
130.436327
131.050204
131.905306
132.570975
133.463673
134.298095
135.247755
135.910272
136.694694
137.684807
138.204717
139.070612
140.049796
140.755918
141.605306
142.563719
143.262857
144.012245
144.926531
145.912653
146.617959
147.492698
148.343492
149.261270
150.452063
151.363810
152.298776
153.090794
153.947937
154.839683
155.784444
157.532698
159.312381
161.060000
163.084490
164.998095
166.588844
167.648435
168.564762
169.448299
170.183311
170.935510
171.654127
172.281905
173.024626
173.703537
174.442857
175.016190
175.640317
176.254286
176.858095
177.507302
178.110476
178.677460
179.240317
179.689524
180.313696
180.841315
181.468163
182.085624
182.610612
183.212245
183.681224
184.113084
184.667302
185.181224
185.604082
186.077098
186.582857
187.115510
187.611837
187.994286
188.474830
190.997370
192.781905
195.134286
197.312698
200.099184
204.392880
205.100000
205.689796
206.324490
206.944898
207.577710
208.266122
208.877551
209.442449
209.970091
210.605714
211.226531
211.818776
212.371429
212.995510
213.584036
214.130023
214.682857
215.328707
217.811429
219.946440
221.899637
223.878957
225.860227
227.612063
229.634331
231.561723
233.389478
235.203401
237.195011
238.987574
240.838912
242.565397
245.215057
248.818186
252.393560
256.066032
259.510113
262.886803
266.191882
269.259546
272.516463
275.796100
278.998231
282.363583
285.453560
289.437007
293.444626
295.601678
297.590023
301.476599
305.610204
312.829433
319.061497
325.144762
331.254921
337.276327
343.111020
349.177959
359.301088
361.561769
363.080136
364.383265
365.407392
366.116054
366.892562
368.000000
369.260000
373.780408
378.032245
382.237778
386.665714
391.362857
398.664762
400.971746
402.620317
404.032381
405.154286
405.957143
406.801224
408.069524
409.914603
413.774921
418.051746
422.439365
426.797460
431.831429
436.537959
439.447302
441.645714
444.482857
446.577370
447.343492
448.016508
448.671746
449.321905
449.980000
450.520000
451.175238
451.773333
452.438730
453.119819
453.746349
454.378413
455.026440
455.620952
456.282857
456.909524
457.703129
458.405306
459.111429
459.819728
460.563265
461.249796
461.942540
462.653333
463.346395
464.100000
464.799592
465.532857
466.216009
467.064444
468.270794
469.666531
471.147347
472.551020
474.170159
475.618503
476.626531
478.708163
479.773016
481.873061
482.576735
483.253764
483.841905
484.456712
485.060635
485.717778
486.299048
486.898413
487.548231
488.156508
488.685397
489.329206
489.998413
490.587937
491.215283
491.751746
492.514354
493.186667
493.768980
494.709841
495.659048
496.470794
497.553016
498.419365
499.280635
500.069841
500.902222
501.904762
502.752245
503.526349
504.331429
504.861905
505.723810
506.446259
507.071111
507.875057
508.452698
509.227619
510.244376
511.068549
511.932109
