0.472971
1.125556
1.764399
2.449116
3.072517
3.696236
4.345669
4.975714
5.559615
6.215828
6.890748
7.523900
8.089705
8.724626
9.372290
10.030068
10.603039
11.320862
11.913696
12.436780
13.145805
13.791701
14.371791
14.996145
15.594785
16.267937
16.828345
17.437460
18.041905
18.620000
19.244580
19.877732
20.505714
21.113061
21.738957
22.370249
22.978005
23.632925
24.243764
24.861882
25.448844
26.116508
26.776825
27.348299
27.888707
28.600091
29.213243
29.737370
30.341497
31.067120
31.541950
32.369297
34.003991
37.629116
39.333923
41.066939
42.827347
44.612245
46.200000
47.931474
49.424490
51.442041
53.252653
54.884490
56.758367
58.249388
60.085306
61.938367
63.966032
65.944490
68.579592
69.360726
70.178707
71.472336
72.436735
73.419592
74.493878
75.582449
77.322676
80.808980
82.580000
84.416735
86.528163
88.656327
90.789615
93.362290
94.836327
96.111837
97.215918
98.202857
99.351655
101.609297
104.511429
106.815918
108.784898
110.866122
112.992653
113.692245
114.408980
114.993469
115.653878
116.294286
116.831383
117.587982
118.048163
118.622857
119.316327
119.950204
120.465306
121.030975
121.663673
122.299683
122.907755
123.390272
124.034694
124.604807
124.964717
125.690612
126.389796
126.875918
127.440000
128.123719
128.722857
129.272245
129.926531
130.400000
131.040000
131.632698
132.243492
132.781270
133.420000
134.123810
134.800000
135.250794
135.967937
136.619683
137.324444
138.652698
140.552381
142.757460
145.424490
147.298095
148.628844
149.608435
150.484762
151.228299
151.886621
152.575510
153.214127
153.740000
154.288209
154.903537
155.782857
156.316190
156.900317
157.474286
157.998095
158.587302
159.150476
159.657460
160.160317
160.589524
161.093696
161.581315
162.116327
162.525624
163.130612
163.652245
164.201224
164.553084
165.076508
165.561224
165.904082
166.417098
166.782857
167.395510
167.811837
168.274286
168.694830
171.437370
173.141905
174.634286
175.672698
177.891837
181.272880
181.997052
182.609796
183.184490
183.844898
184.417710
185.086122
185.677551
186.302449
186.850091
187.445714
188.066531
188.638776
189.191429
189.815510
190.404036
191.010023
191.782857
192.728707
195.897143
197.346440
198.579637
199.838957
201.060227
202.312063
203.574331
205.000000
206.169478
207.323401
208.615011
210.027574
211.178912
212.625397
214.910113
218.198186
221.273560
224.266032
227.210113
230.146803
232.931882
235.619546
238.556463
241.316100
243.998231
246.763583
249.373560
252.457007
255.660771
257.601678
259.250023
262.752109
266.275918
272.009433
277.241497
282.064762
287.074921
291.916327
296.251020
301.197959
310.581088
312.610295
314.300136
315.623265
316.727392
317.856054
319.312562
320.688526
322.381224
327.200408
330.532245
334.077778
337.205714
340.282857
346.444762
348.811746
350.400317
351.532381
352.554286
353.557143
354.941224
356.209524
358.094603
362.374921
365.851746
369.139365
372.537460
375.991429
379.750612
382.847302
385.045714
387.002857
388.657370
389.483492
390.156508
390.771746
391.381905
392.040000
392.500000
393.155238
393.713333
394.338730
394.999819
395.606349
396.198413
396.806440
397.400952
398.002857
398.549524
399.203129
399.845306
400.511429
401.179728
401.843265
402.469796
403.102540
403.733333
404.366395
405.100000
405.700000
406.432857
407.316009
408.824444
410.030794
410.960000
411.927347
413.171020
414.590159
415.718503
417.086531
418.384490
419.613016
422.973061
423.796735
424.513764
425.141905
425.796712
426.360635
426.997778
427.619048
428.298413
428.908231
429.536508
430.145397
430.709206
431.378413
431.987937
432.515283
433.231746
434.011451
434.720000
435.428980
436.349841
437.219048
438.170794
439.114603
439.919365
440.820635
441.669841
442.522222
443.424762
444.252245
444.946349
445.796825
446.581905
447.319048
448.085034
448.731111
449.495057
450.306349
451.007619
451.804376
452.468549
453.272109
