0.332971
1.025556
1.644399
2.309116
2.952517
3.556236
4.205669
4.795714
5.419615
6.035828
6.670748
7.283900
7.979410
8.524626
9.172290
9.790204
10.383039
11.060862
11.613696
12.216780
12.885805
13.491701
14.060000
14.676145
15.234785
15.967937
16.528345
17.157460
17.741905
18.346032
19.024580
19.637732
20.265714
20.853061
21.458957
22.090249
22.678005
23.332925
23.963764
24.561882
25.128844
25.756508
26.456825
27.028299
27.648707
28.240091
28.893243
29.477370
30.284490
31.047120
31.521950
32.189977
33.503991
37.449116
39.573923
41.506939
43.067347
45.212245
46.940000
48.791474
50.820000
52.642041
54.372653
56.344490
58.358367
60.229388
62.065306
63.800000
65.906032
67.844490
70.519592
71.620726
72.578707
73.761678
74.616735
75.584898
76.613878
77.647347
79.062676
81.748980
83.385306
84.956735
86.720000
88.236327
90.169615
92.402290
93.796327
95.671837
96.735918
98.342857
99.651655
102.389297
105.211429
107.095918
109.040000
111.226122
113.572653
114.232245
114.968980
115.653469
116.273878
116.954286
117.571383
118.407982
118.968163
119.622857
120.456327
121.070204
121.565306
122.210975
123.583673
124.299683
124.827755
125.410272
126.074694
126.964807
127.424717
128.310612
129.089796
129.755918
130.325306
131.183719
131.820000
132.392245
133.106531
133.912653
134.577959
135.272698
136.203492
137.241270
138.360000
139.063810
139.998776
140.790794
141.547937
142.319683
143.304444
144.912698
146.432381
148.057460
150.044490
150.998095
151.948844
152.708435
153.484762
154.128299
154.789932
155.435510
156.054127
156.681905
157.268209
157.883537
158.502857
159.036190
159.620317
160.194286
160.778095
161.407302
161.950476
162.437460
162.900317
163.329524
163.813696
164.441315
164.868163
165.265624
165.890612
166.392245
166.821224
167.253084
167.587302
168.061224
168.504082
168.897098
169.322857
169.806531
170.231837
170.694286
171.194830
174.377370
175.741905
176.854286
177.992698
180.627347
183.632880
184.240000
184.869796
185.424490
186.044898
186.657710
187.306122
187.937551
188.502449
189.030091
189.725714
190.326531
190.878776
191.411429
192.055510
192.644036
193.230023
193.842857
194.628707
196.997143
198.466440
199.699637
201.018957
202.500227
203.812063
205.154331
206.541723
207.849478
209.103401
210.395011
211.687574
213.038912
214.205397
215.795057
218.998186
222.433560
225.746032
228.990113
231.986803
234.971882
237.759546
240.676463
243.796100
246.918231
249.723583
252.493560
256.057007
259.840771
261.926712
263.810023
267.836054
271.919184
278.609433
285.301497
291.504762
297.654921
303.856327
309.811020
315.777959
323.141088
325.350295
326.840136
328.003265
329.073923
330.636054
331.812562
333.208526
334.881224
339.860408
344.052245
348.093333
352.280000
356.642857
361.744762
363.751746
365.200317
366.652381
368.314286
369.717143
371.521224
372.969524
375.174603
380.540000
385.371746
389.719365
394.517460
399.591429
404.070612
406.867302
409.205714
411.362857
413.017370
413.723492
414.296508
414.991746
416.281905
416.960000
417.600000
418.215238
418.913333
419.558730
420.219819
420.826349
421.438413
422.046440
422.680952
423.322857
423.929524
424.583129
425.245306
425.891429
426.639728
427.383265
428.089796
428.742540
429.413333
430.086395
430.820000
431.509796
432.172857
432.876009
434.184444
435.543175
436.626531
437.907347
439.571020
441.670159
442.838503
443.846531
445.468163
446.633016
448.933061
449.456735
450.113764
450.681905
451.316712
451.880635
452.537778
453.099048
453.698413
454.348231
454.916508
455.485397
456.009206
456.618413
457.227937
457.835283
458.491746
459.271451
460.086667
461.008980
461.949841
462.895238
463.830794
464.954603
465.739365
466.640635
467.569841
468.442222
469.199048
470.052245
470.666349
471.256825
472.021905
472.483810
473.086259
473.591111
474.175057
474.706349
475.327619
475.684376
476.408549
477.152109
