1.212971
1.905556
2.644399
3.329116
4.092517
4.736236
5.405669
6.135714
6.779615
7.495828
8.170748
8.963900
9.609705
10.364626
10.992290
11.750068
12.363039
13.180862
13.833696
14.536780
15.325805
16.011701
16.691791
17.516145
18.154785
18.947937
19.628345
20.337460
21.041905
21.646032
22.324580
23.077732
23.805714
24.513061
25.178957
25.830249
26.574014
27.332925
28.083764
28.701882
29.448844
30.176508
30.856825
31.508299
32.168707
32.960091
33.613243
34.237370
34.881497
35.607120
36.201950
36.629977
38.163991
42.309116
44.533923
46.326939
47.827347
49.812245
51.536327
53.551474
55.364490
57.342041
59.272653
61.044490
63.138367
64.949388
67.013061
68.938367
71.286032
73.304490
75.959592
77.040726
77.818707
79.192336
80.036735
81.024898
82.093878
83.382449
84.622676
86.988980
88.465306
90.276735
92.108163
93.916327
95.689615
97.782290
99.156327
100.691837
102.135918
103.488571
104.891655
106.689297
108.911429
110.575918
112.584898
114.366122
116.412653
117.072245
117.848980
118.573469
119.193878
120.034286
120.791383
121.687982
122.304490
123.062857
124.336327
124.950204
125.425306
126.190975
126.963673
128.199683
129.007755
129.610272
130.434694
131.339229
131.964717
132.750612
133.569796
134.235918
135.025306
135.843719
136.502857
137.252245
138.006531
138.832653
139.537959
140.252698
141.063492
141.881270
142.852063
143.703810
144.638776
145.350794
146.127937
146.979683
147.804444
149.420000
150.792381
152.497460
154.424490
155.760000
156.808844
157.648435
158.404762
159.228299
159.903311
160.595510
161.274127
162.121905
162.728209
163.763537
164.942857
165.676190
166.380317
167.102857
167.838095
168.687302
169.490476
170.357460
170.960317
171.532381
172.553696
173.041315
173.808163
174.205624
175.230612
176.192245
176.661224
177.153084
177.927302
178.521224
179.084082
179.497098
180.120000
180.835510
181.311837
181.825714
182.180000
184.537370
185.561905
186.674286
187.712698
189.131837
190.832880
191.557052
192.209796
192.924490
193.664898
194.237710
194.946122
195.577551
196.262449
196.910091
197.585714
198.306531
198.898776
199.620000
200.255510
200.964036
201.530023
202.162857
202.948707
205.017143
206.506440
207.259637
208.538957
209.840227
210.952063
212.274331
213.501723
214.729478
215.803401
216.995011
218.147574
219.278912
220.485397
221.855283
225.283673
228.873560
232.186032
235.530113
239.106803
242.391882
245.779546
249.116463
252.296100
255.471156
258.923583
262.213560
266.517007
270.780771
272.893424
274.890023
278.724218
282.914286
288.269433
294.021497
298.904762
304.144762
309.556327
314.711020
320.317959
327.780000
328.930295
330.260136
331.623265
332.907392
334.356054
336.092562
337.508526
338.580000
342.820408
347.012245
350.937778
355.305714
359.482857
364.924762
366.371746
367.920317
369.312381
370.734286
371.857143
373.381224
374.909524
376.554603
380.634921
384.731746
389.179365
393.017460
397.311429
401.670612
405.427302
408.785714
411.422857
414.217370
414.923492
415.596508
416.251746
417.001905
417.760000
418.440000
419.115238
419.873333
420.518730
421.219819
421.966349
422.636825
423.386440
424.100952
424.802857
425.429524
426.363129
427.045306
427.711429
428.379728
429.103265
429.749796
430.402540
431.033333
431.686395
432.400000
433.069796
433.852857
434.576009
435.984444
437.413968
438.866531
440.187347
441.511020
443.170159
444.698503
445.866531
448.068163
449.493016
452.313061
453.096735
453.853764
454.541905
455.216712
455.840635
456.577778
457.279048
458.018413
458.648231
459.396508
459.965397
460.689206
461.378413
462.147937
462.875283
463.511746
464.291451
465.066667
465.828980
466.589841
467.339048
468.090794
468.754603
469.539365
470.260635
471.029841
471.822222
472.544762
473.712245
474.526349
475.374603
475.981905
476.583810
477.266259
477.891111
478.475057
479.086349
479.827619
480.644376
481.648549
482.352109
