0.472971
1.125556
1.684399
2.349116
2.952517
3.496236
4.105669
4.675714
5.299615
5.855828
6.470748
7.063900
7.669705
8.244626
8.812290
9.430068
10.003039
10.620862
11.213696
11.796780
12.445805
13.051701
13.631791
14.236145
14.794785
15.467937
16.068345
16.660000
17.241905
17.806032
18.444580
19.057732
19.685714
20.273061
20.838957
21.450249
22.054014
22.672925
23.263764
23.861882
24.428844
25.036508
25.696825
26.208299
26.788707
27.420091
28.033243
28.557370
29.161497
29.767120
30.201950
30.859637
32.303991
37.189116
39.373923
41.466939
43.067347
45.212245
46.920000
48.811474
50.724490
52.622041
54.072653
55.844490
57.798367
59.309388
61.205306
62.858367
64.846032
66.684490
69.719592
70.820726
71.818707
72.881678
73.836735
74.704898
75.753878
76.782449
78.402676
81.148980
82.865306
84.716735
86.448163
88.656327
90.609615
93.362290
94.836327
96.331020
97.635918
98.722857
100.311655
103.929297
106.691429
108.595918
110.944898
114.026122
116.992653
117.672245
118.388980
119.093469
119.773878
120.394286
121.191383
122.007982
122.508163
123.082857
124.076327
124.710204
125.370612
126.130975
126.823673
127.739683
128.507755
129.310272
130.214694
131.124807
131.724717
132.570612
133.389796
134.335918
135.165306
136.043719
136.682857
137.432245
138.366531
139.292653
140.097959
140.812698
141.623492
142.441270
143.472063
144.303810
145.238776
145.870794
146.627937
147.419683
148.424444
150.132698
152.072381
154.157460
156.855102
159.000000
160.108844
161.028435
161.884762
162.688299
163.366621
164.035510
164.654127
165.341905
165.928209
166.480000
167.062857
167.616190
168.060317
168.634286
169.158095
169.707302
170.230476
170.717460
171.220317
171.649524
172.053696
172.641315
173.088163
173.505624
174.050612
174.552245
175.021224
175.433084
175.927302
176.321224
176.664082
177.037098
177.482857
177.955510
178.351837
178.762857
179.174830
182.957370
184.461905
186.594286
187.612698
189.399184
192.192880
192.760000
193.329796
193.904490
194.464898
194.997710
195.646122
196.217551
196.782449
197.310091
197.925714
198.526531
199.078776
199.631429
200.255510
200.824036
201.390023
201.982857
202.768707
207.237143
209.046440
210.757823
212.218957
213.720227
214.972063
216.494331
217.821723
219.489478
220.963401
222.515011
224.227574
225.398912
226.865397
228.975057
232.658186
235.873560
239.306032
242.590113
246.026803
249.231882
252.499546
255.736463
258.876100
262.058231
265.683583
268.653560
272.377007
276.280771
278.501678
280.330023
284.456054
288.499184
296.109433
304.041497
310.404762
316.714921
322.936327
328.871020
334.897959
342.781088
344.930295
346.460136
347.783265
349.179138
350.316054
351.432562
352.988526
354.641224
359.160408
363.200000
366.837778
370.765714
374.642857
379.844762
381.511746
383.080317
384.512381
385.914286
386.897143
387.801224
388.900000
390.909206
395.234921
398.911746
402.819365
406.797460
410.694286
413.590612
417.047302
419.665714
422.162857
424.217370
424.923492
425.596508
426.211746
426.840000
427.400000
428.020000
428.495238
429.173333
429.718730
430.319819
430.926349
431.518413
432.086440
432.660952
433.262857
433.849524
434.583129
435.225306
435.931429
436.659728
437.403265
438.089796
438.782540
439.473333
440.166395
440.920000
441.589796
442.272857
442.960000
444.122222
445.450794
446.646531
448.087347
449.451020
450.830159
451.938503
452.886531
453.948163
454.680000
456.953061
457.616735
458.233764
458.821905
459.476712
460.000635
460.617778
461.219048
461.838413
462.488231
463.056508
463.605397
464.189206
464.838413
465.447937
466.222268
466.951746
467.691451
468.446667
469.188980
469.889841
471.424762
472.830794
474.074603
475.039365
476.180635
477.189841
478.702222
479.464762
480.332245
480.986349
481.696825
482.361905
483.023810
483.586259
484.191111
484.795057
485.506349
486.087619
487.364376
488.745646
490.172109
