0.952971
1.685556
2.384399
3.049116
3.672517
4.296236
4.945669
5.575714
6.179615
6.835828
7.470748
8.063900
8.709705
9.304626
9.912290
10.530068
11.123039
11.780862
12.393696
12.976780
13.665805
14.331701
14.951791
15.596145
16.194785
16.847937
17.408345
18.057460
18.661905
19.246032
19.844580
20.477732
21.305714
21.933061
22.538957
23.270249
23.858005
24.492925
25.063764
25.663764
26.248844
26.956508
27.676825
28.248299
28.888707
29.460091
30.093243
30.677370
31.361497
32.087120
32.521950
33.269977
34.643991
38.349116
40.293923
41.866939
43.647347
45.512245
47.160000
49.151474
50.824490
52.782041
54.572653
56.464490
58.398367
60.169388
62.265306
64.300000
66.686032
68.344490
71.019592
72.040726
72.878707
74.181678
74.976735
75.884898
76.893878
77.982449
79.162676
81.168980
82.685306
84.416735
86.248163
87.716327
89.849615
92.684580
93.656327
95.031837
95.995918
97.362857
98.791655
101.829297
104.811429
106.395918
108.364898
110.646122
113.012653
113.712245
114.628980
115.473469
116.293878
117.114286
118.002766
119.027982
119.628163
120.382857
121.296327
122.250204
123.105306
123.870975
125.043673
125.679683
126.547755
127.760544
128.654694
129.544807
130.364717
131.390612
132.309796
133.035918
134.085306
135.103719
135.802857
136.925714
137.826531
138.832653
139.937959
140.652698
141.563492
142.561270
143.592063
144.523810
145.638776
146.430794
147.427937
148.379683
149.304444
151.232698
152.932381
154.817460
156.884490
158.238095
159.188844
159.968435
160.804762
161.628299
162.383311
163.075510
163.734127
164.381905
164.968209
165.583537
166.242857
166.776190
167.360317
167.934286
168.498095
169.087302
169.650476
170.217460
170.860317
171.369524
171.793696
172.441315
172.888163
173.425624
174.130612
174.672245
175.241224
175.793084
176.307302
176.901224
177.484082
177.837098
178.462857
179.035510
179.531837
180.071429
180.654830
184.017370
185.661905
187.914286
189.432698
191.531837
195.240000
195.797052
196.529796
197.104490
197.844898
198.417710
199.186122
199.757551
200.502449
201.070091
201.745714
202.526531
203.198776
203.791429
204.435510
205.284036
205.990023
206.682857
207.468707
209.777143
211.426440
213.139637
214.698957
216.180227
217.532063
219.354331
220.941723
222.449478
223.943401
225.555011
227.087574
228.178912
230.965397
233.575057
237.178186
240.433560
243.626032
246.750113
250.186803
253.291882
256.439546
259.936463
263.016100
266.198231
269.423583
272.853560
276.957007
281.080771
283.423356
285.630023
289.896327
294.539184
303.429433
309.381497
315.224762
321.114921
327.236327
333.191020
339.557959
349.461088
351.550295
353.000136
354.223265
355.442177
356.856054
358.480499
360.888526
363.120000
368.320408
372.112245
375.997778
380.005714
384.022857
390.204762
393.291746
394.820317
396.112381
397.394286
399.045714
401.141224
403.669524
406.314603
410.654921
414.411746
418.979365
422.337460
427.371429
431.690612
433.967302
435.905714
437.482857
439.397370
440.103492
440.696508
441.351746
441.941905
442.620000
443.200000
443.800000
444.453333
445.118730
445.819819
446.426349
446.998413
447.646440
448.280952
448.882857
449.549524
450.423129
451.145306
451.851429
452.579728
453.383265
454.089796
454.802540
455.513333
456.206395
456.960000
457.689796
458.412857
459.136009
460.044444
461.010794
462.046531
463.287347
464.571020
466.330159
468.058503
469.346531
471.348163
472.913016
476.433061
477.136735
477.913764
478.501905
479.136712
479.800635
480.477778
481.119048
481.838413
482.488231
483.176508
483.845397
484.429206
485.218413
485.927937
486.735283
487.431746
488.551451
489.306667
490.048980
490.729841
491.479048
492.230794
492.934603
493.699365
494.500635
495.269841
496.162222
497.243810
498.312245
499.186349
500.131429
500.927619
501.683810
502.386259
503.211111
504.015057
504.866349
505.747619
506.686259
507.768549
508.812109
