1.712971
2.325556
2.884399
3.449116
3.972517
4.516236
5.065669
5.595714
6.060000
6.635828
7.230748
7.740000
8.249705
8.784626
9.312290
9.870068
10.380000
10.920862
11.380000
11.856780
12.405805
12.931701
13.471791
13.996145
14.534785
15.007937
15.568345
16.137460
16.621905
17.146032
17.584580
18.157732
18.745714
19.173061
19.758957
20.290249
20.818005
21.352925
21.863764
22.461882
22.968844
23.536508
24.016825
24.388299
25.008707
25.600091
26.113243
26.497370
27.041497
27.627120
28.081950
28.509977
29.243991
32.409116
34.673923
36.586939
38.287347
40.272245
42.156327
44.111474
45.924490
48.022041
50.152653
51.604490
53.618367
55.489388
57.345306
59.038367
61.206032
63.004490
65.679592
66.860726
67.898707
68.892336
69.716735
70.394694
71.293878
72.332245
73.302676
75.388980
76.905306
78.696735
80.548163
81.996327
83.929615
86.042290
87.236327
88.971837
90.595918
92.162857
93.591655
96.229297
99.131429
100.855918
102.104898
103.786122
106.032653
106.752245
107.448980
108.173469
108.853878
109.674286
110.151383
110.847982
111.468163
112.082857
112.776327
113.470204
114.005306
114.710975
115.603673
116.239683
116.847755
117.390272
118.094694
118.984807
119.404717
120.170612
120.969796
121.595918
122.340000
123.103719
123.782857
124.452245
125.126531
125.932653
126.597959
127.252698
128.023492
128.841270
129.992063
130.803810
131.618776
132.190794
132.967937
133.799683
134.644444
135.912698
137.492381
139.237460
141.124490
142.398095
143.428844
144.248435
145.044762
145.768299
146.363311
146.955510
147.534127
148.061905
148.648209
149.100000
149.622857
150.116190
150.600317
151.054286
151.558095
152.087302
152.450476
152.897460
153.360317
153.769524
154.193696
154.681315
155.108163
155.525624
155.970612
156.432245
156.941224
157.313084
157.687302
158.121224
158.484082
158.837098
159.282857
159.715510
160.151837
160.534286
160.914830
163.000000
164.181905
165.794286
166.872698
168.311837
171.132880
171.540000
172.020000
172.504490
173.064898
173.597710
174.246122
174.677551
175.182449
175.670091
176.325714
176.806531
177.320000
177.771429
178.335510
178.824036
179.370023
179.942857
180.248707
183.037143
184.506440
185.659637
187.018957
188.160227
189.352063
190.714331
191.921723
193.109478
194.123401
195.555011
196.787574
197.918912
199.105397
200.650340
203.798186
206.793560
209.806032
212.830113
215.906803
218.871882
221.879546
224.716463
227.616100
230.478231
233.423583
236.433560
240.017007
243.620771
245.661678
247.450159
251.456054
255.679184
261.349433
267.041497
272.724762
278.514921
284.136327
289.631020
295.157959
303.521088
305.570295
307.080136
308.532653
309.787392
310.976054
311.612562
312.888526
314.301224
318.460408
322.552245
326.637778
330.805714
334.862857
341.524762
344.540635
346.920317
348.392381
349.594286
350.757143
351.721224
353.209524
354.654603
358.594921
362.511746
366.779365
370.737460
374.971429
378.410612
381.247302
383.425714
385.702857
387.397370
388.103492
388.776508
389.431746
390.081905
390.640000
391.160000
391.700000
392.173333
392.738730
393.359819
393.826349
394.398413
394.926440
395.440952
396.022857
396.589524
397.543129
398.265306
398.971429
399.599728
400.323265
400.949796
401.682540
402.413333
403.086395
403.820000
404.489796
405.172857
405.876009
406.822222
407.850794
408.866531
410.187347
411.431020
412.510159
413.538503
414.606531
415.648163
416.633016
418.553061
419.256735
419.813764
420.261905
420.820000
421.340635
421.797778
422.319048
422.860000
423.388231
423.896508
424.360000
424.869206
425.458413
425.947937
426.475283
426.951746
427.691451
428.486667
429.228980
429.989841
431.110476
431.930794
433.067619
433.859365
434.840635
435.749841
436.782222
437.724762
439.092245
439.852698
440.824127
441.341905
442.023810
442.712517
443.211111
443.775057
444.406349
445.067619
445.724376
446.568549
447.232109
