0.232971
0.905556
1.484399
2.109116
2.652517
3.276236
3.865669
4.455714
5.059615
5.635828
6.250748
6.823900
7.429705
8.004626
8.572290
9.190068
9.763039
10.400862
10.993696
11.440000
12.085805
12.671701
13.231791
13.836145
14.434785
15.067937
15.628345
16.257460
16.781905
17.366032
17.964580
18.577732
19.225714
19.793061
20.338957
20.950249
21.538005
22.172925
22.823764
23.341882
23.908844
24.496508
25.156825
25.708299
26.328707
26.860091
27.473243
28.017370
28.621497
29.227120
29.721950
30.869977
32.143991
37.089116
39.433923
41.666939
43.447347
45.692245
47.696327
49.931474
52.184490
54.402041
56.332653
58.404490
60.618367
62.529388
64.605306
66.678367
69.286032
71.484490
74.859592
75.780726
76.678707
77.741678
78.600816
79.564898
80.693878
81.622449
83.062676
85.808980
87.725306
89.636735
91.988163
94.396327
96.629615
99.082290
100.556327
103.171837
104.155918
105.882857
107.811655
110.449297
112.791429
114.955918
117.209796
120.406122
123.532653
124.192245
124.968980
125.673469
126.413878
127.214286
127.791383
128.747982
129.288163
130.002857
130.856327
131.570204
132.210612
132.970975
133.763673
134.639683
135.867755
136.450272
137.234694
138.104807
138.504717
139.530612
140.369796
141.103673
141.865306
142.503719
142.922857
144.312245
145.066531
146.072653
146.817959
147.532698
148.363492
149.181270
150.520000
151.563810
152.558776
153.310794
154.187937
155.299683
156.344444
158.172698
159.572381
161.337460
164.064490
166.138095
167.888844
169.328435
170.394286
171.268299
171.943311
172.595510
173.194127
173.781905
174.368209
174.983537
175.622857
176.216190
176.780317
177.354286
177.918095
178.514603
179.150476
179.737460
180.300317
180.829524
181.413696
182.001315
182.648163
183.205624
183.810612
184.412245
185.061224
185.673084
186.167302
186.741224
187.304082
187.777098
188.388571
188.995510
189.531837
189.994286
190.554830
193.797370
195.581905
197.054286
198.872698
202.771837
209.072880
209.797052
210.369796
210.944490
211.564898
212.137710
212.786122
213.337551
213.902449
214.390091
214.985714
215.566531
216.098776
216.611429
217.215510
217.784036
218.350023
218.942857
219.408707
221.757143
223.046440
224.219637
225.518957
226.740227
227.952063
229.294331
230.781723
232.009478
233.203401
234.475011
235.847574
237.058912
238.285397
240.035057
243.532744
246.853560
250.226032
253.550113
257.086803
260.391882
263.719546
267.036463
270.236100
273.458231
276.483583
279.713560
283.777007
288.080771
290.228390
292.160136
296.476054
300.637551
308.929433
315.101497
321.004762
327.214921
333.156327
338.911020
344.917959
354.281088
356.130295
357.880136
359.663265
361.405669
362.856054
364.312562
366.468526
368.521224
373.820408
378.392245
383.017778
387.525714
392.285714
397.404762
399.651746
401.040317
402.492381
403.874286
405.217143
406.421224
408.109524
410.254603
415.074921
419.571746
424.219365
428.797460
433.731429
438.850612
441.367302
444.045714
446.282857
448.497370
449.163492
449.796508
450.411746
451.001905
451.660000
452.140000
452.700000
453.320000
453.918730
454.579819
455.086349
455.580000
456.206440
456.800952
457.342857
457.929524
458.643129
459.325306
459.991429
460.659728
461.343265
461.989796
462.622540
463.253333
463.900000
464.580000
465.229796
465.852857
466.496009
467.624444
468.903175
470.386531
471.547347
473.151020
474.830159
476.338503
477.826531
479.468163
480.813016
484.513061
485.136735
485.753764
486.301905
486.936712
487.480635
488.077778
488.639048
489.258413
489.888231
490.456508
491.025397
491.589206
492.238413
492.847937
493.355283
493.951746
494.571451
495.286667
495.848980
496.409841
497.679048
498.530794
499.574603
500.379365
501.524444
502.389841
503.182222
504.024762
504.892245
505.566349
506.324127
506.861905
507.463810
508.126259
508.711111
509.275057
509.986349
510.687619
511.404376
512.228549
512.992109
