0.332971
0.925556
1.504399
1.969116
2.572517
3.036236
3.605669
4.080000
4.639615
5.135828
5.670748
6.223900
6.829705
7.344626
7.932290
8.370068
8.863039
9.440862
9.893696
10.400000
10.905805
11.431701
11.991791
12.556145
13.014785
13.547937
14.048345
14.597460
15.121905
15.586032
16.084580
16.697732
17.225714
17.713061
18.258957
18.730249
19.278005
19.832925
20.343764
20.921882
21.448844
21.996508
22.556825
23.068299
23.628707
24.060091
24.633243
25.217370
25.821497
26.527120
26.941950
27.329977
28.783991
33.629116
35.853923
37.946939
39.947347
42.332245
44.096327
46.191474
48.244490
50.422041
52.752653
54.884490
56.958367
58.709388
60.545306
62.478367
65.066032
67.504490
70.859592
72.040726
72.758707
73.832336
74.730204
75.524898
76.473878
77.422449
78.782676
81.648980
83.345306
85.176735
87.348163
89.216327
91.289615
93.662290
95.056327
96.671837
98.075918
99.562857
101.091655
103.809297
106.651429
108.715918
110.684898
112.786122
115.180000
115.832245
116.548980
117.293469
118.033878
118.825714
119.371383
120.251927
120.968163
121.722857
122.456327
123.350204
124.005306
124.670975
125.463673
126.419683
127.727755
128.310272
129.294694
130.584807
131.184717
132.150612
133.009796
133.875918
134.905306
135.983719
136.782857
137.652245
138.746531
139.632653
140.717959
141.672698
142.563492
143.601270
144.832063
145.843810
146.878776
147.690794
148.667937
149.779683
150.824444
152.592698
153.772381
155.337460
157.424490
158.880000
160.048844
161.008435
162.004762
162.888299
163.743311
164.515510
165.374127
166.081905
166.768209
167.443537
168.322857
168.856190
169.520317
170.174286
170.778095
171.496508
172.090476
172.717460
173.220317
173.729524
174.333696
174.821315
175.268163
175.665624
176.370612
176.936735
177.521224
177.893084
178.367302
178.801224
179.244082
179.617098
180.122857
180.635510
181.151837
181.554286
182.074830
185.397370
186.601905
188.354286
189.512698
191.419184
194.392880
195.080000
195.560000
196.044490
196.604898
197.077710
197.560000
198.080000
198.622449
199.150091
199.565714
200.146531
200.678776
201.111429
201.655510
202.164036
202.690023
203.242857
203.988707
206.357143
207.746440
208.919637
210.278957
211.760227
213.212063
214.634331
216.221723
217.469478
218.543401
220.135011
221.547574
222.798912
224.185397
226.315057
229.718186
233.213560
236.646032
239.990113
243.286803
246.531882
249.639546
253.116463
256.296100
259.438231
262.603583
265.433560
268.917007
272.180771
274.141678
275.850023
279.440272
283.019184
288.029433
293.421497
298.824762
304.154921
309.476327
314.791020
320.057959
327.041088
329.090295
330.380136
331.783265
332.927392
333.736054
334.772562
336.308526
338.201224
343.280408
347.512245
351.677778
356.025714
360.202857
365.024762
367.251746
368.680317
370.072381
371.214286
372.017143
373.081224
374.589524
377.014603
381.574921
385.731746
389.999365
394.337460
398.751429
403.730612
405.967302
408.185714
410.482857
412.737370
413.543492
414.316508
414.971746
415.681905
416.360000
417.000000
417.555238
418.173333
418.678730
419.319819
419.820000
420.358413
420.886440
421.400952
422.002857
422.589524
423.403129
424.065306
424.731429
425.419728
426.123265
426.769796
427.422540
428.073333
428.726395
429.420000
430.069796
430.752857
431.436009
432.773333
434.190794
435.586531
437.267347
438.611020
440.350159
441.855510
443.046531
444.848163
446.073016
449.093061
449.856735
450.413764
450.901905
451.456712
451.980000
452.497778
453.019048
453.578413
454.148231
454.660000
455.180000
455.709206
456.258413
456.867937
457.555283
458.271746
459.051451
459.806667
460.428980
461.249841
462.259048
463.070794
464.074603
464.859365
465.800635
466.949841
467.862222
468.504762
469.352245
470.566349
471.216825
471.721905
472.403810
473.166259
473.875556
474.675057
475.266349
476.127619
477.204376
478.168549
479.132109
