0.652971
1.305556
1.824399
2.309116
3.032517
3.600000
3.725669
4.155714
4.600000
5.075828
5.520000
6.003900
6.489705
6.964626
7.452290
7.950068
8.383039
8.860862
9.353696
9.816780
10.305805
10.831701
11.291791
11.816145
12.254785
12.787937
13.228345
13.737460
14.240000
14.706032
15.144580
15.677732
16.225714
16.653061
17.258957
17.750249
18.098005
18.692925
19.143764
19.681882
20.168844
20.600000
21.080000
21.628299
22.048707
22.600091
23.093243
23.597370
24.181497
25.227120
25.681950
26.089977
26.743991
29.749116
31.813923
33.786939
35.307347
37.192245
38.960000
40.811474
42.560000
44.402041
46.132653
47.880000
49.558367
50.940000
52.525306
54.058367
56.146032
58.024490
60.639592
61.500726
62.558707
63.532336
64.416735
65.284898
66.273878
67.182449
68.562676
71.088980
72.685306
74.436735
76.208163
77.876327
79.229615
81.360000
82.676327
83.871837
84.775918
86.162857
87.411655
89.749297
92.431429
94.375918
96.344898
98.286122
100.512653
101.172245
101.808980
102.633469
103.273878
103.874286
104.491383
105.307982
105.788163
106.402857
107.076327
107.750204
108.285306
108.890975
109.943673
110.599683
111.207755
111.750272
112.514694
113.424807
114.104717
114.930612
115.749796
116.475918
117.405306
118.283719
118.562857
119.443673
120.526531
121.492653
122.277959
122.992698
123.843492
124.601270
125.692063
126.563810
127.418776
128.210794
129.007937
130.099683
131.064444
132.832698
134.692381
136.657460
139.060408
140.680000
141.768844
142.608435
143.364762
144.048299
144.663311
145.315510
146.014127
146.641905
147.228209
147.843537
148.482857
149.056190
149.660317
150.234286
150.798095
151.469206
152.030476
152.617460
153.180317
153.789524
154.213696
154.881315
155.348163
155.765624
156.530612
157.064490
157.561224
158.093084
158.527302
159.041224
159.384082
159.917098
160.382857
160.975510
161.451837
161.934286
162.554830
165.237370
166.901905
168.354286
169.392698
172.031837
174.780000
175.200000
175.680000
176.084490
176.664898
177.060000
177.606122
178.177551
178.702449
179.070091
179.545714
180.066531
180.578776
180.931429
181.375510
181.944036
182.410023
183.082857
183.888707
186.357143
188.046440
189.519637
190.938957
192.280227
193.592063
195.054331
196.621723
197.849478
199.023401
200.375011
201.727574
202.938912
204.545397
206.135057
209.418186
213.033560
216.306032
219.490113
222.926803
226.011882
228.939546
231.976463
234.796100
237.598231
240.483583
243.513560
247.197007
250.880771
252.681678
254.250068
257.576054
260.999184
267.849433
272.721497
277.564762
282.534921
287.476327
292.071020
297.057959
303.201088
304.410295
305.560272
306.703265
307.607392
308.436054
309.352562
310.468526
311.340000
315.200408
318.532245
321.797778
324.945714
328.522857
332.840000
334.231746
335.440317
336.552381
337.374286
338.157143
339.081224
340.049524
341.054603
344.714921
348.140000
351.699365
354.797460
358.691429
361.530612
364.167302
367.465714
369.222857
371.097370
372.143492
372.816508
373.471746
374.000000
374.560000
375.000000
375.560000
376.153333
376.618730
377.220000
377.626349
378.118413
378.486440
379.120952
379.622857
380.089524
380.763129
381.365306
381.971429
382.599728
383.283265
383.640000
384.562540
385.200000
385.820000
386.480000
387.149796
387.832857
388.300000
388.944444
389.990794
391.006531
392.167347
393.411020
394.850159
395.818503
396.839592
397.720000
398.673016
400.133061
400.716735
401.173764
401.720000
402.256712
402.720635
403.217778
403.759048
404.220000
404.768231
405.256508
405.760000
406.229206
406.778413
407.320000
407.775283
408.191746
408.811451
409.466667
410.008980
410.589841
411.299048
411.970794
412.594603
413.159365
413.800635
414.389841
415.002222
415.624762
416.212245
416.666349
417.356825
417.821905
418.463810
419.006259
419.591111
420.235057
420.726349
421.287619
422.164376
423.045646
423.932109
