0.392971
0.945556
1.544399
2.149116
2.752517
3.276236
3.865669
4.435714
4.999615
5.655828
6.230748
6.803900
7.349705
7.944626
8.532290
9.150068
9.723039
10.360862
10.913696
11.456780
12.065805
12.631701
13.211791
13.816145
14.374785
14.847937
15.508345
16.137460
16.681905
17.186032
17.744580
18.357732
19.005714
19.553061
20.138957
20.710249
21.298005
21.912925
22.483764
23.081882
23.608844
24.160000
24.756825
25.388299
26.008707
26.600091
27.213243
27.797370
28.381497
29.087120
30.123900
30.589977
31.543991
36.089116
38.373923
40.586939
42.707347
45.412245
47.440000
49.731474
52.004490
54.504082
56.472653
58.764490
61.178367
63.049388
65.125306
67.158367
69.646032
71.904490
74.559592
75.420726
76.358707
77.212336
78.133878
79.044898
79.913878
80.822449
82.350703
85.448980
87.225306
89.156735
91.008163
92.916327
95.089615
97.902290
99.750204
102.191837
103.575918
105.302857
106.931655
110.529297
113.431429
115.295918
117.564898
119.586122
122.432653
123.172245
123.908980
124.633469
125.473878
126.294286
126.976599
127.827982
128.388163
129.062857
129.976327
130.670204
131.265306
131.950975
133.043673
133.719683
134.407755
135.010272
135.694694
136.564807
137.204717
138.060000
138.729796
139.395918
140.205306
141.043719
141.742857
142.472245
143.246531
144.072653
144.777959
145.492698
146.383492
147.241270
148.340000
149.183810
149.958776
150.690794
151.467937
152.279683
153.144444
154.652698
156.492381
158.577460
160.684490
162.038095
163.060000
163.968435
164.644762
165.308299
165.903311
166.475510
167.054127
167.681905
168.368209
168.983537
169.622857
170.176190
170.760317
171.374286
171.938095
172.527302
173.110476
173.677460
174.180317
174.769524
175.173696
175.681315
176.228163
176.768118
177.331837
177.912245
178.361224
178.853084
179.227302
179.721224
180.124082
180.677098
181.062857
181.495510
182.091837
182.494286
183.034830
186.257370
187.621905
189.474286
190.812698
193.111020
196.472880
197.037052
197.609796
198.104490
198.704898
199.237710
199.886122
200.440000
200.942449
201.390091
201.985714
202.606531
203.178776
203.651429
204.215510
204.804036
205.330023
205.922857
206.368707
209.997143
211.626440
212.719637
214.138957
215.420227
216.752063
218.194331
219.641723
220.989478
222.283401
223.515011
225.007574
226.178912
227.365397
229.035057
232.238186
235.253560
238.206032
241.090113
244.086803
247.051882
250.019546
252.896463
255.876100
258.838231
261.883583
264.793560
268.577007
272.280771
274.381678
276.080181
279.876054
283.779184
290.729433
297.161497
303.144762
309.489206
315.596327
321.551020
327.977959
337.161088
339.250295
341.140136
342.762857
344.361315
345.836054
347.332562
348.988526
351.201224
356.240408
360.652245
365.077778
369.605714
374.162857
380.464762
382.731746
384.160317
385.692381
387.314286
388.637143
389.881224
391.300000
393.294603
397.934921
402.271746
406.699365
411.057460
415.811429
419.730612
422.794603
424.997143
426.845714
428.737370
429.443492
430.016508
430.671746
431.180000
431.580000
432.080000
432.635238
433.213333
433.758730
434.339819
434.926349
435.478413
436.046440
436.660952
437.242857
437.909524
438.923129
439.685306
440.471429
441.259728
442.063265
442.829796
443.602540
444.373333
445.186395
446.020000
446.809796
447.652857
448.376009
450.564444
452.273968
453.386531
454.642041
456.151020
458.050159
459.318503
460.386531
461.988163
463.020000
465.553061
466.256735
466.793764
467.361905
467.956712
468.480635
469.057778
469.619048
470.218413
470.808231
471.340000
471.905397
472.449206
473.058413
473.627937
474.235283
474.871746
475.631451
476.453333
477.388980
478.309841
479.219048
480.310794
481.094603
481.879365
482.920635
483.849841
484.846667
485.804762
486.712245
487.298730
488.716825
489.321905
490.143810
490.906259
491.651111
492.415057
493.186349
494.007619
494.844376
495.708549
496.452109
