0.492971
1.105556
1.764399
2.409116
3.072517
3.620000
4.265669
4.875714
5.499615
6.175828
6.790748
7.363900
8.009705
8.664626
9.252290
9.870068
10.443039
11.120862
11.713696
12.356780
13.065805
13.731701
14.371791
15.016145
15.614785
16.267937
16.868345
17.517460
18.141905
18.726032
19.364580
19.977732
20.665714
21.273061
21.878957
22.510249
23.098005
23.792925
24.423764
25.101882
25.688844
26.316508
26.976825
27.508299
28.108707
28.700091
29.393243
29.917370
30.541497
31.287120
32.235601
32.909977
34.523991
38.629116
40.733923
42.646939
44.607347
46.772245
48.540000
50.451474
52.604490
54.582041
56.732653
58.504490
60.678367
62.529388
64.565306
66.838367
69.306032
71.444490
74.159592
75.120726
75.958707
76.912336
77.536735
78.404898
79.313878
80.502449
81.842676
84.988980
86.285306
87.736735
89.588163
91.176327
92.929615
95.100000
95.916327
96.911837
97.775918
98.722857
100.331655
102.809297
105.411429
107.195918
109.004898
111.066122
113.692653
114.692245
115.508980
116.153469
117.213878
117.914286
118.491383
119.327982
120.148163
120.762857
121.556327
122.390204
123.145306
123.810975
124.743673
125.439683
126.167755
127.090272
128.054694
128.884807
129.704717
130.650612
131.609796
132.475918
133.350612
134.143719
134.642857
135.732245
136.866531
137.812653
138.597959
139.472698
140.503492
141.321270
142.632063
143.543810
144.478776
145.250794
146.007937
147.159683
148.084444
149.792698
151.532381
153.337460
156.904490
158.778095
160.308844
161.528435
162.564762
163.516599
164.303311
165.215510
166.054127
166.801905
167.508209
168.183537
168.922857
169.516190
170.100317
170.674286
171.198095
171.787302
172.230476
172.677460
173.120317
173.529524
174.113696
174.460000
174.788163
175.185624
175.650612
176.092245
176.541224
176.813084
177.147302
177.521224
177.944082
178.297098
178.722857
179.175510
179.591837
179.954286
180.474830
183.197370
184.401905
186.174286
187.432698
189.186531
192.792880
193.397052
194.009796
194.584490
195.224898
195.797710
196.446122
197.137551
197.742449
198.270091
198.945714
199.586531
200.238776
200.751429
201.435510
202.084036
202.730023
203.322857
204.068707
207.257143
209.046440
210.919637
212.598957
214.340227
215.952063
217.774331
219.801723
221.589478
222.983401
225.015011
227.227574
228.398912
230.005397
232.875057
236.292744
239.713560
243.306032
246.710113
250.166803
253.411882
256.519546
259.656463
263.016100
266.458231
269.863583
273.127120
276.657007
280.060771
281.761678
283.270023
286.436054
289.559184
294.809433
301.741497
308.084762
314.284762
320.656327
326.731020
333.037959
341.481088
343.470295
344.780136
345.913061
346.967392
347.976054
349.112562
350.688526
352.241224
357.340408
361.972245
366.117778
370.685714
375.142857
381.364762
383.851746
385.340317
386.372381
387.394286
388.397143
389.481224
391.009524
392.914603
397.634921
402.111746
406.419365
410.977460
415.591429
417.530612
419.147302
420.805714
422.382857
424.017370
424.903492
425.596508
426.251746
426.921905
427.560000
428.080000
428.700000
429.353333
429.918730
430.519819
431.066349
431.618413
432.226440
432.840952
433.402857
434.069524
434.983129
435.745306
436.551429
437.259728
438.063265
438.769796
439.582540
440.353333
441.126395
441.920000
442.669796
443.432857
444.516009
445.804444
447.050794
448.266531
449.587347
451.531020
453.770159
454.758503
455.786531
456.768163
457.753016
460.453061
461.116735
461.713764
462.261905
462.896712
463.400635
464.017778
464.559048
465.158413
465.748231
466.316508
466.865397
467.409206
467.998413
468.627937
469.215283
469.991746
470.791451
471.406667
472.448980
473.349841
474.039048
475.110794
476.054603
476.879365
477.620635
478.429841
479.202222
480.004762
481.112245
481.726349
482.834603
483.401905
484.283810
484.966259
485.673333
486.555057
487.146349
487.967619
489.084376
490.068549
490.812109
