0.492971
1.105556
1.764399
2.438231
3.052517
3.676236
4.325669
4.975714
5.619615
6.215828
6.890748
7.483900
8.129705
8.764626
9.432290
10.050068
10.663039
11.360862
11.973696
12.536780
13.225805
13.871701
14.511791
15.156145
15.814785
16.487937
17.048345
17.677460
18.341905
18.966032
19.604580
20.257732
20.965714
21.553061
22.158957
22.790249
23.378005
24.112925
24.743764
25.361882
25.928844
26.556508
27.276825
27.868299
28.528707
29.180272
29.913243
30.417370
31.261497
32.187120
32.621950
33.009977
34.303991
39.009116
41.373923
44.026939
46.347347
49.124490
51.616327
54.211474
56.840000
59.802041
62.252653
64.284490
67.218367
69.449388
72.045306
74.238367
76.826032
79.044490
82.559592
83.844354
85.057415
86.328027
87.616735
88.544898
89.829388
90.679184
92.782676
97.108980
98.885306
100.816735
103.008163
104.876327
106.849615
109.374354
111.256327
113.116735
114.575918
116.202857
118.331655
123.149297
126.931429
129.319592
131.584898
134.426122
140.072653
141.537143
142.388980
143.133469
143.893878
144.854286
145.331383
146.207982
146.948163
147.562857
148.576327
149.250204
149.945306
150.590975
151.423673
152.419683
153.187755
153.750272
154.434694
155.624807
156.004717
156.790612
157.529796
158.195918
159.005306
159.863719
160.562857
161.172245
161.926531
162.852653
163.597959
164.252698
165.083492
165.901270
166.660000
167.523810
168.438776
169.110794
169.887937
170.799683
171.844444
173.432698
175.552381
177.901905
180.144490
181.560000
182.568844
183.288435
183.964762
184.648299
185.243311
185.815510
186.394127
186.901905
187.488209
188.143537
188.902857
189.456190
190.060317
190.694286
191.258095
191.934603
192.510476
193.117460
193.680317
194.109524
194.793696
195.421315
195.968163
196.385624
197.250612
197.872245
198.381224
199.073084
199.587302
200.161224
200.464082
200.837098
201.885714
202.475510
202.831837
203.614286
204.174830
207.697370
210.561905
212.534286
213.912698
216.530204
221.132880
221.857052
222.429796
223.024490
223.664898
224.357710
225.006122
225.557551
226.022449
226.550091
227.165714
227.766531
228.338776
229.031429
229.555510
230.084036
230.610023
231.200000
231.848707
234.217143
235.906440
237.439637
239.238957
241.100227
242.672063
244.494331
246.001723
247.289478
249.083401
251.015011
252.647574
253.978912
255.825397
259.095057
263.698186
267.573560
271.306032
275.190113
278.846803
282.271882
285.539546
289.076463
292.716100
296.318231
300.003583
303.313560
307.337007
311.440771
314.041678
315.910340
320.416054
324.975918
331.949433
339.661497
346.844762
354.154921
361.796327
368.931020
376.577959
389.581088
392.481179
394.200136
395.583265
396.707392
397.676054
398.812562
400.288526
401.801224
406.460408
410.652245
414.657778
418.425714
422.605714
429.704762
436.153968
437.880317
439.392381
440.494286
441.517143
442.761224
444.369524
446.214603
450.494921
454.611746
458.779365
462.437460
467.231429
472.217959
475.927302
478.945714
480.882857
483.457370
484.163492
484.876508
485.571746
486.401905
487.000000
487.640000
488.295238
488.973333
489.618730
490.319819
491.006349
491.678413
492.326440
492.980952
493.662857
494.249524
495.043129
495.765306
496.511429
497.299728
498.063265
498.769796
499.482540
500.233333
500.966395
501.760000
502.509796
503.252857
504.056009
505.364444
506.470794
508.066531
509.367347
510.751020
512.390159
513.598503
514.586531
516.088163
517.413016
521.133061
522.516735
523.213764
523.821905
524.436712
525.040635
525.677778
526.299048
526.898413
527.568231
528.136508
528.725397
529.289206
529.918413
530.527937
531.135283
531.771746
532.551451
533.386667
534.128980
534.969841
536.319048
537.790794
539.556825
540.479365
541.860635
543.229841
544.582222
545.784762
547.472245
548.606349
550.072381
550.761905
551.223810
551.746259
552.171111
552.835057
553.806349
555.342857
556.824376
557.648549
558.412109
