0.932971
1.645556
2.264399
2.869116
3.512517
4.056236
4.705669
5.295714
5.999615
6.515828
7.100000
7.703900
8.349705
8.904626
9.492290
10.110068
10.683039
11.300862
11.873696
12.396780
13.065805
13.671701
14.271791
14.836145
15.414785
16.027937
16.608345
17.177460
17.741905
18.306032
18.904580
19.537732
20.185714
20.753061
21.338957
21.970249
22.518005
23.152925
23.763764
24.341882
24.908844
25.516508
26.176825
26.728299
27.308707
27.900091
28.513243
29.077370
29.901497
30.667120
31.241950
31.669977
32.783991
35.169116
36.893923
38.446939
39.847347
41.612245
43.020000
44.791474
46.104490
47.762041
49.112653
50.520000
52.038367
53.280000
54.665306
56.238367
58.006032
59.804490
62.439592
63.202902
64.158707
65.112336
65.956735
66.869796
67.878776
68.742449
69.882676
72.608980
74.405306
76.323673
78.408163
80.316327
82.249615
84.782290
86.225306
87.710204
88.855918
90.202857
91.591655
93.589297
96.371429
98.495918
100.784898
102.626122
104.712653
105.032245
105.648980
106.273469
106.953878
107.654286
108.196916
108.947982
109.508163
110.080000
110.836327
111.450204
111.965306
112.650975
113.263673
114.179683
114.887755
115.570272
116.614694
117.524807
118.329433
119.210612
120.049796
120.855918
121.785306
122.823719
123.522857
124.332245
125.106531
125.992653
126.697959
127.452698
128.303492
128.981270
130.032063
130.943810
131.878776
132.530794
133.307937
134.279683
135.244444
137.292698
139.292381
141.357460
143.824490
145.280000
146.228844
146.968435
147.664762
148.308299
148.863311
149.415510
150.054127
150.681905
151.268209
151.923537
152.602857
153.136190
153.720317
154.294286
154.858095
155.447302
156.070476
156.657460
157.160317
157.689524
158.173696
158.861315
159.396327
159.885624
160.490612
161.092245
161.541224
162.153084
162.534603
163.061224
163.524082
163.897098
164.422857
164.926531
165.391837
165.854286
166.434830
168.957370
170.883810
173.434286
174.912698
177.171837
180.932880
181.420000
182.029796
182.504490
183.064898
183.597710
184.206122
184.717551
185.282449
185.770091
186.365714
186.966531
187.478776
187.991429
188.535510
189.164036
189.730023
190.322857
191.128707
193.617143
195.434558
197.139637
198.638957
200.100227
201.412063
203.074331
204.523447
205.909478
207.023401
208.655011
210.067574
211.277823
212.645397
214.715057
217.918186
221.193560
224.366032
227.550113
230.726803
233.771882
236.659546
239.656463
242.456100
245.318231
248.183583
250.933560
254.537007
258.040771
259.741678
261.270023
264.516054
267.559184
272.709433
277.161497
281.684762
285.994921
290.236327
294.411020
298.757959
306.341088
308.370295
309.740136
311.126122
312.447392
313.392109
314.632562
315.788526
317.041224
321.620408
325.492245
328.857778
332.605714
336.442857
341.224762
343.531746
344.640317
347.012381
348.474286
349.397143
350.701224
351.949524
353.054603
357.454921
361.271746
364.899365
368.517460
372.671429
376.110612
379.187302
382.174286
384.642857
387.337370
388.083492
388.796508
389.451746
390.120000
390.680000
391.300000
391.955238
392.593333
393.238730
393.919819
394.526349
395.138413
395.766440
396.440952
397.082857
397.669524
398.323129
398.945306
399.631429
400.299728
401.023265
401.669796
402.342540
402.953333
403.606395
404.320000
404.989796
405.792857
406.716009
407.384444
408.401587
409.120000
410.187347
411.351020
412.870159
413.958503
415.086531
416.028163
416.960000
418.893061
419.756735
420.393764
420.981905
421.656712
422.240635
422.857778
423.479048
424.118413
424.768231
425.416508
425.985397
426.569206
427.318413
427.887937
428.435283
429.051746
429.691451
430.326667
431.068980
431.889841
432.639048
433.470794
434.294603
435.079365
435.880635
436.679683
437.462222
438.144762
438.912245
439.566349
440.360952
440.899048
441.583810
442.226259
442.831111
443.435057
444.126349
444.958095
446.044376
446.908549
447.672109
