0.392971
0.925556
1.504399
2.069116
2.712517
3.176236
3.805669
4.295714
4.859615
5.420000
6.030748
6.603900
7.169705
7.764626
8.332290
8.890068
9.403039
10.040862
10.553696
11.080000
11.725805
12.311701
12.871791
13.496145
14.074785
14.667937
15.228345
15.757460
16.361905
16.886032
17.484580
18.157732
18.785714
19.153061
19.718957
20.350249
20.898005
21.552925
22.083764
22.681882
23.248844
23.876508
24.476825
24.940000
25.528707
26.040091
26.653243
27.217370
27.801497
28.507120
29.061950
29.689977
30.983991
34.429116
36.593923
38.506939
40.227347
42.292245
43.996327
46.071474
47.904490
49.900000
51.752653
53.544490
55.378367
56.749388
58.445306
60.038367
62.246032
63.984490
66.499592
67.241451
68.038707
68.692336
69.396735
70.104898
70.913878
71.852245
73.142676
75.508980
77.125306
78.816735
80.528163
82.236327
84.069615
86.502290
87.696327
88.851837
89.815918
90.722857
91.951655
93.889297
96.771429
98.555918
100.444898
102.326122
104.392653
104.652245
105.408980
105.993469
106.733878
107.454286
107.991383
108.967982
109.448163
110.062857
110.936327
111.630204
112.245306
112.810975
113.663673
114.439683
115.047755
116.270272
117.134694
118.044807
118.504717
119.430612
120.269796
121.075918
121.885306
122.743719
123.482857
124.204490
125.086531
125.912653
126.617959
127.272698
128.223492
129.041270
130.040000
130.883810
131.778776
132.390794
133.167937
134.079683
135.244444
137.192698
139.372381
141.477460
143.784490
145.438095
146.668844
147.708435
148.644762
149.488299
150.283311
150.955510
151.694127
152.401905
153.048209
153.643537
154.282857
154.816190
155.380317
155.994286
156.558095
157.147302
157.670476
158.237460
158.740317
159.189524
159.733696
160.341315
160.848163
161.245624
161.930612
162.452245
162.921224
163.273084
163.907302
164.401224
164.824082
165.197098
165.702857
166.215510
166.691837
167.054286
167.594830
170.417370
172.121905
173.354286
174.452698
177.271837
181.272880
181.880000
182.469796
182.944490
183.524898
184.077710
184.726122
185.297551
185.802449
186.270091
186.885714
187.486531
188.018776
188.531429
189.135510
189.744036
190.290023
190.900000
191.248707
193.917143
195.306440
196.658912
197.998957
199.280227
200.592063
201.834331
203.060000
204.189478
205.423401
206.675011
207.767574
208.998912
210.286984
212.055057
215.198186
218.253560
221.226032
224.190113
226.986803
229.771882
232.239546
235.036463
237.756100
240.518231
243.363583
246.193560
249.537007
252.740771
254.501678
255.990023
259.036054
261.899184
267.989433
272.841497
277.384762
282.054921
286.836327
291.791020
296.837959
304.581088
305.530295
306.800136
308.243265
309.741315
310.896054
312.052562
313.048526
314.341224
318.140408
321.812245
325.717778
329.145714
332.962857
337.964762
339.891746
341.640635
343.572381
345.354286
346.797143
347.941224
349.069524
350.774603
354.440000
358.271746
362.459365
365.997460
370.031429
374.330612
376.547302
378.865714
380.942857
383.057370
383.743492
384.396508
385.011746
385.641905
386.280000
386.840000
387.495238
388.173333
388.698730
389.339819
389.886349
390.478413
391.086440
391.680952
392.282857
392.869524
393.643129
394.405306
395.171429
395.919728
396.743265
397.489796
398.202540
398.973333
399.726395
400.560000
401.309796
402.072857
402.816009
404.284444
405.470794
406.626531
407.627347
409.091020
411.010159
411.978503
412.999592
414.128163
415.193016
417.913061
418.556735
419.140000
419.681905
420.276712
420.800635
421.397778
421.919048
422.498413
423.048231
423.576508
424.120000
424.629206
425.198413
425.747937
426.375283
426.871746
427.491451
428.186667
429.188980
430.129841
431.059048
432.250794
433.314603
434.119365
435.381270
436.529841
437.562222
438.324762
439.332245
439.786349
440.576825
441.221905
441.883810
442.526259
443.171111
443.775057
444.446349
445.267619
446.044376
446.868549
447.612109
