2.434830
4.502721
5.784354
6.986349
8.360635
10.008753
11.355540
12.839161
14.301610
15.662766
17.035918
18.580952
20.055238
21.488254
22.974603
24.390476
26.260408
27.920317
29.335918
30.829796
32.369932
33.745170
35.320363
36.713787
38.249796
39.599184
40.966803
42.382449
43.836190
45.148571
46.650476
48.172063
49.652245
51.164082
52.611429
54.122041
55.939592
57.572653
59.195692
60.887302
62.404535
63.999683
65.581383
67.116190
68.726122
70.295102
71.819592
73.259184
75.085714
76.460816
78.051383
79.554785
81.141224
82.897143
84.589705
86.619184
88.858776
91.347937
93.246939
94.990476
96.780408
98.578776
100.571293
102.300952
104.147302
105.685306
107.421633
109.102177
111.468571
113.179184
114.852245
116.523220
118.212358
119.770612
121.559955
123.265170
125.077460
126.895238
128.677460
130.434104
132.362313
134.320680
136.072630
137.731043
139.568980
141.323673
143.086349
144.861270
146.526667
148.235238
150.642177
152.446259
154.469206
156.280272
158.156463
159.943946
162.333197
164.097778
166.045306
167.821587
169.810748
171.571837
173.243492
174.921361
176.524762
178.190340
179.888980
181.562857
183.388980
185.575646
188.587483
190.885170
193.378367
195.683537
198.231746
200.983220
204.082494
207.074365
211.671020
213.595011
215.084263
216.371655
218.060408
219.587075
221.059184
222.644626
224.168254
225.758730
227.268571
228.779592
230.273016
231.763810
233.345397
234.897143
236.534603
238.051429
239.613152
241.283673
242.888299
244.454558
245.958503
247.495238
249.077370
250.598776
252.108571
253.653469
255.187891
256.740907
258.233605
259.795510
261.272744
262.861633
264.402948
265.911927
267.392200
268.902313
270.360499
271.874966
273.353787
274.793424
276.304989
277.801633
279.506122
281.564762
283.028571
284.845760
286.840045
288.923401
291.945351
293.883885
295.828299
297.640317
299.377551
301.211293
303.162857
304.965986
306.611927
308.542177
310.653741
312.844762
315.251973
316.983810
318.802222
320.665714
322.735556
324.731519
326.348571
328.169116
330.230794
332.158730
334.062857
335.738730
337.634603
339.446667
341.160635
342.832381
344.636190
346.333016
348.752698
350.594422
352.556190
354.322721
356.305714
358.195374
360.532290
362.304580
364.317778
366.025714
367.801633
369.469388
371.062041
372.760408
374.458367
376.182857
378.013878
380.072245
383.357551
385.576327
388.045714
390.424490
393.184082
395.847755
398.926122
402.226327
406.894939
409.076553
410.787120
412.394785
413.924399
415.492063
417.108435
418.749977
420.406984
422.058503
423.617143
425.590159
427.203039
429.002540
430.986984
432.944762
434.924444
437.478730
439.342540
441.243492
442.919841
444.276508
446.629841
448.467755
450.221270
451.805986
453.896236
455.635873
457.342449
459.171111
460.904444
462.810794
464.806667
466.616825
468.502540
470.233333
472.333333
474.427937
475.906349
