3.994830
6.522721
7.764354
9.146349
10.500635
11.968753
13.306621
14.639161
16.041610
17.482766
18.935918
20.340952
21.750476
23.188254
24.574603
26.050476
27.920408
29.620317
30.915918
32.269796
33.564966
34.825170
36.380363
37.653787
39.049796
40.359184
41.786803
43.262449
44.696190
46.188571
47.790476
49.392063
50.912245
52.384082
53.771429
55.262041
56.759592
58.152653
59.655692
61.187302
62.564535
63.899683
65.241383
66.756190
68.226122
69.655102
71.099592
72.719184
74.485714
75.980816
77.391383
78.934785
80.441224
81.877143
83.369705
84.899184
87.158776
88.607937
91.106939
92.830476
94.460408
95.958776
97.591293
99.340952
101.687302
103.185306
104.781633
106.462177
108.588571
110.339184
111.892245
113.583220
115.257075
116.830612
118.479955
120.065170
121.697460
123.455238
125.177460
126.534104
128.602313
130.500680
132.252630
133.651043
135.508980
137.103673
138.586349
140.081270
141.566667
142.935238
145.202177
146.886259
148.429206
149.940272
151.556463
153.283946
154.693197
156.097778
157.425306
158.841587
160.135374
161.671837
163.043492
164.481361
165.844762
167.330340
168.688980
170.222857
171.668980
173.195646
175.607483
177.650517
179.618367
181.503537
183.211746
185.723220
187.522494
189.387042
192.329252
193.615011
195.004263
196.295828
197.680408
199.147075
200.419184
201.724626
203.048254
204.438730
205.768571
207.239592
208.653016
210.083810
211.485397
212.877143
214.314603
215.731429
217.113152
218.623673
220.148299
221.654558
223.158503
224.635238
226.157370
227.658776
229.188571
230.746939
232.307891
233.860907
235.353605
236.875510
238.372744
239.881633
241.462948
242.951927
244.452200
245.982313
247.480499
249.014966
250.553787
252.140272
253.724989
255.341633
257.086122
258.924762
260.408571
262.265760
263.980045
265.683401
268.025351
269.551655
272.048299
273.840317
275.457551
276.937823
278.582857
280.285986
282.431927
284.302177
286.153741
288.024762
290.331973
292.003810
293.562222
295.225714
296.855556
298.605760
299.982857
301.529116
303.550794
305.318730
307.062857
308.518730
310.234603
311.766667
313.200635
314.652381
316.316190
317.733016
319.892698
321.594422
323.464762
324.922721
326.745714
328.255374
329.816145
331.364580
332.897778
334.385714
336.001633
337.469388
338.982041
340.520408
342.058367
343.462857
345.033878
346.592245
348.997551
351.070333
352.945714
354.744490
356.804082
358.737959
360.758458
362.672653
365.443646
367.198277
368.607120
369.974785
371.244399
372.732063
374.048435
375.433995
376.826984
378.139626
379.577143
381.390159
382.610380
383.821270
385.286984
386.824762
388.484444
390.698730
392.102540
393.583492
394.767760
396.116508
397.389841
398.838639
400.101270
401.365986
403.036236
404.635873
406.160408
407.430085
408.040889
409.310794
410.706667
412.192981
413.522540
415.213333
416.893333
418.347937
420.146349
