0.674830
2.502721
3.664354
5.586349
7.020635
8.248753
9.626621
10.959161
12.301610
13.685533
14.995918
16.480952
17.915238
19.288254
20.734603
22.190476
24.360408
25.920317
27.255918
28.589796
29.969932
31.325170
32.900363
34.253787
35.789796
37.277551
38.566803
39.962449
41.356190
42.677143
44.030476
45.572063
47.012245
48.404082
49.791429
51.242041
52.899592
54.352653
55.755692
57.127302
58.444535
59.759683
61.101383
62.416190
63.866122
65.215102
66.899592
68.499184
70.725714
72.160816
73.691383
75.314785
77.001224
78.497143
80.189705
81.959184
84.178776
86.407937
89.066939
90.730476
92.400408
94.198776
96.111293
97.900952
99.967302
101.625306
103.861633
105.602177
108.368571
110.259184
111.992245
113.843220
115.492358
117.270612
119.199955
120.945170
123.177460
124.955238
126.577460
128.234104
130.562313
132.600680
134.872630
136.471043
138.504898
140.163673
141.946349
143.501270
145.406667
147.055238
150.222177
152.006259
153.829206
155.620272
157.356463
159.083946
160.793197
162.477778
164.165306
165.801587
167.510748
169.191837
170.791746
172.421361
174.044762
175.610340
177.288980
178.802857
180.508980
182.175646
185.107483
187.545170
189.898367
192.183537
194.870134
197.423220
199.822494
202.417460
206.571020
207.975011
209.408088
210.651655
212.100408
213.487075
214.799184
216.204626
217.528254
218.878730
220.348571
221.759592
223.213016
224.563810
225.985397
227.357143
228.794603
230.111429
231.493152
232.903673
234.348299
235.734558
237.138503
238.495238
239.897370
241.278776
242.668571
244.073469
245.487891
246.940907
248.293605
249.735510
251.092744
252.601633
254.082948
255.531927
256.972200
258.402313
259.780499
261.214966
262.613787
263.973424
265.402494
266.841633
268.606122
270.784762
272.408571
274.285760
276.140045
278.123401
280.565351
282.911655
285.708299
287.580317
289.277551
290.917823
292.822857
294.745986
297.011927
299.182177
301.413741
303.604762
306.411973
308.323810
310.162222
312.085714
314.255556
316.105760
317.742857
319.469116
321.770794
323.878730
326.342857
327.998730
329.894603
331.666667
333.340635
334.952381
337.030476
338.813016
341.912698
343.754422
345.659048
347.302721
349.165714
350.835374
352.696145
354.324580
356.017778
357.665714
359.261633
360.889388
362.482041
364.046803
365.638367
367.262857
368.993878
370.812245
373.417551
376.196327
378.645714
381.024490
383.724082
386.112904
388.586122
391.284913
395.414694
399.056553
400.547120
401.994785
403.344399
404.772063
406.068435
407.549977
408.946984
410.398503
411.792381
413.430159
414.723039
416.262540
417.841746
419.524762
421.264444
423.918730
425.602540
427.163492
428.599683
430.016508
431.529841
433.007755
434.455159
435.985986
437.436236
439.035873
440.720408
442.271111
443.644444
445.170794
446.386667
447.876825
449.342540
450.953333
452.853333
454.907937
457.186349
