0.334830
2.302721
3.604354
4.806349
6.100635
7.388753
8.686621
9.919161
11.121610
12.262766
13.395986
14.520952
15.615238
16.788254
17.974603
19.098413
21.280408
23.280317
24.495918
25.709796
26.969932
28.265170
29.520363
30.793787
32.069796
33.259184
34.386803
35.522449
36.696190
37.828571
39.310476
40.852063
42.104082
43.384082
44.631429
45.962041
47.619592
48.992653
50.278564
51.567302
52.864535
54.169841
55.401383
56.656190
57.926122
59.255102
60.579898
61.979184
63.445714
64.800816
66.191383
67.594785
69.116245
70.617143
72.129705
73.839184
75.938776
78.307937
81.166939
82.830476
84.360408
85.998776
87.711293
89.540952
91.807302
93.565306
95.761633
97.642177
100.108571
101.999184
103.792245
105.543220
107.152358
108.870612
110.599955
112.345170
114.237460
116.015238
117.617460
119.254104
121.302313
123.340680
125.352630
127.082086
129.188980
130.803673
132.426349
133.941270
135.686667
137.195238
139.502177
141.186259
143.029206
144.560272
146.256463
148.023946
149.933197
151.697778
153.285306
154.861587
156.370748
157.942959
159.403492
160.941361
162.464762
164.050340
165.528980
167.122857
168.768980
170.435646
173.327483
175.785170
178.198367
180.480884
182.891746
185.423220
187.890416
190.297460
194.091020
195.415011
196.824263
198.051655
199.420408
200.667075
201.959184
203.204626
204.428254
205.678730
207.048571
208.399592
209.753016
210.981905
212.162698
213.417143
214.754603
215.991429
217.253152
218.643673
220.008299
221.314558
222.618503
223.895238
225.217370
226.538776
227.868571
229.173469
230.507891
231.920907
233.293605
234.655510
236.012744
237.461633
238.901474
240.291927
241.672200
243.042313
244.360499
245.714966
247.073787
248.393424
249.724989
251.021633
252.606122
254.584762
256.068571
257.765760
259.620045
261.303401
263.285351
265.471655
268.208299
269.860317
271.457551
272.977823
274.782857
276.445986
278.843855
280.622177
282.773741
284.744762
287.411973
289.363810
291.182222
293.005714
294.915556
296.745760
298.422857
300.109116
302.130794
304.138730
305.982857
307.778730
309.714603
311.386667
313.000635
314.552381
316.356190
317.933016
320.272698
322.014422
323.818095
325.442721
327.225714
328.935374
331.056145
332.644580
334.218889
335.785714
337.381633
338.929388
340.502041
342.060408
343.609592
345.162857
346.793878
348.552245
351.157551
354.016327
356.225714
358.384490
360.804082
363.227755
365.706122
368.472653
372.634694
376.276553
378.127120
379.534785
380.524399
381.712063
382.848435
384.309977
385.706984
386.952834
388.229286
389.890159
391.403039
392.802540
394.546984
396.284762
398.184444
400.558730
402.322540
404.203492
405.539683
406.716508
408.169841
409.667755
411.061270
412.485986
413.896236
415.395873
416.980408
418.391111
419.944444
421.450794
422.926667
424.478942
426.022540
427.753333
429.733333
431.607937
432.842116
