0.434830
3.142721
4.484354
6.566349
7.940635
9.428753
10.926621
12.159161
13.561610
14.862766
16.195918
17.560952
18.990476
20.668254
22.174603
23.690476
25.440408
27.140317
28.455918
29.849796
31.249932
32.605170
34.220363
35.533787
37.009796
38.398367
39.766803
41.202449
42.616190
44.048571
45.450476
46.972063
48.392245
49.844082
51.211429
52.702041
54.459592
55.972653
57.515692
59.007302
60.384535
61.759683
63.221383
64.536190
65.926122
67.355102
68.819592
70.259184
71.925714
73.260816
74.665692
75.894785
77.321224
78.857143
80.389705
81.919184
83.738776
85.793968
87.606939
89.170476
90.600408
91.978776
93.371293
94.920952
96.637884
98.205306
99.450816
100.962177
102.668571
104.359184
105.912245
107.503220
109.052358
110.550612
112.199955
113.765170
115.357460
116.895238
118.437460
119.956301
121.742313
123.520680
125.052630
126.431043
128.188980
129.643673
131.166349
132.661270
134.106667
135.595238
137.762177
139.706259
141.309206
142.740272
144.176463
145.643946
147.173197
148.637778
150.005306
151.421587
152.810748
154.331837
155.583492
157.041361
158.484762
159.845170
161.268980
162.602857
164.128980
165.715646
168.127483
170.445170
172.438367
174.483537
176.571746
179.043220
181.102494
183.610672
186.831020
188.233753
189.604263
190.851655
192.240408
193.627075
194.859184
196.164626
197.428254
198.818730
200.148571
201.539592
202.993016
204.363810
205.745397
207.097143
208.494603
209.811429
211.113152
212.523673
213.968299
215.354558
216.718503
218.095238
219.457370
220.858776
222.234286
223.653469
225.067891
226.520907
227.953605
229.335510
230.712744
232.161633
233.642948
235.023855
236.472200
237.902313
239.240499
240.694966
242.113787
243.513424
244.964989
246.441633
248.286122
250.244762
251.788571
253.545760
255.140045
256.663401
258.445351
260.351655
262.228299
263.740317
265.357551
266.805941
268.302857
269.745986
271.651927
273.322177
275.213741
276.924762
278.731973
280.303810
281.782222
283.485714
285.115556
286.825760
288.202857
289.849116
291.750794
293.498730
295.002857
296.398730
298.054603
299.533333
301.040635
302.532381
304.076190
305.613016
307.792698
309.654422
311.018095
312.662721
314.165714
315.575374
316.976145
318.424580
319.897778
321.205714
322.741633
324.189388
325.582041
326.940408
328.358367
329.782857
331.236939
332.892245
335.657551
337.976327
340.145714
342.087323
344.384082
346.535394
348.706122
351.339082
354.454694
356.168277
357.607120
358.974785
360.304399
361.712063
363.168435
364.509977
366.006984
367.258503
368.577143
370.090159
371.520608
372.942540
374.366984
375.964762
377.624444
379.698730
381.282540
382.903492
384.099841
385.636508
386.949841
388.327755
389.681270
391.085986
392.376236
393.738624
395.080408
396.671111
397.704444
399.158466
400.586667
401.859683
403.342540
404.496078
406.346667
407.947937
409.366349
