5.514830
11.262721
13.464354
15.046349
22.840635
24.148753
34.106621
35.439161
36.881610
38.242766
39.595918
41.040952
42.535238
43.973016
45.534603
47.130476
48.900408
50.860317
52.355918
53.869796
55.329932
56.665170
58.120363
59.453787
60.949796
62.319184
63.766803
65.162449
66.636190
68.128571
69.750476
71.432063
72.992245
74.484082
75.911429
77.422041
78.969796
80.532653
82.015692
83.507302
84.824535
86.239683
87.561383
89.076190
90.526122
91.995102
93.499592
94.919184
96.805714
98.260816
99.691383
101.274785
102.901224
104.557143
106.089705
107.659184
109.758776
111.767937
113.446939
115.131429
116.680408
118.477551
120.011293
121.610476
123.427302
124.965306
126.481633
128.062177
130.296190
131.939184
133.472245
135.043220
136.672358
138.130612
139.699955
141.205170
142.877460
144.455238
145.917460
147.474104
149.267438
151.060680
152.592630
154.051043
155.937959
157.523673
159.026349
160.521270
162.106667
163.715238
165.841088
167.526259
169.189206
170.760272
172.496463
174.143946
175.733197
177.317778
178.745306
180.201587
181.670748
183.091837
184.603492
186.041361
187.564762
189.090340
190.608980
192.122857
193.648980
195.435646
198.047483
200.345013
202.458367
204.415295
206.698823
209.023220
211.282494
213.454144
216.651020
218.135011
219.684263
220.931655
222.420408
223.807075
225.179184
226.584626
227.968254
229.538730
230.968571
232.399592
233.833016
235.203810
236.585397
237.977143
239.414603
240.751429
242.173152
243.603673
245.068299
246.474558
247.898503
249.305714
250.777370
252.198776
253.648571
255.033469
256.507891
257.960907
259.373605
260.735510
262.092744
263.581633
265.062948
266.571927
268.072200
269.542313
270.980499
272.474966
273.933787
275.373424
276.864989
278.361633
279.846122
281.664762
283.068571
284.769394
286.680045
288.383401
290.625351
292.611655
294.498622
296.120317
297.717551
299.297823
300.982857
302.465986
304.215964
305.842177
307.653741
309.124762
311.291973
312.943810
314.502222
316.165714
317.855556
319.525760
320.902857
322.509116
324.390794
326.034683
327.656571
329.178730
331.094603
332.726667
334.140635
335.672381
337.316190
338.973016
341.032698
342.834422
344.558095
346.182721
347.965714
349.595374
351.176145
352.764580
354.257778
355.825714
357.361633
358.969388
360.422041
361.950102
363.438367
365.042857
366.693878
368.432245
371.137551
373.716327
375.695102
377.924490
380.084082
382.507755
384.346122
386.652653
389.414694
391.056553
392.569424
393.914785
395.424399
396.932063
398.428435
399.709977
400.926984
402.469252
403.932381
405.290159
406.743039
408.442540
410.066984
411.744762
413.484444
415.758730
417.182540
418.743492
420.099683
421.576508
423.169841
424.407755
425.801270
427.165986
428.816236
430.400547
431.380408
433.011111
434.364444
435.758159
437.206667
438.679471
439.442540
441.013333
443.056667
444.667937
446.006349
