0.254830
2.022721
3.184354
4.386349
6.240635
7.548753
8.946621
10.259161
11.641610
12.962766
14.315918
15.700952
17.015238
18.308254
19.594603
20.870476
22.840408
24.420317
25.675918
26.989796
28.349932
29.645170
31.000363
32.373787
33.749796
35.139184
36.466803
37.744898
39.156190
40.477143
41.950476
43.332063
44.752245
46.164082
47.471429
48.902041
50.699592
52.152653
53.595692
54.887302
56.229070
57.579683
58.881383
60.196190
61.546122
62.895102
64.419592
66.039184
68.145714
69.880816
71.311383
73.054785
74.761224
76.477143
78.049705
79.959184
82.618776
84.489587
87.086939
88.750476
90.270204
91.818776
93.551293
95.420952
97.594603
99.565306
101.361633
103.022177
105.628571
107.299184
108.881361
110.443220
112.012358
113.530612
115.179955
116.745170
118.777460
120.435238
121.957460
123.434104
125.662313
127.680680
129.412630
130.891043
132.888980
134.443673
135.966349
137.401270
138.906667
140.395238
143.022177
144.686259
146.369206
147.960272
149.576463
151.163946
152.756599
154.357778
155.705306
157.121587
158.525374
160.091837
161.363492
162.761361
164.164762
165.590340
166.908980
168.322857
169.808980
171.446939
174.527483
176.965170
179.457837
182.163537
185.111746
187.963220
190.651247
193.557460
197.531020
199.171002
200.544263
201.731655
203.080408
204.467075
205.699184
207.044626
208.368254
209.738730
211.148571
212.539592
213.953016
215.323810
216.705397
218.134286
219.594603
220.951429
222.313152
223.663673
225.028299
226.314558
227.618503
228.915238
230.237370
231.558776
232.848571
234.193469
235.527891
236.840907
238.177868
239.495510
240.772744
242.101633
243.402948
244.671927
245.932200
247.182313
248.440499
249.748741
251.033787
252.233424
253.501247
254.770272
256.546122
258.724762
260.348571
262.245760
264.280045
266.083401
268.665351
271.011655
273.628299
275.360317
276.937551
278.477823
280.322857
282.285986
284.551927
286.422177
288.473741
290.564974
293.131973
295.023810
296.682222
298.345714
300.375556
302.045760
303.482857
305.089116
307.230794
309.099365
310.842857
312.398730
314.074603
315.566667
317.060635
318.452381
320.148571
321.733016
324.232698
325.954422
327.378095
329.022721
330.505714
332.275374
333.936145
335.324580
336.877778
338.315238
339.741633
341.209388
342.602041
343.980408
345.398367
346.802857
348.333878
349.952245
352.897551
355.552653
358.225714
360.722245
363.564082
366.167755
368.933224
371.752653
375.334694
378.312184
379.667120
381.085797
382.084399
383.672063
385.088435
386.549977
387.966984
389.538503
391.077143
393.030159
394.423039
396.082540
397.706984
399.464762
401.364444
404.118730
405.694180
407.183492
408.479947
409.916508
411.509841
412.727755
414.141270
415.525986
416.996236
418.415097
419.760408
421.231111
422.724444
424.241799
425.413333
426.775683
428.302540
429.893333
431.693333
434.267937
435.762116
