1.474830
3.402721
4.624354
5.906349
7.260635
8.508753
9.926621
11.079161
12.241610
13.482766
14.675918
16.040952
17.375238
18.768254
20.174603
21.590476
23.860408
25.920317
27.135918
28.449796
29.849932
31.245170
32.700363
33.973787
35.229796
36.459184
37.686803
39.042449
40.576190
41.968571
43.370476
44.932063
46.392245
47.804082
49.191429
50.742041
52.579184
54.192653
55.715692
57.061905
58.464535
59.739683
60.961383
62.216190
63.606122
65.015102
66.439796
67.899184
69.685714
71.300816
72.931383
74.674785
76.581224
78.677143
80.549705
82.639184
85.198776
87.367937
89.786939
91.490476
93.740408
95.478776
97.251293
98.980952
101.447302
103.065306
104.721633
106.502177
109.548571
111.499184
113.312245
115.363220
117.464717
119.130612
121.119955
123.015510
125.657460
127.515238
129.437460
131.314104
133.982313
136.100680
137.892630
139.613129
142.146939
143.843673
145.566349
147.281270
149.166667
151.098095
154.202177
156.106259
158.409206
160.420272
162.176463
164.343946
166.253197
167.957778
169.445306
170.961587
172.710748
174.391837
176.203492
177.861361
179.544762
181.270340
182.948980
184.582857
186.468980
188.475646
192.507483
195.265170
198.138367
200.763537
203.671746
206.903220
210.082494
213.637460
218.531020
220.215011
221.944263
223.305828
224.720408
226.207075
227.439184
228.824626
230.116085
231.498730
232.828571
234.339592
235.773016
237.123810
238.565397
239.917143
241.334603
242.811429
244.333152
245.843673
247.368299
248.834558
250.298503
251.735238
253.237370
254.718776
256.168571
257.633469
259.147891
260.620907
262.093605
263.535510
265.072744
266.641633
268.222948
269.751927
271.292200
272.802313
274.340499
275.894966
277.473787
278.966848
280.544989
282.121633
284.286122
286.724762
288.188571
290.185760
292.160045
294.443401
297.165351
299.371655
301.868299
303.600317
305.897551
307.557823
309.402857
311.045986
313.335782
315.302177
317.993741
320.364762
323.571973
325.703810
327.768889
329.825714
332.435556
334.571519
336.368571
338.169116
341.130794
343.218730
345.082857
346.938730
349.434603
351.206667
352.980635
354.812381
356.827619
358.833016
362.292698
364.174422
366.618095
368.602721
370.465714
372.435374
374.456145
376.104580
377.757778
379.385714
381.203265
383.049388
384.682041
386.360408
388.018367
389.682857
391.513878
393.572245
397.477551
400.256327
403.185714
405.744490
409.304082
412.327755
415.886122
419.412653
424.014694
427.536553
429.107120
430.734785
432.264399
434.012063
435.488435
437.009977
438.406984
439.978503
441.437143
443.130159
444.543039
446.142540
447.886984
449.849524
451.924444
455.098730
456.822540
458.663492
460.179683
461.696508
463.289841
464.967755
466.461270
467.985986
469.576236
471.099175
472.660408
474.471111
476.084444
477.710794
479.306667
481.136825
482.902540
484.713333
486.853333
489.067937
491.066349
