1.054830
4.322721
6.044354
7.386349
8.720635
10.188753
11.586621
12.919161
14.361610
15.822766
17.335918
18.780952
20.235238
21.688254
23.074603
24.470476
26.560408
28.660317
30.115918
31.529796
33.069932
34.445170
35.900363
37.293787
38.699592
40.219184
41.566803
42.862449
44.516190
45.848571
47.190476
48.652063
50.072245
51.484082
52.791429
54.242041
55.879592
57.452653
58.775692
60.107302
61.484535
62.859683
64.261383
65.576190
66.986122
68.375102
69.819592
71.319184
72.965714
74.380816
75.591383
77.154785
78.881224
80.497143
81.969705
83.579184
85.778776
87.355992
89.346939
90.870476
92.540408
94.118776
95.731293
97.400952
99.247302
100.785306
102.321633
103.962177
106.508571
107.719184
109.712245
111.483220
112.972358
114.538122
116.219955
117.932585
119.557460
121.255238
122.797460
124.329017
126.602313
128.480680
130.232630
131.571043
133.388980
134.823673
136.226349
137.721270
139.286667
140.775238
143.022177
144.606259
146.109206
147.620272
149.196463
150.703946
152.213197
153.605926
155.005306
156.401587
157.810748
159.141480
160.563492
161.930680
163.304762
164.676780
166.068980
167.362857
168.814490
170.395646
173.487483
175.486573
177.532789
179.423537
181.731746
183.982902
186.262494
188.812487
192.191020
193.855011
196.024263
197.371655
198.800408
200.227075
201.579184
203.084626
204.536508
205.958730
207.328571
208.759592
210.213016
211.583810
212.985397
214.377143
215.814603
217.151429
218.513152
219.963673
221.388299
222.764853
224.118503
225.435238
226.857370
228.278776
229.728571
231.093469
232.507891
233.940907
235.353605
236.715510
238.092744
239.541633
240.961474
242.331927
243.752200
245.142313
246.520499
247.894966
249.293787
250.673424
252.064989
253.501633
255.364490
257.684762
259.168571
260.825760
262.540045
264.103401
266.225351
267.657914
269.628299
271.300317
272.857551
274.397823
276.042857
277.705986
279.611927
281.122177
282.953741
284.724762
287.091973
288.683810
290.362222
291.885714
293.575556
295.291519
296.762857
298.409116
300.550794
302.078730
303.542857
304.958730
306.694603
308.206667
309.680635
311.172381
312.656190
314.199048
316.652698
318.154422
319.774881
321.342721
322.945714
324.273844
325.796145
327.224580
328.697778
330.025714
331.481633
332.854694
334.202041
335.600408
336.978367
338.351429
339.893878
341.372245
344.257551
346.516327
348.545714
350.404490
352.824082
354.973878
357.298017
359.523163
363.114694
366.558277
367.967120
369.374785
370.804399
372.252063
373.848435
374.909977
376.306984
377.718503
379.137143
380.830159
382.343039
383.742540
385.146984
386.644762
388.544444
391.178730
392.800847
394.303492
395.659683
397.034228
398.538307
400.047755
401.521270
402.925986
404.476236
405.915873
407.340408
408.811111
410.184444
411.790794
413.306667
414.739603
416.282540
417.736667
419.493333
421.123995
422.686349
