0.474830
3.382721
4.824354
6.726349
7.980635
9.368753
10.926621
12.519161
14.061610
15.482766
16.835918
18.340952
19.810476
21.308254
22.834603
24.410476
26.340408
28.240317
29.751837
31.309796
32.909932
34.445170
36.060363
37.627574
39.169796
40.579184
42.106803
43.662449
45.276190
46.748571
48.290476
49.872063
51.312245
52.724082
54.131429
55.662041
57.339592
58.652653
60.615692
62.147302
63.644535
65.179683
66.621383
68.036190
69.612245
71.115102
72.739592
74.459184
76.305714
77.920816
79.491383
81.034785
82.741224
84.477143
86.189705
87.999184
90.078776
91.967937
94.026939
95.730476
97.280408
98.758776
100.411293
102.080952
104.007302
105.525306
107.141633
108.882177
111.308571
113.159184
114.832245
116.503220
118.072358
119.650612
121.359955
122.905170
124.777460
126.555238
128.157460
129.794104
131.682313
133.460680
135.052630
136.671043
138.548980
140.223673
141.766349
143.281270
145.006667
146.515238
148.742177
150.466259
152.089206
153.620544
155.236463
156.783946
158.328299
159.857778
161.305306
162.781587
164.250748
165.811837
167.243492
168.701361
170.164762
171.670340
173.188980
174.622857
176.228980
177.855646
180.447483
183.045170
185.438367
187.923362
190.611746
193.383220
196.187498
199.171066
203.111020
204.615011
206.184263
207.631655
209.140408
210.727075
212.219184
213.724626
215.148254
216.738730
218.188571
219.679592
221.193016
222.663810
224.165397
225.597143
227.114603
228.431429
229.953152
231.463673
232.968299
234.494558
235.958503
237.415238
238.957370
240.478776
242.008571
243.553469
245.027891
246.540907
248.053605
249.615510
251.012744
252.621633
254.211474
255.691927
257.212200
258.782313
260.240499
261.794966
263.333787
264.813424
266.344989
267.841633
269.426122
271.044762
273.008571
274.925760
276.940045
278.983401
281.158668
283.131655
285.428299
287.220317
288.817551
290.357823
292.022857
293.645986
295.611927
297.502177
299.593741
301.584762
304.271973
306.383810
308.202222
310.111429
312.075556
313.885760
315.482857
317.189116
319.070794
320.798730
322.302857
323.938730
325.894603
327.606667
329.120635
330.692381
332.576190
334.273016
336.512698
338.454422
340.298095
341.882721
343.725714
345.215374
346.856145
348.384580
349.877778
351.345714
352.940816
354.409388
355.882041
357.320408
358.778367
360.293810
361.773878
363.288980
365.817551
368.256327
370.295238
372.484490
375.024082
377.973878
380.506122
383.512653
387.437347
390.596553
392.227120
393.674785
395.064399
396.417354
397.808435
399.249977
400.546984
401.918503
403.197143
405.070159
406.423039
407.942540
409.506984
411.184762
412.944444
415.278730
416.922540
418.543492
420.059683
421.616508
423.349841
424.807755
426.341270
427.845986
429.496236
430.855873
432.520408
434.191111
435.604444
437.530794
438.926667
440.339647
442.022540
443.993333
445.933333
447.627937
449.826349
