0.067415
1.722721
3.024354
4.346349
5.720635
7.168753
8.626621
10.039161
11.401610
12.822766
14.095918
15.560952
17.075238
18.508254
19.974603
21.510476
23.340408
25.000317
26.355918
27.769796
29.129932
30.585170
31.980363
33.473787
34.929796
36.319184
37.766803
39.182449
40.716190
42.068571
43.530476
45.012063
46.392245
47.748163
49.131429
50.582041
52.139592
53.532653
54.935692
56.287302
57.704535
59.139683
60.461383
61.776190
63.166122
64.555102
66.179592
67.739184
69.485714
70.860816
72.311383
73.894785
75.421224
77.157143
78.789705
80.519184
82.758776
85.107937
87.526939
89.250476
90.900408
92.478776
93.951293
95.520952
97.347302
98.965306
100.781633
102.562177
105.248571
107.059184
108.652245
110.323220
111.972358
113.508435
115.339955
116.985170
118.957460
120.715238
122.357460
123.914104
125.962313
128.020680
129.732630
131.371043
133.437959
135.083673
136.586349
138.101270
139.686667
141.235238
143.702177
145.406259
146.969206
148.400272
150.056463
151.703946
153.273197
154.817778
156.245306
157.721587
159.195374
160.591837
162.083492
163.581361
165.064762
166.570340
168.008980
169.471429
171.028980
172.655646
175.467483
177.705170
179.878367
182.007256
184.405873
186.883220
189.262494
192.008730
196.271020
197.655011
199.164263
200.431655
201.880408
203.327075
204.739184
206.084626
207.448254
208.818730
210.268571
211.659592
213.073016
214.483810
215.885397
217.277143
218.694603
220.071429
221.433152
222.823673
224.248299
225.614558
226.958503
228.295238
229.717370
231.158776
232.528571
233.973469
235.367891
236.780907
238.153605
239.555510
240.912744
242.341633
243.782948
245.191927
246.552200
247.942313
249.280499
250.674966
252.083447
253.433424
254.804989
256.201633
257.786122
259.684762
261.177143
263.425760
265.400045
267.323401
269.865351
272.211655
274.708299
277.000317
278.537551
279.958912
281.562857
282.917197
284.951927
286.742177
288.773741
290.884762
293.471973
295.363810
297.136444
298.945714
301.175556
303.005760
304.582857
306.269116
308.310794
310.298730
312.122857
313.758730
315.829206
317.466667
319.000635
320.572381
322.356190
323.973016
326.352698
328.054422
329.738095
331.202721
332.845714
334.475374
336.056145
337.544580
339.037778
340.405714
342.021633
343.469388
344.942041
346.400408
347.839184
349.242857
350.893878
352.512245
355.537551
357.856327
360.005714
362.224490
364.864082
367.293878
369.874354
372.712653
377.314694
380.896553
382.403560
383.859131
385.204399
386.632063
388.088435
389.569977
390.986984
392.478503
393.977143
395.990159
397.463039
399.082540
400.686984
402.609524
404.864444
407.978730
409.522540
411.083492
412.479683
414.016508
415.649841
416.947755
418.421270
419.952993
421.376236
422.915873
424.240408
425.771111
427.184444
428.710794
430.243333
431.579773
433.222540
435.033333
437.053333
438.967937
440.346349
