0.314830
2.542721
3.864354
5.426349
6.920635
8.297506
10.006621
11.439161
12.861610
14.222766
15.535918
17.080952
18.590476
20.148254
21.694603
23.510476
25.760408
27.000317
28.695918
30.189796
32.189932
33.485170
35.300363
36.793787
38.289796
39.639184
40.966803
42.602449
44.096190
45.448571
46.930476
48.492063
50.072245
51.588163
53.071429
54.622041
56.159592
57.852653
59.235692
60.696508
62.264535
63.859683
65.401383
66.976190
68.686122
70.215102
71.799592
73.759184
75.605714
77.040816
78.451383
80.254785
81.901224
83.654286
85.349705
87.299184
89.658776
92.427937
95.406939
97.370476
99.280408
101.226531
103.291293
105.720952
108.327302
110.365306
112.141633
113.842177
116.228571
118.159184
119.932245
121.703220
123.332358
125.010612
126.899955
128.585170
130.697460
132.475238
134.077460
135.714104
138.122313
140.500680
142.412630
144.151043
146.428980
148.167347
149.746349
151.461270
153.206667
154.735238
158.124354
160.406259
162.489206
164.220272
166.056463
167.923946
169.533197
171.117778
172.505306
173.921587
175.370748
177.051837
178.543492
180.081361
181.624762
183.150340
184.648980
186.122857
187.788980
189.695646
192.407483
194.825170
197.198367
199.203537
201.811746
204.223220
206.660624
209.469683
213.371020
215.135011
216.784263
218.291655
219.820408
221.387075
222.819184
224.284626
225.828254
227.378730
228.988571
230.459592
232.053016
233.523810
235.125397
236.697143
238.274603
239.711429
241.353152
242.943673
244.568299
246.074558
247.618503
249.135238
250.697370
252.218776
253.708571
255.213469
256.727891
258.280907
259.833605
261.355510
262.778231
264.381633
265.962948
267.483855
269.052200
270.542313
272.020499
273.594966
275.173787
276.713424
278.304989
279.941633
281.766122
283.824762
285.388571
287.265760
289.340045
291.483401
294.565351
296.931655
300.948299
302.580317
304.577551
306.457823
308.648571
310.705986
313.087347
315.262177
317.693741
319.844762
322.291973
324.083810
325.902222
327.805714
329.795556
331.565760
333.165714
334.958231
337.381587
340.078730
342.022857
343.738730
346.034603
347.746667
349.480635
351.232381
353.204762
355.093016
358.092698
360.234422
362.198095
364.205442
366.165714
368.015374
369.796145
371.304580
372.837778
374.345714
375.981633
377.509388
378.922041
380.420408
381.958367
383.482857
385.173878
387.012245
389.897551
392.596327
394.945714
397.244490
399.984082
402.327755
405.169224
407.912653
411.873673
414.576553
416.267120
417.954785
419.544399
421.112063
422.708435
424.289977
426.006984
427.658503
429.337143
431.510159
433.263039
434.922540
436.686984
438.824762
440.964444
443.918730
445.762540
447.643492
449.239683
450.725215
452.649841
454.435510
456.101270
457.765986
459.196236
460.915873
462.640408
464.571111
466.244444
467.950794
469.606667
471.318413
472.842540
474.613333
477.273333
479.767937
483.446349
