0.534830
2.702721
3.904354
5.066349
6.300635
7.468753
8.626621
9.859161
10.981610
12.202766
13.355918
14.620952
15.815238
17.116508
18.394603
19.670476
21.660408
23.440317
24.895918
26.429796
27.729932
28.965170
30.280363
31.453787
32.689796
33.859184
35.066803
36.302449
37.616190
38.868571
40.150476
41.572063
42.892245
44.244082
45.511429
46.862041
48.459592
49.872653
51.235692
52.547302
53.904535
55.279683
56.501383
57.816190
59.166122
60.475102
61.799592
63.239184
64.865714
66.260816
67.611383
69.034785
70.601224
71.998571
73.529705
75.079184
77.178776
78.947937
81.433878
83.010476
84.520408
86.035102
87.651293
89.280952
91.307302
92.905306
94.621633
96.222177
98.448571
100.259184
101.952245
103.663220
105.412358
107.010612
108.739955
110.405170
112.217460
114.095238
115.757460
117.354104
119.322313
120.940680
122.632630
123.951043
125.848980
127.411020
128.926349
130.561270
132.386667
133.875238
136.062177
137.606259
139.249206
140.780272
142.356463
143.983946
145.753197
147.377778
148.885306
150.421587
151.890748
153.371837
154.930873
156.441361
157.954921
159.510340
161.028980
162.502857
164.088980
165.795646
168.327483
171.165170
173.898367
176.523537
179.371746
182.283220
185.102494
188.117460
192.131020
193.575011
195.184263
196.391655
197.720408
199.107075
200.349592
201.704626
202.929651
204.278730
205.588571
206.819592
208.073016
209.263810
210.545397
211.797143
213.154603
214.491429
215.793152
217.103673
218.468299
219.794558
221.109252
222.435238
223.809342
225.098776
226.448571
227.773469
229.107891
230.460907
231.733605
233.075510
234.412744
235.781633
237.182948
238.571927
239.932200
241.322313
242.660499
244.054966
245.413787
246.773424
248.192494
249.581633
251.066122
252.524762
253.908571
255.625760
257.420045
259.183401
261.685351
263.831655
266.377561
267.960317
269.397551
270.777823
272.522857
274.245986
276.311927
278.202177
280.213741
282.384762
284.951973
286.823810
288.622222
290.485714
292.495556
294.385760
296.042857
297.749116
299.830794
301.778730
303.482857
305.018730
306.954603
308.606667
310.280635
311.832381
313.776190
315.313016
317.532698
319.114422
320.718095
322.282721
323.805714
325.455374
327.296145
328.796145
330.357778
331.825714
333.361633
334.797878
336.322041
337.785102
339.258367
340.682857
342.353878
343.932245
346.597551
349.276327
351.945714
354.704490
357.464082
360.427755
363.346122
366.632653
371.014694
373.776553
375.287120
376.814785
378.304399
379.812063
381.308435
382.829977
384.366984
385.849252
387.217143
389.150159
390.503039
392.102540
393.766984
395.544762
397.444444
399.598730
401.022540
402.823492
404.259683
405.756508
407.369841
409.047755
410.541270
411.909124
413.276236
415.095873
416.606803
418.091111
419.624444
421.150794
422.666667
424.215365
425.842540
427.373333
429.673333
431.927937
433.266349
