0.194830
1.882721
3.264354
4.646349
5.900635
7.128753
8.398662
9.619161
10.461610
11.862766
12.955986
14.120952
15.235238
16.448254
17.654603
18.890476
20.440408
22.000317
23.215918
24.589796
25.878562
27.165170
28.460181
29.773787
31.009796
32.179184
33.366803
34.511224
35.716190
36.888571
38.280952
40.012063
41.512245
42.884082
44.191429
45.762041
47.439592
48.812653
50.335692
51.687302
52.837791
54.159683
55.601383
56.856190
57.986122
59.255102
60.439592
62.253469
64.165714
65.580816
67.331383
68.834785
70.481224
72.537143
74.329705
76.279184
78.458776
80.621134
82.966939
84.430476
85.820408
87.258776
88.711293
90.200952
92.076825
93.345306
94.821633
96.342177
98.548571
100.179184
101.772245
103.560644
104.992358
106.318122
107.999955
109.485170
111.217460
112.927619
114.337460
115.894104
117.642313
119.140680
120.712630
122.191043
124.068980
125.463673
126.866349
128.370635
129.966667
131.475238
133.442177
134.846259
136.269206
137.680272
138.956463
140.523946
141.893197
143.497778
144.865306
146.241587
147.670748
149.251837
150.763492
152.321361
153.824762
155.410340
156.968980
158.542857
160.268980
162.191293
166.047483
169.605170
172.618367
176.383537
179.651746
183.443220
187.142494
191.657460
196.391020
198.075011
199.464263
200.571655
201.860408
203.207075
204.319837
205.544626
206.868254
208.258730
209.588571
211.059592
212.513016
213.883810
215.165397
216.517143
217.874603
219.091429
220.486304
221.923673
223.248299
224.594558
225.898503
227.235238
228.549342
229.918776
231.208571
232.493469
233.927891
235.180907
236.573605
237.875510
239.272744
240.661633
242.102948
243.431927
244.812200
246.191156
247.484100
248.864989
250.107684
251.473424
252.684989
253.985408
255.246122
256.521587
257.680952
259.245760
260.980045
262.823401
264.765351
267.111655
269.548299
271.100317
272.577551
273.977823
275.422857
277.005986
278.931927
280.822177
282.893741
284.924762
287.251973
289.163810
290.982222
292.765714
294.695556
296.425760
298.042857
299.669116
301.430794
303.158730
304.435714
306.098730
307.875767
309.266667
310.660635
312.132381
313.916190
315.373016
317.352698
318.574422
320.230476
321.600680
323.193143
324.435374
325.976145
327.421527
328.897778
330.405714
331.981633
333.509388
335.142041
336.620408
338.198367
339.742857
341.533878
343.508980
347.357551
351.292653
354.505714
358.384490
361.684082
365.727755
368.946122
373.192653
377.334694
380.236553
381.607120
382.991595
384.244399
385.652063
386.868435
388.269977
389.466984
390.978503
392.197143
393.970159
395.463039
396.862540
398.740952
400.782857
403.004444
406.078730
408.102540
409.643492
410.849841
411.956508
413.729841
415.327755
416.640635
417.917664
419.336236
420.749771
422.220408
423.711111
425.144444
426.710794
428.006667
429.529206
431.142540
432.953333
434.793333
437.047937
438.966349
