0.214830
2.542721
3.924354
5.306349
6.780635
8.168753
9.506621
10.839161
12.181610
13.522766
14.855918
16.180952
17.515238
18.828254
20.214603
21.576825
23.080204
24.660317
26.015918
27.309796
28.689932
29.985170
31.320363
32.653787
33.989796
35.359184
36.726803
37.982449
39.316190
40.568571
41.930476
43.412063
44.792245
46.104082
47.371429
48.742041
50.439592
51.932653
53.317846
54.627302
56.064535
57.439683
58.801383
60.136190
61.526122
62.855102
64.179796
65.579184
67.245714
68.600816
69.991383
71.474785
72.981224
74.557143
76.109705
77.699184
79.558776
81.514656
83.166939
84.590476
86.000408
87.498776
88.991293
90.580952
92.147302
93.705306
95.221633
96.942177
99.288571
100.879184
102.472245
104.063220
105.592358
106.898435
108.519955
110.085170
111.597460
113.118413
114.697460
116.174104
117.802313
119.420680
120.867519
122.311043
123.928980
125.383673
126.786349
128.281270
129.806667
131.315238
133.342177
134.866259
136.489206
137.880272
139.416463
140.983946
142.433197
144.037778
145.445306
146.921587
148.350748
149.731837
151.083492
152.501361
153.884762
155.250340
156.608980
157.942857
159.348980
161.015646
164.307483
166.648390
169.058367
171.083537
173.451673
175.663220
178.142494
180.804683
184.791020
186.435011
188.024263
189.391655
190.860408
192.307075
193.619184
195.004626
196.408254
197.838730
199.248571
200.679592
202.133016
203.523810
205.005397
206.397143
207.834603
209.155714
210.593152
212.043673
213.448299
214.814558
216.178503
217.535238
218.928685
220.358776
221.808571
223.213469
224.627891
226.100907
227.513605
228.875510
230.272744
231.681633
233.162948
234.571927
235.972200
237.382313
238.726833
240.114966
241.493787
242.873424
244.184989
245.541633
247.166122
248.784762
250.034286
251.425760
253.140045
254.783401
256.785351
258.331655
260.228299
261.680317
263.137551
264.517823
266.182857
267.705986
269.451927
271.062177
273.073741
275.092381
276.811973
278.383810
280.097460
281.805714
283.655556
285.365760
286.822857
288.509116
290.270794
291.913873
293.602857
295.059365
296.714603
298.206667
299.600635
301.092381
302.716190
304.273016
306.352698
307.874422
309.538095
310.882721
312.445714
314.045125
315.616145
317.024580
318.417778
319.805714
321.261633
322.709932
324.062041
325.500408
326.789592
328.222857
329.713878
331.152245
334.417551
336.710703
338.865714
340.964490
343.184082
345.387755
347.839133
350.272653
354.094694
357.396553
358.847120
360.474785
361.984399
363.486032
364.748435
366.369977
367.881746
369.338503
370.897143
372.630159
373.971519
375.362540
376.866984
378.424762
380.264444
383.038730
384.722540
386.321746
387.719683
389.216508
390.549841
392.267755
393.741270
395.172993
396.516236
398.175873
399.680408
401.211111
402.664444
404.230794
405.866667
407.216075
408.802540
410.613333
412.653333
414.727937
416.406349
