0.194830
1.942721
3.064354
4.226349
5.420635
6.608753
7.816655
9.039161
10.201610
11.402766
12.555918
13.820952
15.015238
16.268254
17.494603
18.710476
20.520408
22.480317
23.615918
24.809796
26.049932
27.265170
28.540363
29.773787
31.029796
32.239184
33.406803
34.642449
35.936190
37.168571
38.610476
40.232063
41.612245
42.964082
44.291429
45.702041
47.339592
48.852653
50.355692
51.647302
53.004535
54.339683
55.581383
56.856190
58.206122
59.535102
61.039592
62.679184
64.525714
65.980816
67.411383
68.754785
70.381224
72.017143
73.509705
75.139184
77.138776
78.846176
81.293878
82.910476
84.440408
85.918776
87.451293
89.140952
91.147302
92.785306
94.461633
96.182177
98.448571
100.299184
101.972245
103.703220
105.372358
106.910612
108.699955
110.445170
112.317460
114.095238
115.657460
117.314104
119.382313
121.120680
122.772630
124.351043
126.268980
127.803673
129.366349
130.901270
132.686667
134.195238
136.882177
138.706259
140.429206
141.920272
143.576463
145.163946
146.873197
148.557778
150.045306
151.601587
153.170748
154.751837
156.303492
157.841361
159.304762
160.850340
162.368980
163.862857
165.468980
167.175646
169.667483
171.965170
174.078367
176.323362
178.551746
180.950805
183.322494
185.599746
189.571020
191.075011
192.481421
193.755828
195.120408
196.467075
197.719184
199.044626
200.288254
201.678730
203.088571
204.479592
205.893016
207.163810
208.525397
209.837143
211.314603
212.650476
213.993152
215.423673
216.888299
218.294558
219.698503
221.095238
222.497370
223.938776
225.368571
226.773469
228.167891
229.640907
231.093605
232.535510
233.872744
235.401633
236.842948
238.251927
239.692200
241.182313
242.620499
244.074966
245.533787
246.953424
248.424989
249.901633
251.606122
253.364762
254.968571
256.785760
258.480045
260.067800
262.265351
263.311655
266.088299
267.760317
269.397551
270.857823
272.602857
274.285986
276.311927
278.182177
280.273741
282.364762
284.871973
286.663810
288.462222
290.385714
292.395556
294.225760
295.802857
297.556463
299.630794
301.538730
303.182857
304.738730
306.734603
308.306667
309.800635
311.392381
313.356190
315.053016
317.672698
319.554422
321.189048
322.842721
324.505714
326.195374
328.016145
329.632290
331.197778
332.765714
334.341633
335.949388
337.382041
338.875102
340.458367
341.974286
343.513878
345.272245
347.837551
350.296327
352.545714
354.904490
357.484082
359.787755
362.082041
364.485264
368.074694
371.556553
373.147120
374.554785
375.984399
377.512063
378.868435
380.409977
381.873397
383.198503
384.577143
386.350159
387.743039
389.261270
390.766984
392.324762
394.064444
396.298730
397.822540
399.623492
401.039683
402.424563
403.949841
405.507755
407.061270
408.422993
409.956236
411.395873
412.800408
414.251111
415.564444
417.210794
418.606667
420.016825
421.342540
423.013333
424.813333
426.427937
427.666349
