0.354830
2.162721
3.444354
4.666349
5.980635
7.308753
8.626621
9.919161
11.221610
12.462766
13.635918
14.880952
16.175238
17.468254
18.754603
20.030476
21.820408
23.660317
24.935918
26.349796
27.649932
28.945170
30.340363
31.633787
33.009796
34.258367
35.526803
36.782449
38.096190
39.348571
40.690476
42.192063
43.632245
45.044082
46.391429
47.822041
49.659592
51.132653
52.595692
53.947302
55.324535
56.819683
58.181383
59.616190
60.986122
62.395102
64.039592
65.619184
67.825714
69.740816
71.351383
73.073061
74.781224
76.797143
78.709705
80.939184
83.978776
86.347937
89.606939
91.390476
93.340408
95.038776
96.991293
98.720952
100.747302
102.685306
104.341633
106.122177
108.917143
110.859184
112.632245
114.523220
116.192358
117.790612
119.779955
121.645170
123.657460
125.355238
126.937460
128.534104
130.822313
132.680680
134.432630
136.211043
138.408980
139.983673
141.506349
143.041270
144.946667
146.575238
149.142177
150.726259
152.709206
154.380272
156.096463
157.763946
159.453197
161.077778
162.585306
164.081587
165.530748
167.031837
168.523492
170.001361
171.464762
172.950340
174.428980
175.982857
177.448980
179.355646
182.967483
186.825170
190.115102
193.763537
197.111746
200.823220
204.842494
209.457460
214.311020
216.155011
217.584263
218.875828
220.260408
221.727075
223.039184
224.384626
225.728254
227.078730
228.408571
229.799592
231.253016
232.583810
233.945397
235.317143
236.734603
238.031429
239.413152
240.843673
242.208299
243.554558
244.898503
246.215238
247.597370
248.998776
250.348571
251.753469
253.187891
254.620907
255.993605
257.395510
258.752744
260.221633
261.682948
263.091927
264.492200
265.882313
267.180499
268.614966
270.013787
271.353424
272.744989
274.181633
275.786122
277.464762
279.042857
280.885760
282.980045
284.923401
288.005351
290.611655
293.608299
295.400317
297.437551
299.137823
301.002857
302.925986
305.291927
307.182177
309.613741
311.857143
315.091973
317.023810
318.862222
320.685714
322.695556
324.445760
325.982857
327.729116
329.950794
331.778730
333.742857
335.598730
337.774603
339.486667
340.980635
342.552381
344.676190
346.233016
348.792698
350.474422
352.378095
354.162721
355.965714
357.755374
359.536145
361.044580
362.597778
364.205714
365.561633
367.029388
368.442041
369.890204
371.319184
372.862857
374.433878
376.252245
379.637551
383.676327
386.937143
390.304490
394.072245
397.707755
401.246122
405.372653
411.234694
414.596553
416.187120
417.634785
419.024399
420.476032
421.848435
423.389977
424.806984
426.338503
427.817143
429.990159
431.323039
433.182540
434.906984
437.064762
438.924444
441.818730
443.542540
445.163492
446.479683
447.996508
449.537968
451.087755
452.553757
454.145986
455.716236
457.173968
458.640408
460.171111
461.684444
463.210794
464.735556
466.236825
467.822540
469.853333
473.053333
475.747937
477.506349
