0.254830
2.368163
3.904354
5.246349
6.880635
8.408753
9.766621
11.219161
12.581610
13.822766
15.235918
16.580952
18.015238
19.368254
20.734603
22.170476
24.120408
26.100317
27.571837
29.089796
30.669932
31.965170
33.440363
34.927574
36.349796
37.899184
39.266803
40.722449
42.336190
43.568571
44.930476
46.412063
47.852245
49.304082
50.631429
52.082041
53.659592
55.132653
56.477846
57.927302
59.284535
60.679683
62.121383
63.456190
64.906122
66.315102
67.759592
69.219184
71.005714
72.420816
73.851383
75.394785
77.013741
78.517143
80.029705
81.619184
83.838776
85.707549
87.886939
89.490476
91.060408
92.577551
94.171293
95.780952
97.747302
99.505306
101.441633
103.042177
105.308571
107.159184
108.912245
110.763220
112.372358
114.030612
115.879955
117.525170
119.337460
121.075238
122.777460
124.494104
126.502313
128.560680
130.312630
131.831043
133.628980
135.183673
136.812698
138.341270
139.946667
141.475238
143.742177
145.446259
147.009206
148.540272
150.036463
151.563946
153.193197
154.697778
156.185306
157.721587
159.270748
160.871837
162.387831
163.921361
165.424762
166.930340
168.468980
170.002857
171.488980
173.335646
175.827483
178.205170
180.578367
182.843537
185.253795
187.683220
190.222494
192.657460
195.981224
197.407506
199.044263
200.311655
201.800408
203.307075
204.738367
206.164626
207.608254
208.998730
210.428571
211.899592
213.366032
214.743810
216.185397
217.657143
219.134603
220.550476
221.993152
223.423673
224.888299
226.294558
227.678503
229.015238
230.437370
231.878776
233.328571
234.733469
236.147891
237.620907
239.053605
240.515510
241.892744
243.361633
244.827649
246.211927
247.652200
249.002313
250.360499
251.794966
253.153787
254.533424
255.944989
257.361633
258.966122
260.864762
262.288571
264.145760
265.780045
267.623401
269.805351
271.791655
273.948299
275.620317
277.277551
278.877823
280.622857
282.055141
284.191927
286.082177
287.993741
290.084762
292.551973
294.343810
296.062222
297.865714
299.715556
301.500317
303.122857
304.869116
306.770794
308.958730
310.502857
312.338730
314.114603
315.726667
317.260635
318.912381
320.556190
322.313016
324.392698
326.254422
327.778711
329.382721
330.805714
332.495374
334.076145
335.624580
337.137778
338.625714
340.221633
341.794694
343.242041
344.740408
346.298367
347.862857
349.493878
351.232245
353.717551
356.034422
358.485714
360.684490
363.064082
365.567755
367.831020
370.048034
373.177959
375.936553
377.407120
378.934785
380.464399
381.872063
383.228435
384.649977
386.326984
387.832313
389.297143
391.170159
392.583039
394.182540
395.866984
397.644762
399.884444
402.638730
404.242540
405.903492
407.259937
408.776508
410.349841
411.887755
413.381270
414.852993
416.316236
417.815873
419.390102
420.875556
422.384444
423.910794
425.506667
427.136825
428.802540
430.413333
432.833333
435.247937
436.443764
