0.094354
1.682721
2.904354
4.246349
5.580635
6.988753
8.426621
9.819161
11.281610
12.702766
14.075918
15.540952
17.015238
18.468254
19.914603
21.430476
23.700408
25.440317
26.815918
28.089796
29.549932
31.025170
32.560363
33.973787
35.489796
37.053469
38.366803
39.782449
41.236190
42.648571
44.050476
45.612063
47.032245
48.464082
49.871429
51.382041
53.099592
54.612653
55.995692
57.367302
58.644535
60.099683
61.521383
62.876190
64.306122
65.635102
67.159592
69.039184
71.525714
72.960816
74.571383
76.094785
77.621224
79.217143
80.849705
82.599184
85.098776
87.247937
89.929388
92.110476
93.760408
95.618776
97.831293
99.520952
101.727302
103.545306
105.741633
107.522177
110.648571
112.679184
114.492245
116.463220
118.212358
119.930612
121.979955
123.785170
126.037460
128.015238
129.717460
131.554104
134.002313
136.480680
138.512630
140.233129
142.368980
144.138367
145.886349
147.661270
149.966667
151.635238
154.962177
156.766259
158.569206
160.240272
161.936463
163.703946
165.513197
167.277778
169.005306
170.601587
172.370748
174.051837
175.683492
177.301361
178.924762
180.590340
182.188980
183.882857
185.628980
187.475646
190.767483
193.385170
195.798367
198.183537
200.951746
203.583220
206.122494
208.837496
213.191020
214.697506
216.084263
217.371655
218.740408
220.227075
221.499184
222.924626
224.288254
225.698730
227.168571
228.599592
230.033016
231.443810
232.845397
234.277143
235.734603
237.051429
238.533152
240.003673
241.488299
242.894558
244.338503
245.735238
247.217370
248.658776
250.088571
251.553469
252.987891
254.480907
255.893605
257.355510
258.732744
260.281633
261.742948
263.211927
264.672200
266.062313
267.460499
268.914966
270.373787
271.733424
273.124989
274.561633
276.346122
278.544762
280.268571
282.185760
284.220045
286.063401
288.605351
290.931655
293.868299
295.960317
297.757551
299.457823
301.542857
303.345986
305.703855
307.942177
310.368707
312.744762
315.631973
317.583810
319.642222
321.465714
323.855556
325.725760
327.522857
329.349116
331.870794
334.018730
336.142857
337.918730
340.014603
341.786667
343.500635
345.252381
347.416190
349.313016
352.292698
354.254422
356.178095
358.022721
359.805714
361.615374
363.496145
365.224580
366.957778
368.705714
370.361633
372.049388
373.682041
375.380408
376.998367
378.722857
380.533878
382.312245
385.552653
388.476327
391.165714
393.524490
396.264082
398.996939
401.466122
404.472653
408.654694
412.276553
414.007120
415.267392
416.464399
417.852063
419.288435
420.769977
422.246984
423.718503
425.277143
426.910159
428.243039
429.922540
431.566984
433.224762
435.104444
437.878730
439.722540
441.330873
442.799683
444.356508
445.969841
447.415969
448.901270
450.405986
451.856236
453.375873
455.020408
456.491111
458.104444
459.630794
461.186667
462.619603
464.162540
465.873333
467.913333
470.147937
471.360373
