0.194830
2.362721
3.637415
5.046349
6.500635
7.948753
9.426621
10.839161
12.361610
13.762766
15.215918
16.680952
18.155238
19.668254
21.314603
22.890476
24.680408
26.560317
27.935918
29.849796
31.269932
32.725170
34.260363
35.753787
37.229796
38.639184
40.086803
41.502449
42.996190
44.388571
45.770476
47.332063
48.812245
50.304082
51.731429
53.242041
54.939592
56.352653
57.795692
59.241905
60.724535
62.219683
63.761383
65.356190
66.866122
68.415102
69.879592
71.419184
73.225714
74.700816
76.151383
77.834785
79.581224
81.217143
82.968526
84.659184
87.038776
89.067937
91.121735
92.710476
94.320408
95.918776
97.551293
99.200952
101.107302
102.605306
104.401633
105.902177
108.088571
109.679184
111.192245
112.523220
114.072358
115.515102
117.079955
118.565170
120.297460
121.955238
123.537460
125.056763
126.882313
128.680680
130.452630
131.971043
133.828980
135.443673
136.866349
138.421270
140.046667
141.395238
143.884354
145.883129
147.569206
149.220272
150.936463
152.623946
154.233197
155.797778
157.265306
158.721587
160.250748
161.691837
163.231746
164.761361
166.244762
167.810340
169.328980
170.782857
172.428980
174.235646
177.167483
179.905170
182.078367
184.623537
186.911746
189.763220
192.502494
194.948730
198.871020
200.415011
202.004263
203.391655
204.860408
206.307075
207.719184
209.104626
210.488254
211.838730
213.208571
214.639592
216.213016
217.563810
218.906349
220.357143
221.754603
223.151429
224.573152
226.083673
227.588299
229.074558
230.518503
232.030476
233.597370
235.018776
236.468571
237.913469
239.327891
240.820907
242.313605
243.735510
245.152744
246.601633
248.082948
249.511927
250.952200
252.322313
253.760499
255.234966
256.693787
258.093424
259.544989
261.021633
262.678367
265.244762
266.768571
268.525760
270.500045
272.103401
274.445351
276.791655
279.032033
280.680317
282.297551
283.857823
285.682857
287.305986
289.211927
291.142177
293.353741
295.464762
297.951973
299.663810
301.342222
302.925714
304.775556
306.425760
307.982857
309.669116
311.650794
313.558730
315.331429
316.918730
318.769206
320.426667
322.000635
323.552381
325.276190
326.973016
329.312698
331.034422
332.978095
334.862721
336.625714
338.275374
339.996145
341.544580
343.077778
344.565714
346.161633
347.709388
349.162041
350.700408
352.238367
353.822857
355.533878
357.372245
360.617551
363.416327
365.865714
368.244490
371.064082
373.707755
375.959075
379.140506
383.034694
385.656553
387.107120
387.814785
389.044399
390.432063
391.928435
393.549977
394.966984
396.318503
397.957143
400.010159
401.563039
403.302540
405.086984
406.904762
408.824444
411.338730
413.242540
415.023492
416.319683
417.996508
419.729841
421.167755
422.661270
424.365986
425.936236
427.535873
429.040408
430.571111
432.184444
433.730794
435.386667
436.938413
438.542540
440.173333
442.033333
443.841984
444.845327
