0.134830
1.842721
3.264354
4.526349
5.740635
6.968753
8.426621
9.619161
11.081610
12.402766
13.675918
15.060952
16.395238
17.728254
19.074603
20.510476
22.320408
24.000317
25.295918
26.609796
27.909932
29.205170
30.560363
31.893787
33.199592
34.539184
35.886803
37.242449
38.636190
39.957143
41.330476
42.752063
44.192245
45.564082
46.951429
48.382041
49.979592
51.352653
52.695692
54.067302
55.502676
56.979683
57.921383
59.176190
60.666122
61.715102
62.919592
63.999184
65.905714
67.300816
68.811383
70.434785
72.583673
74.497143
75.889705
77.379184
79.498776
81.131746
83.226939
84.690476
86.140408
87.578776
89.031293
90.480952
92.267302
93.605306
95.061633
96.662177
98.668571
100.579184
102.272245
103.491365
104.592358
106.008827
107.739955
109.366517
110.637460
111.755238
113.717460
115.114104
117.102313
119.120680
120.772630
122.091043
123.848980
125.223673
126.686349
128.035317
129.806667
131.195238
133.510884
135.346259
136.989206
138.260272
139.836463
141.263946
142.793197
144.377778
145.785306
147.281587
148.750748
150.251837
151.543492
152.961361
154.424762
155.810340
157.228980
158.642857
160.148980
161.851293
164.507483
166.865170
168.918367
171.143537
173.331746
175.943220
178.202494
180.715831
183.762922
184.875011
186.464263
187.671655
188.980408
190.367075
191.559184
192.904626
194.108254
195.278730
196.668571
198.119592
199.553016
200.943810
202.365397
203.754286
205.194603
206.595714
207.993152
209.443673
210.948299
212.414558
213.878503
215.295238
216.777370
218.218776
219.548571
220.993469
222.387891
223.800907
225.153605
226.615510
227.992744
229.481633
231.082948
232.451927
233.972200
235.382313
236.860499
238.314966
239.793787
241.213424
242.664989
244.141633
245.866122
247.984762
249.617143
251.345760
253.120045
254.663401
256.865351
259.071655
261.008299
262.540317
264.057551
265.477823
267.042857
268.332284
270.231927
271.782177
273.413741
275.144762
277.271973
278.789587
280.422222
282.065714
283.775556
285.325760
286.942857
288.548186
290.330794
292.038730
293.662857
294.978730
296.594603
298.066667
299.520635
300.992381
302.616190
304.213016
306.612698
308.534422
310.008435
311.422721
312.845714
314.255374
315.756145
317.344580
318.877778
320.385714
321.761633
323.289388
324.782041
326.220408
327.698367
329.162857
330.813878
332.412245
335.017551
337.423265
339.685714
342.004490
344.444082
346.638103
349.333061
351.902109
355.350188
357.676553
359.027120
360.474785
361.864399
363.192063
364.568435
366.129977
367.606984
369.078503
370.697143
372.650159
374.223039
375.622540
377.246984
378.838476
380.684444
383.238730
384.842540
386.503492
387.979683
389.496508
391.249841
392.687755
394.120085
394.925986
396.636236
398.615873
400.300408
401.831111
403.444444
404.970794
406.646667
408.179365
408.962540
410.642667
412.973333
414.747937
415.833175
