0.194830
2.422721
3.644354
4.926349
6.160635
7.448753
8.866621
10.439161
11.941610
13.382766
14.835918
16.360952
17.875238
19.428254
21.054603
22.570476
24.340408
26.100317
27.495918
28.989796
30.449932
31.905170
33.400363
34.933787
36.509796
38.019184
39.566803
41.022449
42.676190
44.177143
45.830476
47.452063
48.892245
50.444082
51.851429
53.462041
55.017449
56.672653
58.195692
59.661905
61.184535
62.659683
64.121383
65.636190
67.106122
68.555102
70.139592
71.679184
73.305714
74.781633
76.371383
78.094785
79.841224
81.817143
83.489705
85.219184
87.378776
89.367937
91.906939
93.580952
95.280408
96.998776
99.111293
100.920952
102.887302
104.565306
106.401633
108.082177
110.348571
112.209592
114.172245
115.663220
117.192358
118.750612
120.379955
122.085170
123.777460
125.375238
126.957460
128.594104
130.382313
132.200680
133.952630
135.651043
137.648980
139.243673
140.746349
142.361270
143.906667
145.415238
147.802177
149.566259
151.229206
152.860272
154.536463
156.203946
157.933197
159.597778
161.165306
162.761587
164.330748
165.991837
167.483492
169.061361
170.644762
172.230340
173.748980
175.322857
176.908980
178.635646
181.427483
183.685170
186.318367
188.663537
191.430134
193.983220
196.862494
199.737460
203.591020
205.195011
206.784263
208.231655
209.720408
211.227075
212.699184
214.144626
215.568254
217.018730
218.508571
219.939592
221.453016
222.863810
224.265397
225.717143
227.114603
228.522857
230.053152
231.523673
232.968299
234.554558
236.058503
237.555238
239.037370
240.598776
242.048571
243.553469
245.067891
246.600907
248.073605
249.535510
250.992744
252.561633
254.102948
255.631927
257.112200
258.662313
260.100998
261.614966
263.073787
264.493424
265.984989
267.481633
268.986122
270.704762
272.408571
274.305760
276.340045
278.243401
280.685351
283.031655
285.636830
287.380317
289.177551
290.991293
293.162857
294.985986
297.151927
299.442177
302.046122
304.444762
307.251973
309.083810
310.762222
312.565714
314.415556
316.165760
317.682857
319.509116
321.230794
322.938730
324.622857
326.338730
328.474603
330.146667
331.681270
333.452381
335.156190
336.773016
338.912698
340.674422
342.458095
344.102721
345.885714
347.515374
349.316145
351.044580
352.637778
354.265714
355.861633
357.529388
359.062041
360.620408
362.198367
363.742857
365.413878
367.132245
369.877551
372.276327
374.865714
377.364490
380.064082
382.747755
385.506122
388.712653
393.294694
395.636553
396.987120
398.714785
400.244399
401.792063
403.088435
404.649977
406.206984
407.598503
409.049286
410.830159
412.263039
413.902540
415.646984
417.344762
418.964444
421.558730
423.222540
424.983492
426.459683
428.036508
429.609841
431.147755
432.601270
434.181497
435.776236
437.259410
438.880408
440.471111
442.204444
443.750794
445.366667
447.096825
447.940088
448.873333
450.647179
452.580722
453.906349
