1.814830
3.942721
5.324354
6.526349
7.920635
9.408753
10.946621
12.399161
13.941610
15.402766
16.815918
18.320952
19.675238
21.048254
22.403810
23.830476
25.520408
27.320317
28.775918
30.309796
31.849932
33.325170
34.980363
36.513787
38.069796
39.579184
41.033605
42.462449
43.976190
45.397143
46.910476
48.492063
50.052245
51.624082
53.091429
54.662041
56.399592
57.952653
59.415692
61.027302
62.564535
64.059683
65.581383
67.196190
68.606122
70.095102
71.599592
73.199184
74.965714
76.340816
77.771383
79.274785
80.921224
82.497143
83.869705
85.399184
87.458776
89.129312
91.566939
93.230476
94.820408
96.298776
97.811293
99.420952
101.167302
102.705306
104.441633
106.042177
108.288571
109.859184
111.612245
113.243220
114.772358
116.210612
117.939909
119.485170
121.297460
122.995238
124.477460
126.054104
128.302313
129.880680
131.652630
133.091043
134.968980
136.463673
138.006349
139.521270
141.146667
142.615238
145.202177
146.901565
148.329206
149.780272
151.156463
152.643946
154.151066
155.617778
157.085306
158.561587
160.090748
161.691837
163.103492
164.561361
166.044762
167.590340
169.008980
170.462857
171.988980
173.615646
176.587483
178.724073
180.838367
182.643537
184.738821
186.703220
188.942494
191.320582
194.811020
196.437506
198.064263
199.431655
200.880408
202.487075
203.999184
205.524626
206.948254
208.378730
209.888571
211.339592
212.853016
214.267619
215.705397
217.177143
218.654603
220.131429
221.673152
223.203673
224.648299
226.234558
227.718503
229.215238
230.717370
232.198776
233.688571
235.153469
236.607891
238.160907
239.673605
241.095510
242.552744
244.121633
245.662948
247.171927
248.712200
250.262313
251.740499
253.254966
254.793787
256.273424
257.804989
259.361633
260.986122
263.244762
264.708571
266.425760
268.320045
269.963401
271.925351
273.951655
276.368299
278.060317
279.617551
281.097823
282.651429
284.091497
286.031927
287.662177
289.593741
291.672381
294.231973
295.963810
297.702222
299.345714
301.315556
303.065760
304.602857
306.249116
308.570794
310.298730
311.922857
313.398730
315.294603
316.806667
318.400635
319.952381
321.616190
323.213016
325.872698
327.654422
329.089084
330.562721
332.100635
333.515374
335.036145
336.424580
337.957778
339.532857
341.001633
342.529388
343.962041
345.420408
346.938367
348.422857
349.956939
351.612245
354.817551
356.856327
359.073143
361.001497
363.444082
365.553878
367.826122
370.432653
373.347347
375.996553
377.587120
379.174785
380.793197
382.452063
384.028435
385.589977
387.206984
388.858503
390.397143
392.730159
394.103039
395.582540
397.126984
399.094286
400.964444
403.478730
405.202540
406.943492
408.379683
409.916508
411.609841
413.207755
414.561270
416.085986
417.596236
419.155873
420.660408
422.151111
423.564444
425.150794
426.786667
428.316825
429.862540
431.513333
433.253333
435.007937
436.886349
