0.354830
2.222721
3.464354
4.846349
6.200635
7.508753
8.806621
10.079161
11.461610
12.762766
14.115918
15.480952
16.895238
18.408254
19.898413
21.450476
23.160408
24.540317
26.215918
27.789796
29.169932
30.445170
31.840363
33.133787
34.502449
35.799184
37.186803
38.602449
39.996190
41.288571
42.690476
44.212063
45.652245
47.084082
48.471429
50.002041
51.619592
52.992653
54.875692
56.401905
57.962676
59.479683
61.062766
62.516190
64.066122
65.535102
67.079592
68.559184
70.465714
72.140816
73.911383
75.494785
77.161224
78.897143
80.429705
82.199184
84.318776
86.347937
88.726939
90.430476
92.000408
93.518776
94.991293
96.560952
98.949206
100.705306
102.441633
104.142177
107.188571
109.079184
110.852245
112.683220
114.292358
115.810612
117.659955
119.325170
121.117460
122.895238
124.457460
126.094104
128.082313
130.020680
131.612630
133.051043
135.048980
136.503673
137.946349
139.581270
141.226667
142.775238
145.202177
146.906259
148.509206
149.900272
151.416463
152.963946
154.453197
155.977778
157.465306
158.921587
160.370748
161.971837
163.543492
165.081361
166.669524
168.270340
169.788980
171.282857
172.868980
174.695646
178.187483
180.645170
182.697026
185.063537
187.551746
189.883220
192.282494
195.097460
199.351020
201.115011
202.764263
204.191655
205.700408
207.287075
208.639184
210.084626
211.448254
214.238730
235.228571
254.079592
280.253016
300.643810
317.965397
327.997143
354.834603
356.451429
359.633152
371.623673
374.724898
391.654558
471.938503
496.260952
505.657370
509.658776
525.528571
539.933469
552.647891
562.160907
572.373605
585.795510
611.672744
613.281633
615.622948
621.591927
631.416599
635.522313
644.620499
646.554966
648.493787
662.753424
672.524989
725.441633
775.446122
788.404762
796.068571
818.805760
831.040045
895.813878
918.705351
921.171655
948.788299
965.940317
994.057551
998.057823
1001.802857
1003.725986
1092.260590
1117.102177
1137.073741
1305.384762
1324.555782
1326.283810
1327.922222
1334.105714
1338.855556
1341.345760
1345.302857
1353.025578
1359.355556
1363.318730
1365.862857
1367.798730
1369.414603
1371.346667
1373.200635
1374.752381
1376.616190
1378.253016
1380.812698
1382.974422
1385.038095
1386.302721
1387.765714
1389.595374
1391.416145
1393.424580
1396.557778
1398.745714
1400.623265
1402.389388
1403.662041
1404.942449
1408.818367
1410.522857
1412.393878
1414.132245
1416.537551
1427.436327
1455.405714
1458.584490
1528.364082
1552.587755
1559.286122
1569.372653
1574.238192
1574.476553
1576.127120
1577.654785
1580.444399
1582.232063
1585.615918
1595.779955
1600.426984
1609.678503
1611.697143
1616.047619
1620.755193
1622.562540
1625.566984
1627.364762
1629.484444
1632.038730
1633.882540
1635.703492
1636.279921
1636.856508
1638.389841
1639.233353
1639.433757
1640.745986
1642.376236
1643.695873
1645.280408
1646.811111
1648.504444
1650.030794
1651.846667
1654.236825
1656.162540
1658.353333
1660.453333
1670.327937
1677.386349
