0.991429
7.651655
14.836009
21.926032
28.392653
33.518866
43.933878
49.975102
56.098367
62.494286
68.988571
74.837959
80.648163
86.714966
93.263265
99.196780
105.230295
112.202449
118.388345
123.760771
129.136145
135.212200
142.776009
149.195465
155.964807
161.985079
168.540091
174.855238
180.850068
186.790612
193.220000
198.589388
202.388980
206.219093
210.233288
214.138141
217.946417
221.897642
225.930249
229.955782
233.728481
238.834558
243.225714
247.859773
252.842494
259.958322
266.403628
272.528299
278.648753
284.218730
289.547120
294.815238
299.599909
303.856803
307.839773
312.617143
317.288526
322.416571
326.290748
331.932381
337.030431
343.013424
348.338549
355.475057
361.312744
368.611519
374.954467
383.275964
390.196735
396.773878
403.173061
409.531429
415.715510
421.953333
428.402041
435.158367
441.392245
447.533878
453.493878
459.162857
464.838367
469.975510
475.404898
483.353878
489.733061
496.302857
502.786122
509.673878
516.299320
523.272063
530.640952
537.354785
544.418957
551.395692
558.096961
565.835873
571.364379
575.691882
