0.331429
6.451655
11.719002
17.306032
22.252653
29.112955
39.433878
45.255102
51.258367
57.734286
64.385714
70.657959
76.648163
82.214966
88.803265
95.216780
102.270295
109.602449
116.468345
121.940771
126.556145
132.992200
140.596009
146.961406
153.784807
159.965079
166.820091
172.615238
178.391837
184.190612
190.160000
195.289388
198.548980
202.399093
206.113288
209.698141
212.852834
216.637642
220.310249
223.815782
226.888481
231.734558
235.782857
239.959773
244.122494
250.276644
256.283628
261.908299
267.348753
272.518730
277.727120
282.970476
287.999909
292.893605
298.649887
304.237143
309.188526
315.074094
318.750748
323.672381
328.930431
335.233424
340.538549
346.995057
352.612744
358.391519
364.634467
372.215964
378.316735
384.113878
389.893061
395.525714
400.955510
406.553333
412.942041
419.378367
425.332245
431.186939
436.853878
442.171429
447.618367
452.731020
457.661633
466.073878
473.113061
480.482857
486.946122
496.833878
504.859320
513.692063
521.360952
528.214785
536.318957
543.535692
550.276961
557.895873
564.023492
572.871882
