0.991429
7.011655
12.999002
18.986032
24.872653
30.959956
38.593878
43.935102
49.758367
55.554286
61.508571
67.137959
73.188163
79.134966
85.006531
90.616780
96.290295
101.722449
107.308345
112.760771
118.056145
123.654440
130.516009
136.281406
142.524807
148.185079
154.020091
159.535238
164.777279
169.921224
175.160000
180.209388
183.328980
186.839093
190.193288
193.498141
196.512834
199.957642
203.490249
206.955782
210.188481
215.494558
219.785714
224.039773
228.362494
233.978322
239.743628
245.288299
250.988753
256.338730
261.807120
267.215238
272.439909
277.573605
282.349887
287.057143
291.568526
296.737332
300.530748
304.752381
309.370431
314.653424
319.317319
325.435057
329.572744
336.211519
341.834467
348.515964
354.176735
359.553878
364.893061
370.065714
375.295510
380.653333
386.222041
391.778367
397.412245
402.946939
408.533878
413.771429
419.258367
424.495510
429.681633
436.013878
441.353061
446.802857
452.366122
458.033878
463.139320
468.312063
473.240952
478.354785
484.078957
489.535692
494.376961
500.955873
504.206427
508.411882
