0.591429
6.611655
14.299002
21.226032
29.212653
37.678866
50.673878
56.235102
61.838367
67.174286
72.908571
78.177959
83.568163
88.378331
94.083265
99.133826
104.510295
110.262449
115.948345
120.860771
124.916145
132.312200
140.056009
145.461406
150.924807
156.165079
161.780091
166.915238
171.297279
175.550612
180.300000
185.149388
188.408980
192.139093
195.913288
199.598141
203.092834
206.817642
210.350249
213.895782
217.468481
223.694558
228.385714
233.119773
237.922494
244.418322
249.383628
254.148299
259.288753
263.718730
267.973560
271.935238
275.519955
279.473605
283.549887
287.997143
292.308526
297.555331
301.724490
306.432381
311.510431
317.513424
322.938549
329.855057
336.172744
343.131519
350.052336
360.195964
366.336735
372.153878
377.913061
383.591429
389.155510
395.113333
401.742041
408.318367
413.392245
418.306939
423.353878
427.951429
432.178367
435.955510
439.833878
446.713878
452.613061
458.822857
465.026122
471.371020
477.839320
484.812063
491.580952
498.134785
506.378957
515.055692
522.476961
532.735873
538.683492
544.523764
