0.411429
5.091655
10.199002
16.446032
21.492653
28.038866
40.553878
46.110612
51.898367
57.414286
63.488571
68.837959
74.148163
79.334966
85.323265
90.396780
95.410295
101.013605
106.128345
111.340771
115.916145
120.652200
127.096009
132.281406
137.744807
142.805079
148.320091
153.275238
157.777279
162.270612
167.400000
172.437551
176.008980
179.619093
183.313288
187.158141
190.712834
194.455283
198.330249
202.135782
205.568481
211.154558
215.265714
219.399773
223.642494
229.198322
234.283628
239.188299
244.224376
249.158730
253.887120
258.735238
263.559909
268.273605
272.689887
277.537143
282.908526
288.855964
293.690748
298.992381
303.570431
309.493424
313.778549
320.235057
327.252744
335.311519
341.934467
349.755964
355.416735
360.893878
366.333061
371.885714
377.435510
383.193333
388.902041
395.278367
400.472245
405.686939
410.893878
415.931429
421.158367
426.075510
431.061633
437.373878
442.993061
448.962857
454.786122
460.753878
466.539320
472.552063
478.680952
484.814785
490.838957
496.175692
501.676961
508.935873
514.405483
517.671882
