0.431429
7.431655
14.439002
21.446032
27.326327
33.058866
42.173878
47.415102
53.438367
59.194286
65.428571
71.017959
77.288163
83.174966
90.103265
96.278390
102.470295
109.022449
115.288345
121.120771
126.693016
133.852200
141.512018
147.441406
153.564807
159.485079
165.400091
170.615238
175.637279
180.810612
186.260000
190.869388
193.768980
197.419093
200.853288
204.158141
206.912834
210.557642
213.930249
217.215782
220.028481
224.494558
229.805714
235.199773
240.682494
248.378322
254.163628
259.588299
265.128753
270.258730
275.327120
280.375238
285.219909
290.133605
294.029887
298.168571
302.008526
307.035964
311.190748
316.472381
321.630431
327.465936
331.938549
337.611686
342.992744
349.147880
355.454467
364.235964
370.076735
375.493878
380.973061
386.245714
391.555510
397.073333
402.722041
408.598367
414.152245
419.546939
425.093878
430.351429
435.798367
440.835510
445.641633
453.013878
458.593061
464.122857
469.946122
476.053878
481.739320
488.092063
494.120952
500.314785
506.778957
513.415692
519.756961
527.075873
531.063492
536.351882
