0.451429
4.271655
9.059002
13.886032
19.572653
24.229433
30.853878
37.115102
43.558367
49.914286
56.888571
62.837959
69.248163
75.114966
81.823265
87.658927
93.450295
99.342449
105.388345
110.360771
114.316145
119.952200
127.476009
133.781088
140.404807
146.405079
153.120091
159.095238
163.917279
168.510612
173.500000
178.509388
181.548980
184.812238
187.893288
191.198141
194.292834
197.337642
200.490249
203.655782
206.548481
210.754558
214.625714
218.479887
222.362494
227.998322
232.943628
237.588299
243.108753
247.118730
251.687120
256.295238
260.559909
265.253605
269.159773
273.577143
277.788526
282.498498
285.950748
290.892381
295.610431
301.193424
305.958549
311.755057
316.372744
321.871519
327.334467
334.695964
340.173546
345.533878
350.613061
355.885714
360.995510
365.713333
370.842041
376.578367
381.392245
386.126939
391.293878
395.931429
400.838367
405.295510
409.590816
415.653878
421.053061
426.522857
431.686122
437.573878
443.359320
449.352063
456.120952
462.054785
468.418957
474.955692
481.816961
489.815873
495.543492
499.451882
