1.291429
7.251655
13.059002
18.526032
23.372653
28.978866
37.793878
44.435102
50.618367
56.954286
64.860000
71.221633
77.728163
83.414966
88.761633
93.996780
99.450295
104.462449
109.748345
114.440771
119.356145
125.332200
131.716009
137.041406
142.604807
147.725079
153.080091
157.975238
162.637279
167.330612
172.400000
177.369388
180.477245
183.859093
187.313288
190.858141
193.932834
197.117642
200.370249
203.555782
206.384240
210.174558
214.405714
218.699773
223.202494
228.598322
233.823628
239.048299
244.448753
249.498730
254.747120
260.295238
265.419909
270.313605
274.549887
278.797143
282.956175
287.607982
291.370748
295.712381
299.850431
304.273424
308.598549
313.478352
318.331062
323.831519
330.217868
337.815964
343.876735
350.073878
356.073061
361.945714
368.055510
374.513333
381.562041
388.478367
393.872245
399.266939
404.753878
409.851429
415.578367
420.615510
425.481633
432.553878
438.433061
445.622857
452.066122
459.113878
465.139320
471.692063
478.240952
484.974785
492.358957
499.975692
507.476961
515.535873
522.383492
529.031882
