3.091429
8.291655
13.799002
19.086032
24.372653
30.278866
38.373878
43.975102
50.578367
57.008571
64.548571
70.237959
77.008163
83.214966
89.563265
95.916780
102.110295
108.202449
114.368345
120.260771
126.316145
133.812200
141.736009
148.022812
154.684807
160.965079
167.300091
173.275238
178.597279
183.961224
189.830000
195.508163
199.208980
203.159093
207.113288
211.138141
214.752834
218.717642
222.590249
226.511565
230.248481
235.054558
239.745714
244.679546
249.462494
255.638322
261.103628
266.428299
271.828753
276.998730
282.227120
287.616190
292.699909
297.813605
302.329887
306.857143
311.688526
317.218655
321.450748
326.172381
331.130431
336.673424
341.718549
347.995057
352.292744
359.035760
365.294467
372.435964
378.016735
383.673878
389.273061
394.825714
400.315510
405.993333
411.942041
418.278367
423.592245
428.706939
433.886939
438.791429
443.878367
448.635510
453.201633
459.893878
466.053061
472.002857
478.245224
484.833878
490.979320
497.472063
504.160952
510.414785
517.536871
523.795692
530.136961
536.755873
543.102732
546.991882
