0.390476
5.171655
9.519002
13.646032
18.892653
24.119773
34.593878
39.715102
45.498367
51.214286
57.528571
62.937959
68.368163
74.251655
80.783265
86.536780
92.310295
97.582449
103.768345
109.280771
114.796145
120.352200
128.796009
134.881088
141.604807
147.705079
153.960091
159.715238
164.797279
169.971837
175.440000
180.429388
184.046939
188.419093
192.593288
196.932562
200.512834
204.677642
208.730249
212.935782
216.548481
221.214558
226.025714
231.159773
236.442494
243.698322
249.983628
255.948299
262.228753
267.818730
273.747120
279.575238
284.659909
289.553605
294.199773
299.137143
304.308526
309.277666
313.110748
317.372381
322.390431
328.053424
333.118549
339.095057
344.292744
350.871519
356.634467
364.515964
370.556735
376.113878
381.733061
387.105714
392.675510
398.393333
404.062041
410.758367
416.832245
422.553878
428.373878
433.691429
439.638367
444.855510
450.021633
457.053878
462.893061
469.637143
476.306122
483.913878
490.939320
498.248889
506.880952
514.654785
522.615828
530.255692
538.036961
546.615873
550.463492
555.811882
