0.971429
6.631655
12.739002
17.666032
23.252653
29.698866
37.913878
43.095102
48.058367
53.794286
59.268571
64.613878
69.868163
74.454966
79.863265
84.536780
89.030295
93.442449
98.088345
102.040771
105.991615
111.392200
117.936009
123.281406
128.304807
132.985079
138.480091
143.155238
146.897279
150.510612
154.760000
159.349388
162.548980
166.139093
169.473288
172.378141
175.392834
178.817642
181.995125
185.055782
188.128481
192.574558
196.765714
200.879773
205.222494
211.178322
215.703628
219.808299
224.108753
228.138730
232.387120
236.415238
239.999909
244.093605
247.409887
251.057143
254.708526
259.226377
262.344490
266.472381
271.170431
276.411342
280.458549
286.175057
290.492744
296.371519
302.783401
308.775964
313.736735
318.433878
323.333061
328.225714
332.675510
337.653333
341.982041
347.298367
351.532245
355.666939
359.733878
363.711429
367.869592
371.535510
375.293878
380.933878
386.133061
391.842857
397.146122
403.093878
408.919320
415.032063
421.580952
427.154785
432.998957
439.195692
445.376961
452.595873
457.303492
460.291882
