2.362857
8.071655
13.879002
19.732063
25.792653
31.798866
39.273878
44.495102
49.938367
55.474286
61.168571
66.477959
71.848163
77.207497
82.763265
87.436780
92.190295
97.037493
102.268345
107.320771
111.656145
117.452200
124.296009
129.684218
135.224807
140.785079
146.480091
151.475238
156.217279
160.470612
165.080000
169.618776
172.828980
176.179093
179.533288
182.918141
185.732834
189.037642
192.396750
195.515782
198.308481
202.914558
206.625714
210.379773
213.902494
218.818322
223.623628
228.128299
233.108753
237.698730
242.287120
246.815238
250.959909
254.913605
258.909887
263.437143
267.268526
271.957998
275.350748
279.152381
283.550431
288.513424
292.859274
300.295057
305.392744
311.111519
317.483401
324.975964
330.536735
335.833878
340.899306
346.085714
351.275510
356.513333
361.702041
367.818367
372.712245
377.466939
382.293878
386.791429
391.498367
395.875510
400.127211
406.173878
411.613061
416.982857
422.326122
428.113878
433.919320
440.012063
446.520952
453.154785
460.738957
467.095692
472.416961
480.455873
486.524419
491.351882
