0.245714
5.551655
11.379002
17.086032
22.132653
27.459773
35.993878
41.995102
48.138367
54.314286
60.548571
66.177959
71.988163
77.874966
84.283265
90.096780
95.490295
101.242449
106.768345
112.260771
116.836145
122.692200
129.676009
135.361406
141.484807
147.105079
153.180091
159.075238
163.837279
168.710612
173.800000
178.029388
181.008980
184.339093
187.773288
191.078141
193.832834
197.157642
200.470249
203.695782
206.688481
211.334558
215.445714
219.419773
223.742494
229.478322
234.763628
239.848299
244.768753
249.498730
253.747120
257.675238
261.159909
264.397868
267.769887
271.437143
275.408526
279.915964
283.990748
288.412381
293.010431
298.893424
303.618549
309.435057
314.072744
319.419254
324.234467
330.095964
335.276735
339.793878
344.593061
349.445714
354.315510
359.573333
364.982041
371.098367
376.252245
381.126939
385.773878
390.211429
394.478367
398.435510
402.301633
407.633878
412.853061
418.322857
423.646122
429.833878
435.779320
441.852063
446.650476
451.494785
457.418957
463.717846
469.036961
475.255873
480.223915
484.411882
