1.071429
6.631655
12.739002
18.906032
24.092653
31.078866
40.293878
46.395102
52.958367
59.502857
66.188571
72.377959
78.328163
84.154966
90.383265
96.576780
102.560590
108.882449
114.628345
120.541542
126.376145
132.652200
139.856009
146.181406
152.544807
158.785079
165.280091
171.375238
177.017279
182.461224
188.420000
193.829388
197.208980
200.639093
203.973288
207.378141
210.612834
213.937642
217.270249
220.615782
223.908481
227.674558
231.481905
235.619773
239.602494
245.358322
250.203628
255.048299
259.788753
264.318730
268.707120
272.955238
276.759909
280.953605
284.829887
289.257143
293.868526
299.575964
303.750748
308.292381
313.150431
318.653424
323.418549
329.375057
334.372744
340.251519
346.655737
354.455964
359.976735
365.593878
371.153061
376.831429
382.555510
388.333333
394.482041
401.158367
406.172245
411.006939
415.833878
420.271429
424.858367
429.135510
433.507211
439.413878
444.993061
450.742857
456.486122
462.853878
469.079320
475.792063
481.840952
487.914785
495.918957
502.215692
509.110884
516.295873
522.803492
527.951882
