0.491429
5.611655
11.259002
16.966032
23.432653
29.038866
37.533878
43.455102
49.678367
55.954286
62.228571
68.157959
74.348163
80.214966
86.083265
91.536780
97.090295
102.982449
108.688345
113.700771
118.556145
124.932200
132.656009
139.042812
145.604807
151.965079
158.280091
164.355238
169.617279
174.926122
180.900000
186.309388
189.708980
192.879093
196.033288
199.378141
202.392834
205.517642
208.590249
211.775782
214.668481
218.674558
222.045714
225.519773
229.142494
234.638322
239.843628
244.688299
249.808753
254.678730
259.427120
264.335238
268.999909
273.933605
278.049887
281.837143
284.988526
288.695331
292.210748
295.992381
300.530431
305.967632
309.998549
315.655057
320.692744
327.011519
333.354467
340.715964
346.916735
352.613878
358.533061
364.171429
369.855510
375.833333
381.882041
388.738367
394.112245
399.126939
404.293878
408.991429
413.878367
418.595510
423.121633
429.353878
434.793061
440.562857
445.966122
452.413878
458.159320
464.212063
471.040952
476.834785
483.118957
488.535692
494.856961
501.735873
505.743492
509.551882
