1.011429
7.031655
12.759002
19.466032
26.112653
32.198866
42.433878
47.755102
53.698367
59.794286
65.720000
71.237959
77.048163
82.594966
89.003265
94.696780
100.430295
106.802449
113.428345
119.583855
125.576145
132.032200
140.516009
146.401406
152.504807
158.245079
164.720091
169.855238
174.857279
180.010612
186.400000
191.809388
195.168980
198.899093
202.493288
205.618141
208.632834
212.375283
215.816750
218.895782
221.908481
226.174558
230.705714
235.119773
239.802494
246.358322
251.143628
255.508299
259.948753
264.478730
268.947120
273.455238
277.739909
281.993605
285.589887
289.737143
293.768526
298.887982
303.305986
309.052381
314.390431
320.073424
325.018549
331.495057
335.412744
342.011519
348.714467
358.155964
363.796735
369.953878
375.673061
381.897143
387.875510
393.953333
400.702041
408.538367
413.772245
418.466939
423.113878
427.651429
432.518367
437.195510
442.101633
449.633878
455.513061
461.822857
467.886122
475.093878
481.979320
489.132063
495.760952
502.254785
508.098957
514.655692
521.556961
530.135873
536.203492
544.811882
