0.351429
6.671655
12.619002
18.146032
23.552653
29.349433
36.533878
41.435102
46.998367
52.794286
58.648571
63.937959
69.368163
75.094966
80.920192
86.616780
91.950295
97.562449
103.128345
107.603084
111.636145
117.432200
123.756009
128.861406
134.544807
139.725079
145.300091
150.175238
154.457279
158.690612
163.480000
167.529388
169.988980
173.599093
177.293288
181.158141
184.052834
187.837642
191.590249
195.435782
198.328481
203.474558
208.105714
212.579773
216.962494
223.178322
227.883628
232.288299
236.464376
240.438730
244.427120
248.355238
252.119909
255.633605
258.369887
263.097143
268.308526
274.373596
278.470748
282.832381
287.870431
293.613424
298.458549
305.015057
310.232744
316.091519
321.848934
328.675964
334.536735
340.713878
346.453061
352.731429
358.655510
364.713333
371.122041
378.158367
382.972245
387.626939
392.111293
396.351429
400.618367
404.635510
408.681633
414.813878
419.973061
425.762857
431.446122
437.813878
443.399320
449.552063
455.800952
461.434785
467.858957
474.815692
480.776961
488.247175
492.576731
496.831882
