0.551429
5.931655
11.979002
17.746032
23.192653
29.078866
35.973878
40.995102
46.038367
51.574286
57.168571
62.757959
68.328163
73.874966
79.810816
84.896780
90.250295
95.942449
100.968345
105.700771
111.156145
116.892200
123.176009
128.681406
134.224807
139.605079
145.160091
150.455238
155.537279
160.693061
165.990000
170.748163
174.188980
177.639093
181.353288
185.056281
188.592834
192.197642
195.930249
199.715782
203.188481
206.874558
210.825714
215.019773
219.382494
224.798322
230.443628
236.048299
241.768753
246.978730
252.267120
257.675238
262.979909
268.193605
273.039773
277.837143
282.368526
287.515964
291.130748
295.112381
299.876810
305.193424
309.838549
315.078046
319.512744
325.411519
330.714467
337.715964
343.876735
349.593878
355.493061
360.925714
366.955510
372.713333
378.802041
384.918367
390.792245
396.546939
402.413878
407.871429
413.598367
419.055510
424.481633
431.813878
438.253061
444.402857
450.726122
457.413878
463.819320
470.372063
476.760952
483.154785
489.898957
496.413923
502.296961
509.215873
512.948926
518.491882
