1.351429
6.831655
11.939002
17.266032
21.212653
26.259773
35.573878
41.175102
47.316735
53.134286
58.908571
64.217959
69.808163
75.174966
80.963265
86.696780
92.110295
97.842449
103.488345
108.761542
113.476145
119.532200
125.736009
131.481406
137.544807
143.165079
149.440091
154.685079
159.317279
164.090612
168.700000
172.849388
175.888980
179.539093
183.173288
186.658141
189.852834
193.477642
197.090249
200.615782
204.028481
208.894558
213.125714
217.319773
221.522494
227.438322
232.603628
237.348299
242.148753
246.658730
251.047120
255.275238
259.299909
263.513605
268.209887
272.757143
277.208526
281.859664
286.050748
290.512381
295.470431
301.513424
306.838549
312.911011
317.052744
322.991519
327.974467
334.395964
339.476735
344.373878
349.233061
354.045714
358.917755
364.133333
369.262041
375.418367
380.452245
385.126939
389.853878
394.331429
398.778367
402.975510
407.181633
412.713878
417.713061
423.062857
428.251531
434.253878
439.979320
445.892063
451.140952
456.294785
462.238957
467.975692
473.236961
479.255873
485.262634
487.991882
