0.395714
6.391655
12.259002
17.966032
23.592653
29.338866
38.633878
44.395102
50.298367
56.194286
61.868571
67.255918
72.888163
78.474966
84.663265
90.616780
96.550295
103.042449
109.028345
113.320771
117.396145
123.992200
130.396009
135.761406
141.644807
147.065079
152.840091
157.795238
162.017279
166.030612
171.080000
175.669388
178.548980
181.899093
185.296644
188.618141
191.684278
195.097642
198.470249
201.755782
205.108481
211.114558
215.225714
219.439773
223.802494
229.718322
235.083628
240.208299
245.748753
250.418730
254.827120
259.015238
262.807982
266.893605
269.809887
274.137143
278.388526
284.635964
288.584490
292.172381
296.650431
302.253424
306.838549
312.995057
317.732744
323.771519
329.654467
337.275964
342.636735
348.133878
353.319229
358.405714
363.335510
368.593333
374.742041
381.398367
386.552245
391.486939
396.833878
401.571429
405.958367
409.955510
413.601633
418.813878
424.113061
429.662857
435.426122
441.573878
447.699320
454.272063
460.960952
467.174785
474.898957
481.875692
488.376961
496.775873
503.403492
509.011882
