0.271429
5.751655
12.279002
18.426032
24.872653
31.618866
44.093878
49.975102
56.058367
61.834286
68.068571
73.675918
80.386939
87.174966
94.423265
101.616780
108.250295
114.922449
121.388345
127.640771
133.256145
138.752200
145.676009
151.920351
159.804807
166.125079
173.420091
179.255238
184.978231
191.290612
197.700000
203.389388
206.348980
210.179093
214.233288
218.436281
221.852834
225.697642
229.470249
233.495782
237.228481
241.714558
246.085714
250.899773
255.662494
264.218322
270.263628
275.608299
281.168753
286.558730
291.627120
296.655238
300.939909
304.593605
308.849887
313.137143
317.768526
322.573880
325.890748
331.012381
336.130431
341.113424
346.198549
351.175057
355.432744
360.731920
365.554467
372.075964
377.704184
383.253878
389.053061
394.545714
399.455510
404.613333
410.422041
417.258367
422.892245
428.006939
433.333878
438.151429
442.798367
447.015510
451.341633
458.453878
463.593061
469.682857
475.346122
482.113878
487.839320
493.592063
498.840952
504.334785
510.378957
515.355692
520.536961
522.795873
528.183492
533.071882
