0.622222
1.565533
2.433061
3.288254
4.199093
5.077596
5.940590
6.833016
7.904762
9.241270
10.376599
11.629524
12.758685
14.034286
15.195510
16.379184
17.723265
18.888707
20.178050
21.417551
22.500000
23.723673
25.023175
26.299683
27.487347
28.820544
29.957914
31.719683
34.097959
35.679683
36.921179
38.118776
39.391383
40.560000
41.792971
43.051746
44.182948
45.462540
46.631565
47.843492
49.044444
50.261905
52.820408
54.395873
55.827937
57.390476
59.243900
60.675238
62.097234
63.492381
64.539184
65.502676
66.580000
67.985714
69.504490
70.920952
72.302449
73.690204
74.980635
76.284898
77.570204
78.928163
80.193061
81.716417
83.141859
84.540544
85.842132
87.177596
88.568844
89.877143
91.215737
92.527075
94.508571
95.754603
96.956327
98.156054
99.445079
100.555238
101.863628
103.157007
104.354104
105.660544
106.977959
108.509524
109.730975
110.970476
112.097778
113.200408
114.284082
115.349796
116.372290
117.359229
118.357143
119.394694
120.438367
121.507347
122.542857
124.578776
126.318367
127.746531
130.507347
136.803175
138.751429
140.126667
141.888571
143.053469
144.933515
150.408163
152.220952
153.601633
154.384535
155.420000
156.651837
158.070023
159.374286
160.480136
161.548254
162.601859
163.686667
165.184762
