0.162222
1.385533
2.213061
3.048254
3.939093
4.837596
5.760590
6.693016
7.864762
9.401270
10.916599
12.289524
13.498685
14.734286
15.835510
17.079184
18.383265
19.688707
20.938050
22.257551
23.451429
24.683673
25.883175
27.339683
28.587347
29.900544
31.617914
33.739683
37.077959
38.699683
39.981179
41.258776
42.511383
43.720000
44.952971
46.151746
47.342948
48.622540
49.871565
51.043492
52.344444
53.781905
56.920408
58.515873
60.027937
61.770476
63.863900
65.395238
66.877234
68.252381
69.259184
70.182676
71.354558
72.985714
74.684490
76.140952
77.602449
79.050204
80.500635
81.924898
83.370204
84.848163
86.253061
88.016417
89.581859
90.780544
92.042132
93.277596
94.508844
95.537143
96.915737
98.207075
100.408571
101.814603
103.116327
104.356054
105.525079
106.595238
107.863628
109.157007
110.414104
111.680544
112.977959
114.369524
115.650975
116.930476
117.977778
118.960408
119.924082
120.889796
121.792290
122.659229
123.577143
124.434694
125.398367
126.287347
127.362857
128.318776
129.158367
130.041633
130.884490
131.853016
132.771429
133.632381
134.588571
135.513469
136.453515
137.340000
138.320952
139.340000
140.244535
141.240000
142.271837
143.210023
144.154286
145.100136
146.128254
147.421859
148.533333
149.964762
