0.362222
1.525533
2.413061
3.368254
4.279093
5.157596
6.080590
7.013016
7.984762
9.461270
10.756599
12.009524
13.198685
14.494286
15.675510
16.879184
18.123265
19.328707
20.658050
21.937551
23.111429
24.323673
25.583175
26.939683
28.267347
29.600000
30.797914
32.099683
33.337959
34.800000
36.041179
37.198776
38.371383
39.580000
40.812971
42.071746
43.122948
44.322540
45.591565
46.703492
47.944444
49.221905
51.660408
53.135873
54.507937
55.950476
57.403900
58.835238
60.217234
61.632381
62.699184
63.782676
65.034558
66.385714
67.824490
69.300952
70.682449
72.090204
73.420635
74.824898
76.170204
77.568163
78.893061
80.336417
81.761859
83.020544
84.222132
85.457596
86.720000
87.797143
89.055737
90.467075
91.828571
93.194603
94.376327
95.596054
96.805079
97.955238
99.223628
100.497007
101.614104
102.780544
103.957959
105.329524
106.550975
107.730476
108.777778
109.800000
110.824082
111.789796
112.712290
113.619229
114.497143
115.434694
116.338367
117.427347
118.422857
120.558776
122.658367
123.728163
126.984490
128.925079
130.211429
133.892381
134.988571
136.754286
138.173515
139.788163
141.440952
146.461633
148.704535
150.738458
152.211837
153.530023
154.534286
155.520136
156.448254
157.401859
158.406667
159.884762
