0.182222
1.165533
2.013061
2.948254
3.899093
4.717596
5.620590
6.553016
7.624762
8.941270
10.236599
11.489524
12.618685
13.774286
14.975510
16.179184
17.463265
18.688707
19.978050
21.237551
22.331429
23.543673
24.903175
26.439683
27.542041
29.060544
30.437914
32.119683
34.757959
36.399683
37.721179
38.938776
40.211383
41.420000
42.660000
43.951746
45.142948
46.382540
47.611565
48.843492
50.104444
51.300000
53.760408
55.275873
56.647937
58.170476
59.723900
61.135238
62.617234
63.992381
64.999184
65.962676
67.074558
68.625714
70.184490
71.520952
72.902449
74.190204
75.500635
76.784898
78.070204
79.448163
80.733061
82.216417
83.561859
84.940544
86.262132
87.557596
88.888844
90.197143
91.615737
92.987075
94.868571
96.094603
97.316327
98.400000
99.605079
100.775238
102.003628
103.317007
104.514104
105.840544
107.177959
108.829524
110.090975
111.290476
112.397778
113.340408
114.464082
115.529796
116.532290
117.499229
118.457143
119.514694
120.478367
121.567347
122.622857
126.318776
127.778367
128.741633
131.104490
133.593016
134.631429
139.992381
142.068571
144.173469
145.373515
150.568163
152.060952
154.741633
155.564535
156.598458
157.651837
158.610023
159.614286
160.720136
161.768254
162.821859
163.666667
165.144762
