0.402222
1.385533
2.273061
3.168254
4.079093
4.937596
6.340590
7.473016
8.564762
10.181270
11.776599
13.209524
14.558685
15.914286
17.235510
18.519184
19.883265
21.228707
22.598050
23.997551
25.271429
26.623673
28.003175
29.439683
30.747347
32.280544
33.777914
35.859683
38.377959
40.179683
41.661179
43.098776
44.651383
46.140000
47.612971
48.991746
50.342948
51.742540
53.051565
54.543492
55.964444
57.601905
60.180408
61.715873
63.007937
64.410476
65.783900
67.035238
68.277234
69.492381
70.519184
71.582676
72.934558
74.465714
75.904490
77.240952
78.500000
79.790204
81.040635
82.304898
83.420000
84.748163
85.973061
87.300000
88.621859
89.920544
91.262132
92.537596
93.908844
95.157143
96.535737
97.887075
99.628571
101.614603
102.936327
104.176054
105.405079
106.635238
107.903628
109.197007
110.494104
111.800544
113.077959
114.349524
115.630975
116.890476
117.997778
119.020408
120.004082
121.009796
121.872290
122.699229
123.557143
124.434694
125.298367
126.307347
127.282857
128.118776
128.978367
129.881633
130.804490
131.700000
132.651429
133.592381
134.580000
135.473469
136.433515
137.328163
138.420952
139.401633
140.304535
141.278458
142.411837
143.270023
144.234286
145.220136
146.048254
146.981859
147.686667
149.044762
