0.582222
2.065533
2.973061
3.888254
4.759093
5.697596
6.600590
7.513016
8.524762
9.781270
11.136599
12.449524
13.658685
15.054286
16.295510
17.679184
19.063265
20.368707
21.858050
23.237551
24.491429
25.823673
27.223175
28.819683
30.227347
31.600544
33.177914
35.019683
36.937959
38.539683
39.921179
41.218776
42.551383
43.860000
45.172971
46.511746
47.802948
49.122540
50.431565
51.703492
52.984444
54.441905
56.860408
58.395873
59.687937
61.150476
62.583900
63.815238
65.117234
66.492381
67.479184
68.502676
69.654558
71.245714
72.784490
74.120952
75.482449
76.850204
78.160635
79.464898
80.570204
82.088163
83.353061
84.756417
86.101859
87.440544
88.722132
89.997596
91.308844
92.577143
93.815737
94.887075
96.180000
97.474603
98.776327
99.896054
101.165079
102.355238
103.703628
105.037007
106.374104
107.820544
109.417959
111.069524
112.430975
113.690476
114.817778
115.780408
116.884082
117.889796
118.772290
119.639229
120.477143
121.314694
122.200000
123.187347
124.182857
124.998776
125.858367
126.661633
127.564490
128.373016
129.351429
130.252381
131.048571
132.073469
132.920000
133.808163
134.880952
135.901633
136.644535
137.658458
138.611837
139.520000
140.434286
141.300136
142.208254
143.261859
143.966667
145.120000
