0.142222
1.945533
2.893061
3.928254
4.859093
5.897596
6.820590
7.813016
8.880000
10.020000
11.256599
12.549524
13.698685
14.874286
15.931020
17.199184
18.363265
19.408707
20.558050
21.717551
22.831429
23.923673
25.003175
26.339683
27.327347
28.380544
28.977914
30.419683
32.097959
33.239683
34.401179
35.558776
36.651383
37.820000
38.832971
39.951746
40.982948
42.222540
43.351565
44.483492
45.664444
46.761905
48.440408
49.935873
51.347937
52.770476
54.223900
55.635238
56.977234
58.352381
59.519184
60.682676
61.994558
63.485714
65.064490
66.640952
68.062449
69.530204
71.000635
72.464898
73.850204
75.328163
76.653061
78.176417
79.581859
81.020544
82.402132
83.797596
85.308844
86.617143
88.015737
89.327075
90.640000
91.914603
93.236327
94.476054
95.685079
96.855238
98.063628
99.237007
100.374104
101.600544
102.717959
104.009524
105.260000
106.430476
107.517778
108.580408
109.684082
110.749796
111.772290
112.739229
113.717143
114.694694
115.738367
116.747347
117.782857
120.179184
121.598367
123.094694
126.104490
127.773016
129.291429
133.352381
134.788571
136.153469
137.653515
139.008163
140.560952
141.821633
143.184535
144.198458
145.691837
148.050023
149.094286
150.920136
152.168254
153.401859
154.686667
156.144762
