0.142222
1.085533
1.933061
2.768254
3.599093
4.417596
5.340590
6.273016
7.344762
8.881270
10.296599
11.649524
12.898685
14.194286
15.415510
16.679184
17.923265
19.208707
20.538050
21.877551
23.131429
24.463673
25.803175
27.179683
28.447347
29.840544
31.317914
32.939683
34.817959
36.459683
37.881179
39.258776
40.591383
41.920000
43.252971
44.591746
45.902948
47.202540
48.511565
49.823492
51.164444
52.601905
54.860408
56.375873
57.787937
59.230476
60.683900
62.095238
63.457234
64.792381
65.799184
66.822676
67.994558
69.485714
70.984490
72.380952
73.802449
75.190204
76.520635
77.844898
79.190204
80.568163
81.933061
83.336417
84.781859
86.160544
87.542132
88.897596
90.348844
91.657143
93.075737
94.487075
96.228571
97.574603
98.896327
100.136054
101.445079
102.735238
104.003628
105.317007
106.594104
107.920544
109.217959
110.689524
111.970975
113.310476
114.417778
115.500408
116.604082
117.609796
118.592290
119.539229
120.457143
121.374694
122.318367
123.327347
124.342857
125.338776
126.318367
127.281633
128.264490
129.313016
130.331429
131.352381
132.388571
133.433469
134.533515
135.608163
136.700952
137.841633
138.804535
139.878458
141.031837
141.990023
142.994286
144.100136
145.168254
146.221859
147.306667
148.784762
