1.042222
2.145533
3.053061
4.108254
4.939093
5.897596
7.060590
8.033016
9.164762
10.761270
12.413197
14.069524
15.578685
17.094286
18.595510
20.199184
21.723265
23.194830
24.838050
26.457551
27.911429
29.503673
30.983175
32.679683
34.307347
36.020544
37.837914
40.159683
42.157959
44.179683
45.721179
47.358776
48.951383
50.380000
51.932971
53.471746
54.822948
56.382540
57.811565
59.283492
60.784444
62.501905
65.200408
67.075873
68.767937
70.570476
72.423900
74.135238
75.737234
77.192381
78.419184
79.742676
81.314558
82.985714
84.884490
86.760952
88.322449
89.950204
91.600635
93.144898
94.770204
96.328163
97.893061
99.576417
101.321859
102.920544
104.502132
106.177596
107.808844
109.397143
111.075737
112.787075
114.922857
116.714603
118.356327
119.896054
121.545079
122.955238
124.623628
126.197007
127.774104
129.200544
130.837959
132.449524
133.970975
135.390476
136.617778
137.720408
139.024082
140.129796
141.192290
142.219229
143.277143
144.274694
145.398367
146.407347
147.502857
148.578776
149.578367
150.621633
151.604490
152.653016
153.631429
154.632381
155.608571
156.653469
157.700000
158.748163
159.720000
160.741633
161.624535
162.618458
163.751837
164.630023
165.634286
166.620136
167.528254
168.521859
169.606667
170.824762
