0.322222
1.265533
2.133061
3.068254
4.019093
4.837596
5.820590
6.813016
7.860000
9.160000
10.476599
11.609524
12.798685
14.094286
15.235510
16.459184
17.703265
18.928707
20.298050
21.617551
22.771429
24.043673
25.323175
26.699683
27.967347
29.280544
30.637914
32.499683
34.757959
36.979683
38.301179
39.618776
40.951383
42.280000
43.592971
44.871746
46.062948
47.342540
48.611565
49.903492
51.084444
52.381905
54.980408
56.635873
58.187937
60.110476
61.723900
63.175238
64.597234
66.112381
67.219184
68.182676
69.254558
70.665714
72.304490
73.700952
75.182449
76.590204
77.860635
79.204898
80.570204
81.988163
83.293061
85.036417
86.661859
88.040544
89.562132
90.917596
92.468844
93.880000
95.555737
97.087075
99.237143
100.594603
101.816327
103.056054
104.305079
105.435238
106.683628
107.977007
109.214104
110.540544
112.037959
113.549524
114.790975
115.930476
117.037778
118.080408
119.284082
120.309796
121.413741
122.439229
123.497143
124.534694
125.578367
126.667347
127.942857
130.198776
133.398367
135.103673
137.644490
143.805714
148.671429
150.792381
152.608571
156.733469
158.513515
159.768163
160.860000
161.861633
162.784535
163.858458
164.991837
165.950023
167.034286
168.140136
169.168254
170.201859
171.346667
172.984762
