0.102222
1.045533
1.953061
2.908254
3.759093
4.657596
5.680590
6.633016
7.804762
9.401270
11.076599
12.509524
13.778685
15.154286
16.435510
17.759184
19.146531
20.428707
21.778050
23.137551
24.391429
25.783673
27.143175
28.579683
29.867347
31.320544
32.857914
34.499683
36.197959
37.899683
39.321179
40.818776
42.091383
43.360000
44.692971
46.031746
47.282948
48.600000
49.891565
51.123492
52.424444
53.961905
56.620408
58.235873
59.667937
61.350476
62.943900
64.455238
65.837234
67.352381
68.519184
69.782676
71.289116
72.925714
74.604490
76.140952
77.662449
79.090204
80.520635
81.944898
83.390204
84.868163
86.353061
87.900000
89.381859
90.860544
92.262132
93.717596
95.168844
96.477143
98.035737
99.427075
101.222857
102.674603
104.056327
105.276054
106.565079
107.835238
109.103628
110.477007
111.754104
113.080544
114.377959
116.049524
117.470975
118.810476
119.957778
121.040408
122.144082
123.269796
124.292290
125.239229
126.217143
127.234694
128.258367
129.347347
130.402857
133.873061
135.618367
137.341633
138.784490
141.213016
142.262857
148.372381
150.508571
151.713469
153.733515
156.108163
158.044762
161.421633
162.724535
163.738458
165.091837
166.510023
167.534286
168.620136
169.588254
170.561859
171.626667
173.264762
