0.462222
2.045533
2.973061
3.988254
4.919093
5.997596
7.140590
8.253016
9.564762
11.221270
13.076599
14.729524
16.218685
17.894286
19.262041
20.879184
22.513061
24.108707
25.598050
27.117551
28.531429
29.983673
31.663175
33.259683
34.827347
36.460544
38.135828
40.119683
42.097959
44.099683
45.921179
47.418776
48.951383
50.600000
51.972971
53.691746
55.122948
56.522540
58.291565
59.863492
61.664444
64.001905
68.620408
70.555873
72.007937
73.530476
75.103900
76.575238
78.000635
79.332381
80.479184
81.702676
83.014558
84.485714
86.144490
87.660952
89.182449
90.710204
92.200635
93.704898
95.350204
96.848163
98.413061
100.316417
101.981859
103.540544
105.242132
106.757596
108.248844
109.657143
111.495737
113.167075
115.408571
117.454603
119.076327
120.636054
122.265079
123.775238
125.463628
127.237007
128.794104
130.500544
132.787755
137.727619
141.156327
145.090476
147.537778
148.880408
150.164082
151.529796
152.652290
153.659229
154.717143
155.754694
156.798367
158.107347
159.162857
160.358776
161.580408
162.761633
163.864490
165.053016
166.151429
167.192381
168.228571
169.453469
170.553515
171.568163
172.660952
173.721633
174.584535
175.858458
177.111837
178.090023
179.134286
180.260136
181.328254
182.481859
183.566667
185.064762
