0.520272
1.503265
2.486939
3.444898
4.543673
5.546531
6.537143
7.404490
8.540816
9.504082
10.485714
11.471020
12.366939
13.299184
14.291701
15.200363
16.095964
17.079773
17.996009
18.895147
19.830249
20.730839
21.704490
22.603311
23.653152
24.598277
25.554467
26.533878
27.515782
28.468299
29.513560
30.416961
31.373152
32.358367
33.358277
34.379819
35.432200
36.457188
37.404082
38.452971
39.417778
40.437370
41.471519
42.447483
43.379909
44.417642
45.391791
46.351474
47.334739
48.354331
49.384807
50.395283
51.313243
52.334875
53.297959
54.290340
55.204626
56.187891
57.149342
58.068980
58.963311
59.932109
60.884490
61.838776
62.827438
63.774422
64.697687
65.630113
66.511610
67.469478
68.503673
69.496009
70.451882
71.424218
72.349433
73.323628
74.274240
75.215782
76.146440
77.118912
78.075057
79.029433
79.922041
80.843673
81.756190
82.697778
83.617551
84.524671
85.408163
86.380726
87.296871
88.209433
89.105578
90.110748
91.066848
92.013243
92.899184
93.873333
94.865624
95.725306
97.097732
98.055556
98.984354
99.945805
100.916281
101.850567
102.784807
103.724444
104.674921
105.692608
106.670385
107.639229
108.566259
109.504127
110.336689
111.252789
112.114376
113.072290
113.950249
114.784535
115.669705
116.636599
117.618005
118.561315
119.494864
120.469683
121.773243
122.722132
123.716372
124.665215
125.635918
126.542993
127.506440
128.395374
129.384263
130.349388
131.300136
132.178277
133.054467
134.033878
134.937868
135.792472
136.921043
137.904490
138.824490
139.703673
140.791383
141.798413
142.709116
143.654376
144.568707
145.523084
146.470159
147.382721
148.275374
149.222404
150.138594
151.041995
151.914512
152.813515
153.699410
154.804444
155.849297
156.890567
157.841088
158.913243
159.861950
160.872381
161.853741
162.853243
163.858277
164.872336
165.850113
166.827891
167.796599
168.812472
169.781134
170.760726
171.696735
172.707120
173.655782
174.622676
175.538685
176.523673
177.495964
178.410159
179.284444
180.229478
181.203628
182.130476
183.113651
184.020590
184.909388
185.878050
186.893787
187.690068
188.497370
189.242948
189.992154
190.722494
191.419637
192.254014
193.006848
193.725170
194.461678
195.225397
195.943764
196.760091
197.496508
198.227392
198.903810
199.689297
200.489252
201.236508
201.969297
202.818277
203.592653
204.363447
205.240998
206.202177
207.020680
208.026259
211.265986
212.562041
213.914422
215.232063
216.721224
217.667166
219.472971
221.096190
223.279592
224.784762
225.851429
226.933333
228.614921
229.887302
231.243537
232.375238
233.806122
235.019365
236.073651
237.982857
239.173968
240.761769
244.787937
245.835420
247.118322
249.321270
250.749660
252.131701
253.591338
255.539093
257.577506
259.811111
261.263673
262.172154
267.603537
273.157551
276.822449
280.778367
284.806259
290.605034
296.726939
299.321497
302.778231
309.031429
312.448254
315.285850
318.536190
321.912517
324.556871
327.372925
330.934558
333.942041
337.981769
342.241769
346.348707
350.672517
354.884218
358.923401
362.893061
367.016054
371.518639
375.553605
381.183129
383.692313
