0.460272
1.423265
2.286939
3.181633
4.203673
5.225306
6.097143
6.964490
8.060816
9.004082
9.925714
10.791020
11.646939
12.539184
13.451701
14.320363
15.155964
16.059773
16.976009
17.835147
18.730249
19.590839
20.504490
21.403311
22.833152
23.858277
24.834467
25.873878
26.835782
27.848299
28.833560
29.856961
30.753152
31.718367
32.638277
33.579909
34.932200
35.977188
37.024082
38.072971
39.037778
40.077370
41.071519
42.087483
43.039909
44.057642
45.091791
46.051474
47.034739
48.054331
49.044807
50.055283
51.013243
51.987438
52.997959
53.970340
54.924626
55.927891
56.909342
57.908980
58.843311
59.832109
60.784490
61.758776
62.767438
63.734422
64.737687
65.690113
66.651610
67.589478
68.563673
69.536009
70.491882
71.444218
72.329433
73.243628
74.194240
75.095782
75.986440
76.859456
77.775057
78.669433
79.562041
80.483673
81.416190
82.297778
83.197551
84.104671
84.988163
85.900726
86.796871
87.689433
88.625578
89.550748
90.446848
91.366621
92.219184
93.156667
94.105624
95.012653
95.897732
96.795556
97.684354
98.625805
99.536281
100.410567
101.304807
102.204444
103.154921
104.092608
105.010385
105.879229
106.726259
107.664127
108.536689
109.432789
110.334376
111.192290
112.050249
112.964535
113.869705
114.776599
115.698005
116.561315
117.519456
118.419365
119.953243
120.922132
121.976372
122.905215
123.975918
124.874966
125.866440
126.855374
127.824263
128.889388
129.860136
130.698277
131.574467
132.486939
133.337868
134.152472
135.181043
136.184490
137.044490
137.891837
138.971383
139.918413
140.829116
141.714376
142.608707
143.503084
144.390159
145.282721
146.135374
147.042404
147.958594
148.861995
149.734512
150.607029
151.539410
152.524444
153.749297
154.830567
155.841088
156.913243
157.881950
158.892381
159.873741
160.893243
161.878277
162.892336
163.890113
164.887891
165.836599
166.852472
167.801134
168.760726
169.696735
170.727120
171.695782
172.662676
173.598685
174.603673
175.575964
176.530159
177.404444
178.389478
179.363628
180.350476
181.353651
182.300590
183.209388
184.218050
185.293787
186.190068
187.037370
187.842948
188.632154
189.444989
190.219637
191.154014
191.946848
192.725170
193.521678
194.305397
195.063764
195.880091
196.696508
197.527392
198.303810
199.109297
199.949252
200.776508
201.569297
202.358277
203.152653
203.863447
204.880998
205.721088
206.100680
206.846259
208.085986
209.422041
210.614422
211.832063
213.061224
213.612552
214.752971
216.176190
217.299592
218.084762
219.151429
220.233333
221.074921
222.167302
223.343537
223.798721
224.886122
225.839365
226.913651
227.982857
228.533968
229.421769
230.386984
231.275420
231.998322
233.261270
234.449660
235.243900
236.211338
237.359093
238.537506
239.431111
240.641837
241.135359
244.663537
250.137551
253.839076
256.319456
258.986259
262.185034
267.494490
269.613832
272.058231
277.311429
280.308254
282.765850
285.696190
288.572517
291.276871
294.776327
297.274558
299.922041
303.781769
308.281769
312.268707
316.192517
320.344218
324.243401
328.153061
332.016054
336.218639
339.993605
344.423129
346.483227
