0.540272
1.463265
2.306939
3.161633
4.163673
5.065306
5.937143
6.744490
7.720816
8.624082
9.505714
10.371020
11.206939
12.099184
13.011701
13.880363
14.735964
15.659773
16.516009
17.395147
18.270249
19.170839
20.124490
21.063311
22.253152
23.276553
24.254467
25.246939
26.235782
27.188299
28.193560
29.116961
30.073152
31.038367
31.958277
32.879909
34.072200
35.197188
36.244082
37.332971
38.337778
39.297370
40.271519
41.267483
42.279819
43.337642
44.331791
45.291474
46.294739
47.274331
48.264807
49.315283
50.233243
51.227438
52.257959
53.250340
54.204626
55.227891
56.269342
57.268980
58.183311
59.132109
60.124490
61.078776
62.067438
62.994422
63.937687
64.850113
65.751610
66.669478
67.603673
68.576009
69.531882
70.484218
71.369433
72.283628
73.214240
74.115782
75.006440
75.898912
76.795057
77.689433
78.542041
79.403673
80.276190
81.137778
81.997551
82.904671
83.788163
84.660726
85.536871
86.429433
87.285578
88.210748
89.086848
89.986621
90.859184
91.833333
92.845624
93.785306
94.697732
95.655556
96.564354
97.525805
98.456281
99.370567
100.284807
101.184444
102.094921
103.052608
103.970385
104.859229
105.706259
106.624127
107.476689
108.372789
109.214376
110.092290
110.950249
111.844535
112.709705
113.676599
114.618005
115.541315
116.479456
117.419683
118.813243
119.822132
120.816372
121.785215
122.771837
123.782993
124.746440
125.735374
126.724263
127.689388
128.640136
129.498277
130.334467
131.226939
132.037868
132.812472
133.761043
134.684490
135.524490
136.331837
137.271383
138.158413
139.009116
139.854376
140.728707
141.583084
142.450159
143.322721
144.155374
145.042404
145.918594
146.781995
147.654512
148.507029
149.439410
150.524444
151.649297
152.710567
153.681088
154.713243
155.641950
156.652381
157.576871
158.566621
159.538277
160.592336
161.570113
162.527891
163.416599
164.412472
165.341134
166.300726
167.256735
168.287120
169.275782
170.242676
171.198685
172.203673
173.215964
174.170159
175.064444
176.009478
176.943628
177.890476
178.853651
179.740590
180.569388
181.478050
182.413787
183.210068
184.037370
184.822948
185.592154
186.364989
187.119637
188.014014
188.786848
189.565170
190.321678
191.125397
191.843764
192.700091
193.496508
194.267392
195.043810
195.889297
196.689252
197.476508
198.189297
198.978277
199.772653
200.523447
201.520998
202.442177
203.260680
204.006259
205.245986
206.422041
207.106351
207.212063
208.421224
208.547264
209.426485
210.456190
211.499592
212.434476
213.231429
214.173333
215.035604
215.927302
217.063537
217.955238
219.126122
220.019365
221.093651
222.162857
223.413968
223.661769
224.747937
225.515420
226.658322
227.741270
228.989660
229.921950
230.957834
232.179093
233.377506
234.491111
235.672735
236.132154
239.283537
243.177551
246.362449
249.158367
252.246259
256.405034
262.146939
265.005986
267.958231
272.871429
275.415688
277.665850
280.276190
282.792517
284.806145
287.192925
289.091519
291.162041
294.221769
297.173923
299.997177
303.092517
306.504218
309.883401
313.413061
316.956054
320.538639
324.513605
346.443129
352.932313
