1.300544
2.363265
3.266939
4.181633
5.203673
6.225306
7.137143
8.004490
9.040816
10.064082
11.045714
12.011020
12.906939
13.899184
14.911701
15.860363
16.815964
17.799773
18.756009
19.715147
20.650249
21.610839
22.584490
23.543311
24.633152
25.618277
26.554467
27.586939
28.555782
29.468299
30.453560
31.416961
32.373152
33.318367
34.218277
35.159909
36.412200
37.537188
38.504082
39.492971
40.437778
41.417370
42.411519
43.387483
44.319909
45.297642
46.251791
47.131474
48.074739
49.054331
50.004807
50.955283
51.833243
52.827438
53.817959
54.730340
55.584626
56.587891
57.569342
58.488980
59.343311
60.252109
61.144490
62.058776
62.987438
63.894422
64.817687
65.730113
66.631610
67.549478
68.483673
69.416009
70.311882
71.264218
72.169433
73.123628
74.114240
75.055782
75.986440
76.938912
77.915057
78.889433
79.802041
80.723673
81.636190
82.577778
83.497551
84.404671
85.308163
86.220726
87.156871
88.069433
88.945578
89.910748
90.846848
91.766621
92.619184
93.593333
94.585624
95.545306
96.517732
97.455556
98.384354
99.305805
100.276281
101.190567
102.124807
103.044444
103.994921
105.012608
105.990385
106.919229
107.826259
108.804127
109.676689
110.612789
111.514376
112.432290
113.330249
114.224535
115.109705
116.068299
117.038005
117.961315
118.939456
120.059365
121.573243
122.542132
123.552744
124.535646
125.455918
126.422993
127.346440
128.295374
129.284263
130.129388
131.080136
131.918277
132.767234
133.686939
134.497868
135.292472
136.301043
137.244490
138.064490
138.871837
139.851383
140.798413
141.729116
142.674376
143.588707
144.563084
145.490159
146.422721
147.355374
148.302404
149.238594
150.161995
151.094512
152.007029
152.939410
153.924444
155.129297
156.210567
157.181088
158.193243
159.121950
160.112381
161.053741
162.033243
162.978277
164.012336
164.950113
165.867891
166.756599
167.752472
168.681134
169.660726
170.516735
171.547120
172.535782
173.462676
174.358685
175.363673
176.395964
177.290159
178.144444
179.049478
179.963628
180.890476
181.833651
182.760295
183.629388
184.558050
185.513787
186.370068
187.217370
188.062948
188.812154
189.624989
190.379637
191.234014
192.026848
192.825170
193.581678
194.385397
195.123764
196.020091
196.816508
197.627392
198.423810
199.218594
200.049252
200.856508
201.649297
202.518277
203.432653
204.383447
206.080998
207.002177
207.860680
208.866259
210.065986
210.962041
211.954422
212.911508
213.668245
214.423583
215.632971
217.316190
218.779592
220.124762
221.043810
221.973333
223.454921
224.427302
225.583537
226.435238
227.771531
228.759365
229.873651
230.922857
232.113968
232.941769
234.047937
235.075420
236.298322
237.621270
238.789660
239.823900
241.091338
242.439093
243.757506
244.991111
246.343673
247.232154
251.043537
259.017551
262.582449
266.618367
271.206259
276.625034
283.366939
286.481497
291.138231
298.131429
302.008254
305.605850
309.676190
313.992517
317.336871
322.152925
325.494558
327.802041
331.821769
335.901769
339.788707
344.112517
348.444218
352.923401
357.193061
361.836054
366.978639
371.633605
376.523129
379.032313
