1.100272
2.163265
3.086939
4.001633
4.963673
5.945306
6.877143
7.684490
8.680816
9.704082
10.705714
11.651020
12.526939
13.459184
14.451701
15.400363
16.315964
17.299773
18.256009
19.175147
20.110249
21.030839
21.984490
22.983311
24.253152
25.216553
26.174467
27.206939
28.342255
29.168299
30.193560
31.136961
32.053152
32.998367
33.858277
34.759909
35.692200
36.757188
37.808163
38.852971
39.797778
40.797370
41.811519
42.827483
43.759909
44.817642
45.871791
46.851474
47.834739
48.834331
49.844807
50.835283
51.793243
52.767438
53.757959
54.750340
55.669252
56.647891
57.609342
58.568980
59.483311
60.452109
61.444490
62.378776
63.387438
64.354422
65.357687
66.310113
67.251610
68.209478
69.183673
70.156009
71.151882
72.164218
73.089433
74.063628
75.014240
75.935782
76.866440
77.778912
78.715057
79.629433
80.542041
81.463673
82.376190
83.297778
84.197551
85.124671
86.048163
86.980726
87.956871
88.889433
89.785578
90.770748
91.706848
92.606621
93.499184
94.473333
95.465624
96.425306
97.357732
98.435556
99.384354
100.405805
101.396281
102.370567
103.324807
104.284444
105.254921
106.272608
107.230385
108.159229
109.086259
110.044127
110.956689
111.892789
112.774376
113.692290
114.590249
115.504535
116.449705
117.416599
118.398005
119.341315
120.299456
121.239683
122.773243
123.762132
124.812744
125.865215
126.855918
127.862993
128.813220
129.795374
130.764263
131.789388
132.740136
133.678277
134.534467
135.486939
136.377868
137.216236
138.181043
139.164490
140.084490
140.891837
141.871383
142.838413
143.769116
144.714376
145.648707
146.603084
147.550159
148.502721
149.455374
150.402404
151.358594
152.261995
153.194512
154.107029
155.059410
156.044444
156.969297
158.050567
159.101088
160.153243
161.121950
162.152381
163.153741
164.193243
165.198277
166.272336
167.310113
168.347891
169.336599
170.392472
171.421134
172.400726
173.356735
174.427120
175.395782
176.362676
177.278685
178.283673
179.235964
180.190159
181.084444
182.069478
183.063628
184.050476
185.073651
186.060590
187.009388
188.018050
189.013787
189.950068
190.877370
191.762948
192.532154
193.394966
194.179637
195.142041
195.986848
196.870340
197.661678
198.505397
199.247528
200.460091
201.336508
202.267392
203.143810
204.129297
205.069252
205.976508
206.809297
207.738277
208.612653
209.423447
210.320998
211.242177
212.060680
213.286259
214.525986
215.630510
216.174422
217.372063
218.318435
218.803583
220.112971
221.159238
222.539592
223.844762
224.891429
225.593333
226.614921
227.887302
228.923537
230.015238
231.226122
232.219365
233.226825
233.942857
235.086984
235.801769
236.927937
237.935420
239.218322
240.461270
241.729660
243.063900
244.251338
245.619093
246.917506
248.031111
249.403673
250.212154
253.123537
256.297551
258.902449
262.018367
265.186259
268.605034
275.266735
277.601497
279.998231
285.295714
288.408254
290.805850
293.656190
296.332517
299.036871
301.792925
303.757279
305.822041
309.921769
313.801769
317.788707
321.752517
325.824218
329.983401
333.713061
337.576054
341.436240
345.333605
349.203129
351.592313
