0.280272
1.203265
2.026939
2.901633
3.903673
4.785306
5.617143
6.444490
7.440816
8.344082
9.265714
10.171020
11.066939
11.979184
12.951701
13.860363
14.795964
15.739773
16.656009
17.555147
18.490249
19.410839
20.364490
21.263311
22.413152
23.378277
24.337234
25.306939
26.235782
27.188299
28.133560
29.116961
30.013152
30.918367
31.818277
32.739909
33.892200
34.957188
35.964082
37.012971
37.977778
38.977370
39.991519
40.987483
41.919909
42.937642
43.991791
44.951474
45.934739
46.954331
47.944807
48.955283
49.873243
50.867438
51.837959
52.830340
53.764626
54.747891
55.709342
56.668980
57.603311
58.552109
59.504490
60.438776
61.447438
62.374422
63.297687
64.250113
65.171610
66.089478
67.023673
67.956009
68.851882
69.804218
70.689433
71.603628
72.514240
73.415782
74.306440
75.198912
76.095057
76.989433
77.882041
78.803673
79.716190
80.597778
81.537551
82.424671
83.308163
84.200726
85.156871
86.029433
86.905578
87.890748
88.806848
89.766621
90.659184
91.633333
92.625624
93.545306
94.457732
95.435556
96.384354
97.385805
98.356281
99.290567
100.264807
101.204444
102.174921
103.132608
104.050385
104.909615
105.786259
106.724127
107.596689
108.512789
109.414376
110.332290
111.230249
112.144535
113.009705
113.976599
114.898005
115.801315
116.719456
117.499841
119.053243
119.902132
120.596372
121.505215
122.435918
123.365986
124.286440
125.235374
126.164263
127.129388
128.060136
128.938277
130.114467
131.086939
131.897868
132.712472
133.701043
134.604490
135.444490
136.231837
137.211383
138.118413
139.049116
139.954376
140.868707
141.803084
142.730159
143.662721
144.555374
145.522404
146.438594
147.361995
148.294512
149.187029
150.119410
151.084444
152.269297
153.310567
154.281088
155.293243
156.241950
157.232381
158.173741
159.153243
160.118277
161.092336
162.070113
163.047891
164.016599
165.012472
165.981134
166.920726
167.836735
168.847120
169.795782
170.722676
171.638685
172.603673
173.575964
174.490159
175.384444
176.309478
177.283628
178.170476
179.153651
180.060590
180.949388
181.918050
182.973787
183.810068
184.617370
185.342948
186.112154
186.864989
187.579637
188.454014
189.186848
189.905170
190.621678
191.385397
192.123764
192.960091
193.736508
194.554785
195.383810
196.169297
197.009252
197.836508
198.629297
199.458277
200.292653
201.083447
202.040998
202.882177
203.700680
204.442086
205.085986
206.182041
207.094422
208.032063
209.281224
209.823583
210.672971
211.736190
212.999592
214.004762
214.663810
215.653333
216.974921
218.007302
219.083537
219.395238
220.546122
221.359365
222.332628
223.220714
223.873968
224.681769
225.807937
226.835420
227.918322
229.021270
230.149660
231.063900
231.975669
232.999093
234.177506
235.091111
236.383673
237.292154
240.703537
245.555102
248.862449
252.038367
255.086259
258.950068
263.362313
265.761497
268.598231
273.171429
276.128254
279.105850
282.036190
284.872517
287.416871
290.552925
293.534558
296.122041
300.421769
304.461769
308.568707
312.692517
317.224218
321.403401
325.533061
329.736054
334.918639
338.553605
342.623129
344.972313
