0.300272
1.283265
2.166939
3.101633
4.243673
5.305306
6.177143
7.044490
8.240816
9.184082
10.085714
10.951020
11.806939
12.739184
13.671701
14.560363
15.451927
16.419773
17.336009
18.275147
19.190249
20.090839
21.044490
22.003311
23.353152
24.616553
25.614467
26.666939
27.675782
28.724898
29.733560
30.756961
31.813152
32.838367
33.798277
34.859909
36.132200
37.177188
38.184082
39.252971
40.297778
41.357370
42.391519
43.427483
44.439819
45.517642
46.571791
47.611474
48.694739
49.774331
50.844807
51.955283
52.973243
53.967438
55.057959
56.110340
57.144626
58.187891
59.249342
60.308980
61.283311
62.332109
63.384490
64.418776
65.587438
66.654422
67.717687
68.790113
69.831610
70.889478
72.003673
73.096009
74.191882
75.204218
76.129433
77.063628
78.014240
78.935782
79.886440
80.798912
81.715057
82.669433
83.566122
84.523673
85.436190
86.377778
87.337551
88.224671
89.168163
90.100726
91.056871
91.989433
92.885578
93.830748
94.746848
95.666621
96.559184
97.573333
98.565624
99.625306
100.557732
101.515556
102.464354
103.465805
104.456281
105.370567
106.324807
107.244444
108.214921
109.172608
110.150385
111.059229
111.966259
112.924127
113.816689
114.772789
115.674376
116.592290
117.490249
118.404535
119.329705
120.296599
121.278005
122.221315
123.639456
124.649683
126.013243
127.182132
128.276372
129.405215
130.455918
131.485986
132.586440
133.655374
134.784263
135.809388
136.940136
137.838277
139.034467
140.126939
141.017868
141.892472
143.081043
144.124490
145.024490
145.891837
147.111383
148.038413
148.929116
149.794376
150.688707
151.586168
152.510159
153.422721
154.295374
155.282404
156.178594
157.101995
158.034512
158.947029
160.139410
161.384444
162.729297
163.770567
164.741088
165.773243
166.761950
167.792381
168.793741
169.813243
170.798277
171.812336
172.790113
173.767891
174.776599
175.792472
176.821134
177.820726
178.796735
179.827120
180.835782
181.842676
182.818685
183.843673
184.895964
185.890159
186.804444
187.829478
188.843628
189.830476
190.873651
191.860590
192.809388
193.798050
195.073787
195.990068
196.817370
197.622948
198.412154
199.244989
199.999637
200.934014
201.746848
202.505170
203.341678
204.165397
204.943764
205.800091
206.616508
207.447392
208.243810
209.089297
209.969252
210.816508
211.589297
212.458277
213.312653
214.123447
215.120998
216.142177
216.960680
217.906259
219.205986
220.482041
221.714422
222.932063
224.201224
225.083583
226.392971
227.656190
228.859592
230.124762
231.111429
232.193333
233.474921
234.662434
235.803537
236.855238
238.186122
239.299365
240.313651
241.322857
242.313968
243.501769
244.867937
245.895420
247.158322
248.423810
250.049660
251.583900
252.971338
254.697279
256.017506
257.511111
258.963673
259.952154
264.423537
271.037551
274.642449
278.158367
281.406259
285.925034
291.306939
294.321497
297.478231
302.814286
306.508254
309.545850
312.656190
315.392517
317.976871
320.472925
323.354558
325.722041
329.621769
334.041769
338.128707
342.172517
346.208435
350.623401
354.713061
358.864762
363.038639
366.653605
376.641269
378.512313
