0.460272
1.483265
2.386939
3.320816
4.263673
5.265306
6.177143
7.064490
8.080816
9.004082
9.965714
10.911020
11.746939
12.679184
13.651701
14.560363
15.395964
16.359773
17.256009
18.195147
19.130249
20.050839
21.004490
21.943311
23.193152
24.398277
25.594467
26.786939
27.995782
29.108299
30.353560
31.496961
32.653152
33.658367
34.758277
35.959909
37.052200
38.237188
39.344082
40.452971
41.477778
42.537370
43.591519
44.667483
45.779909
47.015283
48.051791
49.091474
50.154739
51.194331
52.264807
53.355283
54.513243
55.694875
56.757959
57.890340
58.964626
60.127891
61.209342
62.328980
63.363311
64.452109
65.564490
66.598776
67.867438
69.034422
70.097687
71.130113
72.111610
73.109478
74.103673
75.096009
76.071882
77.084218
78.049433
79.043628
80.014240
80.955782
81.886440
82.858912
83.795057
84.789433
85.722041
86.663673
87.596190
88.537778
89.497551
90.424671
91.408163
92.340726
93.276871
94.229433
95.165578
96.130748
97.086848
98.046621
98.939184
100.013333
101.085624
102.085306
103.077732
104.115556
105.104354
106.165805
107.216281
108.190567
109.184807
110.164444
111.174921
112.212608
113.250385
114.259229
115.252517
116.264127
117.176689
118.152789
119.094376
120.012290
120.930249
121.864535
122.809705
123.816599
124.818005
125.821315
126.879456
128.039365
129.753243
130.782132
132.116372
133.330431
134.695918
135.842993
137.066440
138.275374
139.564263
140.629388
141.860544
142.778277
143.754467
144.786939
145.717868
146.592472
147.581043
148.604490
149.484490
150.371837
151.391383
152.338413
153.289116
154.174376
155.048707
155.983084
156.910159
157.842721
158.735374
159.702404
160.658594
161.621995
162.554512
163.507029
164.459410
165.384444
166.709297
167.930567
168.961088
170.093243
171.061950
172.132381
173.153741
174.233243
175.418277
176.552336
177.610113
178.647891
179.676599
180.752472
181.781134
182.840726
184.076735
185.227120
186.315782
187.402676
188.458685
189.603673
190.715964
191.830159
192.844444
193.889478
194.943628
196.150476
197.273651
198.480590
199.489388
200.578050
201.633787
202.610068
203.477370
204.408844
205.216463
206.104989
206.899637
207.914014
208.786848
209.605170
210.481678
211.385397
212.203764
213.160091
214.016508
214.947392
215.783810
216.709297
217.609252
218.536508
219.349297
220.318277
221.232653
222.103447
223.080998
224.022177
224.940680
225.806259
227.163946
228.382041
229.594422
230.812063
232.061224
232.943583
234.252971
235.756190
237.159592
238.524762
239.571429
240.713333
241.994921
243.267302
244.483537
245.555238
247.006122
248.219365
249.213651
250.102857
251.293968
252.501769
253.627937
254.715420
256.018322
257.121270
258.249660
259.303900
260.451338
261.919093
263.375011
264.591111
266.023673
266.932154
270.055884
274.577551
277.822449
281.198367
284.466259
288.725034
292.843469
295.753469
298.818231
303.331429
306.648254
309.765850
312.996190
316.212517
319.076871
322.264354
324.754558
328.022041
331.301769
334.641769
338.008707
341.932517
346.344218
350.223401
353.953061
357.936054
362.249924
366.153605
371.163129
373.152313
