0.960272
2.046531
3.006939
3.941633
5.063673
6.185306
7.177143
8.064490
9.220816
10.184082
11.165714
12.113061
12.986939
13.939184
14.891701
15.800363
16.675964
17.699773
18.616009
19.575147
20.530249
21.530839
22.484490
23.543311
24.773152
26.016553
27.134467
28.306939
29.455782
30.536599
31.687120
32.776961
33.913152
34.938367
35.978277
37.019728
38.152200
39.294376
40.364082
41.412971
42.455556
43.517370
44.571519
45.647483
46.679909
47.735283
48.771791
49.811474
50.874739
51.934331
53.024807
54.075283
55.093243
56.187438
57.315918
58.370340
59.384626
60.467891
61.549342
62.588980
63.603311
64.652109
65.744490
66.838776
67.907438
68.954422
69.977687
70.990113
72.011610
72.969478
74.063673
75.076009
76.111882
77.148435
78.129433
79.163628
80.174240
81.175782
82.186440
83.178912
84.155057
85.149433
86.102041
87.083673
88.096190
89.097778
90.057551
91.004671
91.928163
92.920726
93.876871
94.849433
95.825578
96.850748
97.886848
98.893243
99.839184
100.853333
101.885624
102.885306
103.877732
104.895556
105.864354
106.845805
107.896281
108.870567
109.844807
110.804444
111.814921
112.812608
113.790385
114.719229
115.646259
116.644127
117.556689
118.552789
119.494376
120.452290
121.370249
122.364535
123.349705
124.376599
125.398005
126.381315
127.399456
128.439365
130.073243
131.422132
132.572744
133.740862
134.875918
135.948980
137.146440
138.230748
139.424263
140.529388
141.400136
142.376553
143.814467
145.086939
146.037868
146.952472
148.101043
149.248980
150.184490
151.111837
152.211383
153.318413
154.289116
155.294376
156.268707
157.203084
158.190159
159.162721
160.095374
161.122404
162.138594
163.141995
164.134512
165.127029
166.119410
167.284444
168.429297
169.590567
170.701088
171.813243
172.841950
173.932381
174.953741
176.053243
177.058277
178.144671
179.250113
180.287891
181.316599
182.444943
183.461134
184.500726
185.536735
186.727120
187.755782
188.802676
189.798685
190.903673
191.995964
193.010159
194.004444
195.049478
196.143628
197.190476
198.253651
199.320590
200.288163
201.338050
202.413787
203.390068
204.317370
205.282948
206.152154
207.064989
207.939637
209.008027
209.886848
210.790340
211.661678
212.645397
213.503764
214.560091
215.436508
216.307392
217.183810
218.109297
219.009252
219.936508
220.769297
221.758277
222.672653
223.583447
224.740998
225.842177
226.921361
227.846259
233.065986
234.302041
235.534422
236.852063
238.141224
239.023583
241.112971
242.796190
245.019592
246.684762
247.971429
249.133333
250.874921
252.147302
253.403537
254.695238
256.226122
257.579365
259.273651
260.342857
261.533968
262.741769
264.447937
266.355420
267.818322
269.581270
270.849660
273.063900
274.551338
276.519093
278.937506
280.111111
282.163673
283.572154
288.803537
294.597551
299.322449
303.098367
307.046259
311.485034
318.066939
321.562993
324.858231
330.711429
334.328254
337.605850
341.376190
345.032517
348.256871
352.269252
354.914558
359.142041
364.148844
369.001769
373.428707
377.972517
382.604218
387.243401
391.833061
396.096054
401.078639
405.773605
411.503129
414.732313
