0.740816
1.823265
2.766939
3.701633
4.843673
5.885306
6.817143
7.684490
8.800816
9.784082
10.785714
11.731020
12.606939
13.559184
14.531701
15.440363
16.355964
17.319773
18.236009
19.115147
20.030249
20.930839
21.844490
22.763311
23.793152
24.798277
25.714467
26.693878
27.655782
28.628299
29.627120
30.596961
31.573152
32.518367
33.458277
34.459909
35.512200
36.517188
37.484082
38.492971
39.417778
40.397370
41.391519
42.367483
43.279909
44.297642
45.251791
46.191474
47.154739
48.114331
49.104807
50.095283
50.993243
51.967438
52.897959
53.850340
54.724626
55.707891
56.649342
57.568980
58.423311
59.352109
60.284490
61.198776
62.127438
63.054422
63.957687
64.870113
65.751610
66.689478
67.643673
68.596009
69.551882
70.504218
71.409433
72.363628
73.314240
74.235782
75.166440
76.078912
77.035057
77.949433
78.842041
79.723673
80.636190
81.537778
82.457551
83.304671
84.188163
85.120726
86.016871
86.909433
87.771156
88.730748
89.686848
90.606621
91.479184
92.493333
93.505624
94.485306
95.837732
96.757778
97.664354
98.605805
99.576281
100.490567
101.404807
102.324444
103.274921
104.292608
105.310385
106.239229
107.166259
108.164127
109.016689
109.892789
110.774376
111.752290
112.610249
113.504535
114.389705
115.356599
116.378005
117.341315
118.319456
119.419365
120.733243
121.682132
122.636372
123.625215
124.575918
125.465986
126.446440
127.415374
128.324263
129.329388
130.320136
131.198277
132.094467
133.066939
133.937868
134.792472
135.881043
136.904490
137.764490
138.591837
139.651383
140.618413
141.549116
142.454376
143.368707
144.303084
145.250159
146.202721
147.095374
148.042404
148.958594
149.881995
150.754512
151.667029
152.559410
153.544444
154.569297
155.590567
156.541088
157.573243
158.481950
159.472381
160.411247
161.373243
162.338277
163.352336
164.290113
165.247891
166.196599
167.192472
168.121134
169.040726
169.956735
170.967120
171.855782
172.782676
173.678685
174.663673
175.575964
176.490159
177.344444
178.269478
179.203628
180.170476
181.073651
181.980590
182.829388
183.789025
184.693787
185.550068
186.357370
187.142948
187.912154
188.664989
189.379637
190.254014
191.026848
191.765170
192.541678
193.325397
194.063764
194.880091
195.676508
196.467392
197.210952
198.089297
198.909252
199.756508
200.529297
201.398277
202.252653
203.043447
204.020998
205.902177
206.760680
207.506259
208.805986
210.002041
211.214422
213.432063
214.802449
215.703583
217.032971
218.616190
220.659592
222.144762
223.231429
224.433333
225.914921
227.247302
228.823537
229.935238
231.588980
232.919365
233.953651
236.262857
237.493968
238.861769
241.047937
242.075420
243.498322
245.721270
247.089660
248.583900
249.911338
252.199093
254.380091
256.111111
257.603673
258.872154
262.783537
267.857551
271.462449
274.798367
278.346259
283.265034
288.626939
291.241497
294.218231
299.231429
302.908254
306.005850
309.336190
312.732517
315.296871
317.912925
320.754558
323.942041
327.281769
330.701769
334.168707
337.872517
341.244218
345.003401
348.593061
352.256054
355.104293
355.606398
355.621927
355.814039
