0.352698
1.158685
1.858776
2.576190
3.258730
4.066667
4.819365
5.517551
6.365079
7.151247
7.801224
8.566122
9.331111
10.094286
10.902268
11.710612
12.522177
13.311247
13.985941
14.741224
15.496871
16.263673
17.036961
17.694921
18.443673
19.202721
19.967891
20.677460
21.534875
22.254376
23.000635
23.748571
24.542812
25.303265
26.079365
26.790794
27.570476
28.352426
29.081224
29.795873
30.831066
31.799274
32.747483
33.685850
34.667120
35.702041
36.718912
38.476281
42.557551
43.349388
44.136599
44.869796
45.670884
46.428163
47.196961
48.055918
48.897506
49.647755
50.340000
51.086395
51.864762
52.619819
53.322857
54.097506
54.816735
55.564898
56.302041
56.971565
57.739184
58.516644
59.158141
60.015873
60.980000
61.608254
62.383492
63.146440
63.927528
64.718367
65.505306
66.321633
67.142857
67.870794
68.602449
69.323084
70.094014
70.842857
71.588798
72.280136
73.056190
73.843492
74.509796
75.305079
76.057460
76.787937
77.577052
78.291837
79.090612
79.811746
80.558005
81.281633
82.065714
82.802857
83.588163
84.322676
85.100000
85.849161
86.624082
87.326122
88.100000
88.873968
89.651655
90.424898
91.287937
92.117551
92.891157
93.732653
94.455238
95.259592
95.995510
96.743129
97.467936
98.280680
98.998957
99.711429
100.541859
101.337687
102.145714
102.927347
103.758367
104.555918
105.313469
106.102948
106.844898
107.615873
108.359592
109.129796
109.960000
110.911746
111.646213
112.677642
113.434286
114.325306
115.160000
116.263175
118.406440
119.186984
120.278821
121.859592
125.102222
125.788798
126.494286
127.347755
128.047347
128.727347
129.507755
130.216871
131.089524
131.841995
132.651066
133.389342
134.175193
134.912698
135.670930
136.467302
137.264082
138.044444
138.838685
139.542041
140.311020
141.101315
141.869841
142.620408
143.608118
144.363333
145.112698
145.884535
146.644671
147.357687
148.156327
148.927302
149.645397
150.425488
151.186667
151.971156
152.726168
153.448390
154.187937
154.941315
155.683492
156.456327
157.175782
157.934286
158.654921
159.414331
160.354286
161.420000
162.958503
163.661225
164.321406
165.022721
165.699682
166.456508
167.170340
167.977551
168.801814
169.566531
170.259048
171.009206
171.747347
172.542358
173.321270
174.099320
174.907891
175.633424
176.437097
177.188843
177.979093
178.785306
179.565034
180.336780
181.088617
181.855102
182.670476
183.396735
184.257959
185.003492
185.755510
186.488254
187.280091
188.053832
188.881587
189.577551
190.355601
191.159002
191.891882
192.660635
193.740000
194.677551
195.669297
196.618594
197.640952
198.720317
199.753878
202.026531
205.647302
