0.492698
1.338685
2.098776
2.976190
3.718730
4.546667
5.359365
6.217551
7.145079
8.031247
8.781224
9.686122
10.491111
11.334286
12.142268
13.010612
13.842177
14.711247
15.425941
16.221224
17.056871
17.843673
18.676961
19.454921
20.263673
21.102721
21.907891
22.757460
23.654875
24.534376
25.400635
26.228571
27.122812
27.946531
28.759365
29.530794
30.350476
31.132426
31.961224
32.715873
33.871066
35.019274
36.047483
37.085850
38.167120
39.262041
40.198912
41.976281
47.377551
48.309388
49.236599
50.089796
50.990884
51.828163
52.616961
53.615918
54.377506
55.387755
56.193878
57.066395
57.904762
58.819819
59.582857
60.497506
61.356735
62.164898
63.022041
63.791565
64.699184
65.516644
66.338141
67.295873
68.438776
69.228254
70.043492
70.886440
71.707528
72.518367
73.265306
74.161633
75.022857
75.850794
76.662449
77.483084
78.334014
79.142857
79.948798
80.760136
81.576190
82.486984
83.249796
84.105079
84.897460
85.767937
86.557052
87.471837
88.905306
90.291746
91.198005
92.001633
92.905714
93.762857
94.648163
95.522676
96.450612
97.309161
98.144082
99.046122
99.900816
100.753968
101.591655
102.469796
103.387937
104.257551
105.091156
105.892653
106.715238
107.519592
108.335510
109.103129
109.867936
110.660680
111.438957
112.251429
113.121859
113.977687
114.831429
115.707347
116.558367
117.395918
118.193469
118.982948
119.784898
120.595873
121.399592
122.189796
123.311429
124.411746
125.286213
126.477642
127.834286
128.585306
129.518640
130.643175
133.566440
134.866984
135.858821
137.259592
141.682222
142.468798
143.274286
144.387755
145.227347
146.287347
147.127755
148.016871
149.009524
150.041995
150.931066
151.809342
152.675193
153.492698
154.290930
155.207302
155.984082
156.844444
157.618685
158.462041
159.311020
160.121315
160.969841
161.780408
163.248118
164.063333
164.912698
165.784535
166.684671
167.477687
168.316327
169.127302
169.945397
170.905488
171.706667
172.511156
173.306168
174.088390
174.827936
175.621315
176.443492
177.216327
178.175782
178.874286
179.594921
180.354331
181.094286
181.639184
183.718503
184.661225
185.421406
186.342721
187.159682
187.996508
188.810340
189.737551
190.581814
191.506531
192.239048
193.209206
194.047347
194.882358
195.681270
196.619320
197.407891
198.213424
198.997097
199.828843
200.679093
201.485306
202.285034
203.096780
203.908617
204.755102
205.550476
206.376735
207.313878
208.203492
209.075510
209.908254
210.800091
211.593832
212.421587
213.177551
213.975601
214.779002
215.551882
216.440635
217.420272
218.557551
219.649297
220.738594
221.920952
223.040317
224.073878
226.186531
230.767302
