2.070794
3.038685
3.838776
4.736190
5.538730
6.366667
7.219365
8.037551
8.905079
9.771247
10.501224
11.426122
12.251111
13.054286
13.882268
14.690612
15.502177
16.351247
17.225941
18.021224
18.856871
19.683673
20.496961
21.294921
22.083673
22.942721
23.755782
24.537460
25.454875
26.274376
27.120635
27.928571
28.782812
29.543265
30.339365
31.130794
31.930476
32.732426
33.561224
34.315873
35.491066
36.659274
37.727483
38.805850
39.987120
41.082041
42.238912
44.016281
48.917551
49.809388
50.636599
51.549796
52.410884
53.268163
54.036961
54.975918
55.737506
56.627755
57.353878
58.146395
58.964762
59.719819
60.462857
61.257506
62.096735
62.884898
63.642041
64.411565
65.199184
66.016644
66.758141
67.735873
68.618776
69.428254
70.223492
71.026440
71.827528
72.678367
73.405306
74.261633
75.082857
75.870794
76.642449
77.403084
78.274014
79.022857
79.828798
80.600136
81.356190
82.143492
82.889796
83.685079
84.477460
85.287937
86.137052
86.951837
88.090612
89.111746
89.918005
90.761633
91.685714
92.482857
93.328163
94.202676
95.090612
95.989161
96.864082
97.726122
98.600816
99.493968
100.351655
101.164898
102.087937
102.957551
103.771157
104.552653
105.375238
106.219592
106.955510
107.743129
108.487937
109.300680
110.118957
110.871429
111.721859
112.577687
113.385714
114.207347
115.018367
115.815918
116.593469
117.402948
118.224898
119.015873
119.779592
120.569796
121.791429
122.591746
123.546213
124.617642
125.794286
126.865306
127.878639
129.083175
131.506440
132.380000
133.358821
134.479592
138.342222
139.228798
140.034286
141.007755
141.767347
142.667347
143.447755
144.276871
145.229524
145.981995
146.851066
147.629342
148.435193
149.212698
149.990930
150.807302
151.624082
152.464444
153.258685
154.022041
154.791020
155.581315
156.349841
157.120408
158.248118
159.003333
159.832698
160.684535
161.524671
162.277687
163.112653
163.907302
164.745397
165.565488
166.386667
167.171156
168.046168
168.788390
169.587937
170.361315
171.183492
171.996327
172.735782
173.554286
174.314921
175.074331
175.834286
176.379184
177.878503
178.761224
179.501406
180.442721
181.239682
182.036508
182.830340
183.677551
184.521814
185.406531
186.139048
187.029206
187.867347
188.682358
189.521270
190.339320
191.127891
191.933424
192.757097
193.548843
194.359093
195.185306
195.985034
196.736780
197.548617
198.395102
199.170476
199.956735
200.857959
201.643492
202.435510
203.248254
204.020091
204.793832
205.604762
206.417551
207.255601
208.039002
208.831882
209.600635
210.760272
211.917551
213.329297
214.718594
216.120952
217.600317
219.013878
221.306531
225.867302
