0.492698
1.378685
2.138776
2.956190
3.758730
4.586667
5.399365
6.197551
7.045079
7.851247
8.581224
9.386122
10.191111
10.994286
11.802268
12.610612
13.442177
14.251247
14.985941
15.781224
16.576871
17.343673
18.136961
18.874921
19.643673
20.402721
21.167891
21.917460
22.814875
23.594376
24.380635
25.188571
25.962812
26.723265
27.479365
28.210794
28.990476
29.732426
30.501224
31.255873
32.471066
33.599274
34.627483
35.665850
36.867120
37.982041
39.198912
41.256281
47.077551
47.869388
48.696599
49.449796
50.250884
51.008163
51.736961
52.535918
53.357506
54.127755
54.853878
55.586395
56.304762
57.039819
57.782857
58.537506
59.316735
60.084898
60.862041
61.631565
62.419184
63.236644
64.018141
65.015873
66.738776
67.568254
68.383492
69.166440
69.967528
70.758367
71.585306
72.361633
73.182857
73.970794
74.702449
75.443084
76.234014
76.982857
77.728798
78.500136
79.276190
80.063492
80.809796
81.605079
82.397460
83.227937
84.017052
84.831837
85.730612
86.511746
87.278005
88.081633
88.885714
89.682857
90.488163
91.282676
92.130612
92.929161
93.764082
94.586122
95.420816
96.253968
97.111655
97.904898
98.747937
99.557551
100.371156
101.152653
101.935238
102.739592
103.475510
104.223129
104.987937
105.780680
106.538957
107.291429
108.221859
109.017687
109.825714
110.627347
111.438367
112.195918
112.953469
113.742948
114.484898
115.255873
115.999592
116.769796
117.891429
118.991746
119.986213
121.037642
122.354286
123.425306
124.438639
125.643175
128.046440
129.086984
130.118821
132.179592
137.362222
138.148798
138.934286
139.807755
140.607347
141.407347
142.187755
142.976871
143.969524
144.721995
145.531066
146.289342
147.075193
147.852698
148.630930
149.427302
150.204082
151.004444
151.778685
152.542041
153.311020
154.101315
154.869841
155.660408
157.068118
157.863333
158.572698
159.344535
160.104671
160.857687
161.616327
162.387302
163.225397
163.985488
164.746667
165.491156
166.246168
166.968390
167.707936
168.441315
169.183492
169.936327
170.655782
171.394286
172.154921
172.894331
173.714286
174.759184
177.458503
178.341225
179.101406
179.922721
180.739682
181.536508
182.330340
183.157551
184.001814
184.806531
185.539048
186.349206
187.167347
187.962358
188.761270
189.579320
190.407891
191.213424
191.957098
192.748843
193.539093
194.305306
195.065034
195.816780
196.588617
197.355102
198.110476
198.876735
199.777959
200.543492
201.335510
202.128254
202.900091
203.673832
204.421587
205.157551
205.935601
206.679002
207.431882
208.200635
209.420272
210.537551
211.569297
212.618594
213.820952
215.060317
216.293878
218.566531
222.067302
