0.852698
1.738685
2.498776
3.376190
4.138730
4.986667
5.859365
6.737551
7.665079
8.531247
9.281224
10.146122
10.971111
11.814286
12.662268
13.550612
14.442177
15.251247
16.045941
16.901224
17.756871
18.563673
19.436961
20.254921
21.023673
21.882721
22.807891
23.597460
24.494875
25.334376
26.140635
26.928571
27.742812
28.703265
29.539365
30.370794
31.210476
31.992426
32.961224
33.815873
35.331066
36.339274
37.427483
38.485850
39.747120
40.882041
42.158912
44.176281
49.280000
50.049388
50.956599
51.729796
52.570884
53.388163
54.196961
54.995918
55.817506
56.747755
57.473878
58.266395
59.024762
59.879819
60.642857
61.457506
62.236735
63.004898
63.762041
64.531565
65.379184
66.136644
66.858141
67.595873
68.738776
69.548254
70.363492
71.146440
71.967528
72.798367
73.585306
74.461633
75.302857
76.090794
76.922449
77.743084
78.574014
79.402857
80.248798
81.040136
81.876190
82.783492
83.569796
84.405079
85.257460
86.067937
86.897052
87.911837
89.090612
90.511746
91.278005
92.101633
92.905714
93.682857
94.528163
95.362676
96.270612
97.069161
98.004082
98.846122
99.780816
100.633968
101.503311
102.424898
103.267937
104.197551
105.011156
105.832653
106.735238
107.539592
108.395510
109.263129
110.075873
110.980680
111.818957
112.671429
113.601859
114.497687
115.365714
116.187347
117.055102
117.875918
118.773469
119.834739
120.504898
121.415873
122.219592
123.309796
124.671429
125.771746
126.766213
127.797642
129.114286
130.205306
131.358640
132.563175
134.846440
135.786984
136.998821
138.599592
141.782222
142.568798
143.354286
144.247755
144.967347
145.827347
146.647755
147.456871
148.449524
149.361996
150.231066
150.997370
151.915193
152.665397
153.570930
154.447302
155.224082
156.064444
156.838685
157.782041
158.531020
159.341315
160.229841
161.060408
162.100000
162.943333
163.672698
164.504535
165.344671
166.057687
166.896327
167.787302
168.585397
169.405488
170.226667
171.051156
171.906168
172.688390
173.487936
174.301315
175.083492
175.936327
176.755782
177.594286
178.374921
179.234331
180.094286
180.839184
183.058503
183.941225
184.702812
185.562721
186.339682
187.156508
187.990340
188.857551
189.741814
190.606531
191.359048
192.249206
193.067347
193.902358
194.801270
195.679320
196.547891
197.353424
198.197097
199.028843
199.859093
200.705306
201.565034
202.356780
203.228617
204.035102
204.970476
205.736735
206.677959
207.523492
208.355510
209.148254
209.960091
210.853832
211.661587
212.497551
213.355601
214.159002
215.071882
216.000635
217.540272
218.637551
219.709297
220.818594
222.140952
223.300635
224.613878
226.926531
230.687302
