0.772698
2.038685
2.818776
3.736190
4.538730
5.426667
6.279365
7.117551
7.965079
8.791247
9.561224
10.426122
11.231111
12.074286
12.922268
13.810612
14.642177
15.471247
16.285941
17.101224
17.936871
18.803673
19.616961
20.394921
21.243673
22.122721
22.887891
23.637460
24.454875
25.434376
26.240635
27.028571
27.902812
28.663265
29.499365
30.330794
31.130476
32.032426
32.821224
33.635873
34.891066
36.059274
37.167483
38.385850
39.647120
40.902041
42.178912
44.356281
50.997551
51.949388
52.816599
53.759592
54.610884
55.448163
56.316961
57.275918
58.097506
59.027755
59.740000
60.612789
61.424762
62.279819
63.022857
63.917506
64.696735
65.584898
66.462041
67.231565
68.039184
68.876644
69.620000
70.260000
71.598776
72.428254
73.323492
74.226440
75.087528
75.998367
76.845306
77.801633
78.682857
79.575556
80.422449
81.243084
82.094014
83.002857
83.828798
84.680136
85.616190
86.423492
87.249796
88.105079
88.917460
89.767937
90.677052
91.611837
92.810612
93.871746
94.718005
95.601633
96.465714
97.402857
98.288163
99.182676
100.070612
100.949161
101.844082
102.766122
103.700816
104.573968
105.431655
106.404898
107.247937
108.137551
109.031157
109.832653
110.795238
111.599592
112.415510
113.303129
114.087936
115.020680
115.898957
116.651429
117.501859
118.417687
119.222857
120.087347
120.958367
121.855918
122.713469
123.522948
124.384898
125.215873
126.039592
126.889796
128.051429
129.171746
130.166213
131.217642
132.914286
133.925306
134.938639
136.343175
139.026440
140.266984
141.378821
143.260000
147.022222
148.008798
148.794286
149.847755
150.647347
151.607347
152.467755
153.376871
154.369524
155.201995
156.151066
157.009342
157.915193
158.752698
159.550930
160.527302
161.384082
162.244444
163.118685
163.942041
164.851020
165.721315
166.569841
167.400408
168.608118
169.523333
170.372698
171.344535
172.284671
173.077687
174.048980
174.947302
175.785397
176.825488
177.726667
178.571157
179.486168
180.388390
181.207936
182.061315
183.023492
183.856327
184.815782
185.582857
186.554921
187.334331
188.154286
189.159184
191.198503
192.121225
192.901406
193.802721
194.639682
195.436508
196.270340
197.217551
198.061814
198.966531
199.719048
200.609206
201.427347
202.262358
203.101270
203.999320
204.847891
205.693424
206.537097
207.368843
208.179093
209.065306
209.865034
210.656780
211.508617
212.395102
213.190476
213.956735
214.857959
215.763492
216.575510
217.388254
218.260091
219.033832
219.861587
220.677551
221.475601
222.299002
223.151882
223.920635
225.240272
226.357551
227.529297
228.798594
230.040952
231.400317
232.653878
234.726531
240.580635
