0.792698
2.098685
2.898776
3.776190
4.618730
5.446667
6.259365
7.057551
7.905079
8.831247
9.581224
10.486122
11.271111
12.054286
12.862268
13.690612
14.422177
15.211247
15.985941
16.761224
17.576871
18.343673
19.136961
19.854921
20.623673
21.482721
22.247891
22.897460
23.734875
24.514376
25.280635
26.068571
26.842812
27.623265
28.399365
29.150794
29.950476
30.712426
31.461224
32.215873
33.431066
34.299274
35.287483
36.285850
37.307120
38.422041
39.538912
41.876281
46.860000
47.797551
48.716599
49.549796
50.390884
51.248163
52.036961
52.915918
53.697506
54.707755
55.493878
56.326395
57.104762
57.959819
58.742857
59.537506
60.436735
61.204898
61.982041
62.731565
63.519184
64.356644
65.158141
66.015873
67.120000
67.828254
68.623492
69.406440
70.247528
71.038367
71.845306
72.621633
73.342857
74.110794
74.882449
75.703084
76.494014
77.302857
78.068798
78.820136
79.636190
80.423492
81.209796
82.025079
82.817460
83.567937
84.377052
85.191837
86.090612
87.671746
88.458005
89.301633
90.125714
90.982857
91.848163
92.642676
93.570612
94.449161
95.224082
96.106122
96.880816
97.753968
98.611655
99.344898
100.187937
100.977551
101.771157
102.512653
103.315238
104.119592
104.875510
105.643129
106.387936
107.180680
107.938957
108.691429
109.541859
110.357687
111.145714
111.907347
112.678367
113.495918
114.253469
115.062948
115.824898
116.615873
117.359592
118.149796
119.091429
120.291746
121.146213
122.177642
123.140000
124.200000
125.038640
126.043175
128.846440
129.766984
130.620000
131.739592
135.922222
136.848798
137.754286
138.787755
139.567347
140.387347
141.287755
142.136871
143.109524
144.001995
144.791066
145.569342
146.455193
147.172698
147.970930
148.807302
149.584082
150.404444
151.198685
152.042041
152.811020
153.601315
154.389841
155.180000
156.248118
156.963333
157.772698
158.584535
159.364671
160.157687
160.956327
161.747302
162.365397
163.365488
164.146667
164.891156
165.686168
166.408390
167.167936
167.901315
168.663492
169.436327
170.315782
170.954286
171.654921
172.394331
173.174286
174.219184
176.118503
177.001225
177.761406
178.722721
179.539682
180.376508
181.170340
181.997551
182.841814
183.846531
184.579048
185.509206
186.287347
187.082358
187.941270
188.759320
189.547891
190.353424
191.097097
191.888843
192.679093
193.485306
194.245034
195.016780
195.808617
196.595102
197.350476
198.056735
198.917959
199.703492
200.511020
201.268254
202.040091
202.813832
203.601587
204.397551
205.175601
205.999002
206.771882
207.520635
208.660272
209.617551
210.529297
211.518594
212.640952
213.760317
214.913878
217.566531
221.407302
