0.472698
1.278685
1.998776
2.836190
3.518730
4.326667
5.079365
5.797551
6.545079
7.371247
8.081224
8.886122
9.611111
10.334286
11.142268
11.910612
12.622177
13.311247
13.945941
14.761224
15.556871
16.203673
16.960000
17.654921
18.383673
19.122721
19.867891
20.557460
21.154875
22.034376
22.740635
23.428571
24.162812
24.943265
25.659365
26.370794
27.150476
27.892426
28.521224
29.255873
30.240000
31.039274
31.927483
32.865850
33.887120
34.942041
35.958912
37.336281
41.357551
42.149388
42.976599
43.689796
44.450884
45.208163
45.936961
46.815918
47.317506
48.347755
49.073878
49.886395
50.664762
51.479819
52.222857
53.037506
53.876735
54.644898
55.522041
56.251565
56.999184
57.816644
58.558141
59.555873
60.418776
61.148254
61.843492
62.606440
63.347528
64.118367
64.785306
65.581633
66.382857
67.130794
67.902449
68.643084
69.448027
70.242857
71.028798
71.780136
72.536190
73.343492
74.089796
74.845079
75.637460
76.387937
77.177052
77.971837
78.810612
79.531746
80.278005
81.081633
81.885714
82.582857
83.368163
84.142676
84.850612
85.609161
86.324082
87.106122
87.920816
88.693968
89.431655
90.184898
91.027937
91.817551
92.571157
93.312653
94.055238
94.840000
95.555510
96.283129
96.987937
97.780680
98.518957
99.291429
100.101859
100.937687
101.705714
102.467347
103.238367
104.115918
104.793469
105.522948
106.304898
107.115873
107.859592
108.609796
109.251429
110.351746
111.166213
112.077642
112.980000
113.945306
114.838639
116.043175
119.326440
120.266984
121.038821
122.339592
126.362222
127.148798
127.814286
128.687755
129.347347
130.147347
130.867755
131.676871
132.449524
133.321995
134.131066
134.929342
135.695193
136.432698
137.230930
138.027302
138.804082
139.604444
140.278685
141.102041
141.911020
142.681315
143.409841
144.200408
145.388118
146.203333
146.972698
147.764535
148.564671
149.317687
150.156327
150.927302
151.685397
152.585488
153.366667
154.111156
154.926168
155.648390
156.387936
157.121315
157.883492
158.656327
159.395782
160.134286
160.874921
161.614331
162.320000
162.420000
163.878503
164.721225
165.442812
166.342721
167.059682
167.856508
168.630340
169.417551
170.261814
171.046531
171.779048
172.629206
173.447347
174.162358
174.941270
175.759320
176.527891
177.273424
177.997097
178.748843
179.599093
180.305306
181.045034
181.756780
182.528617
183.295102
184.050476
184.796735
185.437959
186.340000
187.075510
187.768254
188.540091
189.313832
190.081587
190.817551
191.595601
192.379002
193.051882
193.780635
194.820272
195.697551
196.629297
197.638594
198.680952
199.960318
201.113878
203.286531
207.467302
