0.686984
1.818685
2.638776
3.656190
4.478730
5.366667
6.179365
7.097551
8.205079
9.271247
10.101224
11.046122
11.891111
12.794286
13.682268
14.590612
15.522177
16.371247
17.225941
18.141224
19.016871
19.843673
20.716961
21.534921
22.303673
23.242721
24.087891
24.957460
25.854875
26.714376
27.540635
28.408571
29.362812
30.123265
30.939365
31.790794
32.670476
33.412426
34.321224
35.155873
36.491066
37.779274
39.207483
40.625850
42.187120
43.422041
44.918912
47.536281
52.380000
53.309388
54.196599
55.009796
55.870884
56.728163
57.476961
58.415918
59.237506
60.247755
61.013878
61.806395
62.604762
63.479819
64.262857
65.117506
65.936735
66.704898
67.582041
68.371565
69.319184
70.096644
70.918141
71.860000
73.398776
74.228254
74.943492
75.766440
76.647528
77.498367
78.285306
79.141633
79.962857
80.850794
81.582449
82.423084
83.214014
84.062857
84.808798
85.600136
86.436190
87.283492
88.089796
88.885079
89.697460
90.507937
91.337052
92.231837
93.210612
94.851746
95.738005
96.641633
97.465714
98.462857
99.348163
100.202676
101.070612
102.029161
102.944082
103.906122
104.820816
105.753968
106.611655
107.624898
108.467937
109.477551
110.411157
111.292653
112.235238
113.119592
113.915510
114.783129
115.587936
116.460680
117.358957
118.211429
119.201859
120.137687
121.065714
121.934694
122.878367
123.715918
124.553469
125.448843
126.304898
127.155873
128.039592
128.849796
129.971429
131.091746
132.086213
133.277642
134.574286
135.725306
136.818639
138.443175
142.666440
143.666984
144.678821
146.239592
149.142222
149.988798
150.794286
151.687755
152.487347
153.367347
154.167755
155.056871
156.149524
156.981995
157.911066
158.749342
159.635193
160.472698
161.310930
162.147302
163.004082
163.904444
164.678685
165.542041
166.411020
167.221315
168.069841
168.920408
170.428118
171.163333
171.972698
172.864535
173.744671
174.497687
175.372653
176.267302
177.045397
178.105488
178.926667
179.831156
180.726168
181.588390
182.407937
183.241315
184.143492
184.996327
185.855782
186.694286
187.529841
188.374331
189.194286
190.199184
192.858503
193.781225
194.621406
195.602721
196.419682
197.316508
198.150340
199.117551
200.241814
201.286531
202.119048
203.089206
203.907347
204.782358
205.621270
206.599320
207.447891
208.333424
209.177098
210.108843
210.999093
211.845306
212.685034
213.496780
214.348617
215.215102
216.130476
216.916735
217.891837
218.763492
219.695510
220.468254
221.340091
222.213832
223.041587
223.897551
224.715601
225.539002
226.411882
227.300635
228.540272
229.737551
231.029297
232.518594
233.900952
235.440317
236.933878
239.799592
244.307302
