0.412698
1.438685
2.198776
3.056190
3.858730
4.666667
5.499365
6.377551
7.285079
8.151247
8.941224
9.866122
10.711111
11.534286
12.402268
13.270612
14.162177
14.971247
15.745941
16.621224
17.456871
18.283673
19.396961
20.194921
20.983673
21.742721
22.487891
23.157460
24.054875
24.994376
25.860635
26.688571
27.462812
28.363265
29.219365
30.050794
30.890476
31.672426
32.541224
33.335873
34.431066
35.519274
36.507483
37.545850
38.507120
39.442041
40.440000
42.156281
46.440000
47.249388
48.136599
48.999592
49.890884
50.728163
51.496961
52.455918
53.457506
54.407755
55.233878
56.066395
56.904762
57.799819
58.622857
59.497506
60.316735
61.084898
61.922041
62.731565
63.579184
64.396644
65.158141
66.211746
67.958776
68.828254
69.643492
70.426440
71.247528
72.058367
72.825306
73.661633
74.482857
75.363175
76.162449
76.983084
77.834014
78.662857
79.548798
80.340136
81.176190
82.063492
82.869796
83.745079
84.537460
85.375873
86.257052
87.131837
88.977143
90.591746
91.438005
92.301633
93.285714
94.122857
94.988163
95.813379
96.870612
97.669161
98.544082
99.426122
100.420816
101.253968
102.111655
103.004898
104.127937
105.057551
105.951156
106.812653
107.695238
108.559592
109.395510
110.183129
111.027936
111.820680
112.698957
113.551429
114.481859
115.377687
116.237143
117.087347
118.038367
118.795918
119.653469
120.522948
121.404898
122.215873
122.959592
123.709796
124.931429
126.031746
126.920000
127.937642
129.174286
130.025306
130.960000
131.880000
133.846440
134.826984
135.978821
137.799592
141.002222
141.928798
142.754286
143.747755
144.567347
145.567347
146.427755
147.316871
148.489524
149.461996
150.431066
151.249342
152.255193
153.103492
154.050930
155.001905
155.824082
156.824444
157.738685
158.642041
159.571020
160.601315
161.569841
162.540408
164.668118
165.623333
166.492698
167.404535
168.284671
169.057687
170.036327
170.947302
171.785397
172.805488
173.686667
174.451156
175.346168
176.108390
176.947936
177.721315
178.563492
179.416326
180.215782
181.094286
181.934921
182.754331
183.654286
184.699184
187.158503
188.181225
188.941406
189.822721
190.639682
191.496508
192.350340
193.277551
194.181814
195.106531
195.899048
196.789206
197.627347
198.482358
199.401270
200.439320
201.267891
202.073424
202.937097
203.748843
204.679093
205.505306
206.425034
207.436780
208.228617
208.995102
209.750476
210.516735
211.417959
212.283492
213.135510
213.928254
214.680091
215.653832
216.481587
217.237551
218.095601
218.859002
219.691882
220.480635
221.640272
222.697551
223.629297
224.598594
225.680952
226.680318
227.633878
229.766531
233.007302
