1.452698
2.498685
3.298776
4.236190
5.178730
6.046667
6.919365
7.777551
8.685079
9.591247
10.381224
11.386122
12.171111
13.154286
14.022268
14.930612
15.726531
16.591247
17.425941
18.301224
19.136871
20.003673
20.856961
21.654921
22.503673
23.302721
24.187891
24.937460
25.814875
26.734376
27.500635
28.348571
29.162812
30.003265
30.859365
31.690794
32.530476
33.332426
34.181224
35.075873
36.391066
37.559274
38.772381
40.005850
41.327120
42.442041
43.738912
45.656281
49.357551
50.049388
50.876599
51.769796
52.690884
53.548163
54.316961
55.215918
56.177506
57.027755
57.753878
58.566395
59.384762
60.259819
61.002857
61.877506
62.696735
63.524898
64.342041
65.131565
66.059184
66.876644
67.718141
68.115873
69.738776
70.488254
71.343492
72.146440
72.967528
73.858367
74.645306
75.481633
76.342857
77.130794
77.902449
78.643084
79.474014
80.242857
81.008798
81.740136
82.556190
83.343492
84.169796
84.940000
85.717460
86.547937
87.357052
88.211837
89.230612
90.831746
91.658005
92.581633
93.485714
94.302857
95.228163
96.162676
97.131837
98.069161
98.964082
99.906122
100.800816
101.653968
102.551655
103.384898
104.307937
105.217551
106.111157
106.932653
107.815238
108.659592
109.515510
110.403129
111.187937
112.060680
112.898957
113.751429
114.661859
115.517687
116.385714
117.247347
118.098367
118.955918
119.893469
120.742948
121.564898
122.455873
123.299592
124.189796
125.291429
126.411746
127.246213
128.277642
129.254286
130.325306
131.218639
132.423175
135.106440
136.166984
137.178821
138.479592
142.162222
142.908798
143.654286
144.607755
145.407347
146.327347
147.147755
147.976871
149.089524
149.841995
150.671066
151.569342
152.415193
153.192698
154.070930
154.947302
155.784082
156.604444
157.438685
158.262041
159.071020
159.821315
160.689841
161.480408
162.888118
163.743333
164.612698
165.484535
166.364671
167.177687
168.116327
168.967302
169.845397
170.725488
171.586667
172.431156
173.346168
174.208390
175.027937
175.821315
176.723492
177.572653
178.395782
179.214286
180.054921
180.894331
181.734286
182.759184
185.138503
186.181225
186.961406
187.922721
188.859682
189.656508
190.550340
191.417551
192.321814
193.226531
194.019048
194.969206
195.787347
196.642358
197.521270
198.439320
199.267891
200.193424
201.057097
201.968843
202.839093
203.705306
204.525034
205.356780
206.208617
207.075102
207.930476
208.696735
209.657959
210.503492
211.315510
212.168254
213.040091
213.813832
214.641587
215.477551
216.335601
217.139002
218.031882
218.920635
220.240272
221.397551
222.634377
223.878594
225.280952
226.520318
227.713878
229.866531
233.307302
