1.612698
2.958685
3.738776
4.676190
5.578730
6.526667
7.379365
8.277551
9.165079
10.031247
10.761224
11.686122
12.551111
13.394286
14.222268
15.130612
16.022177
16.851247
17.605941
18.441224
19.356871
20.303673
21.156961
21.854921
22.671020
23.542721
24.527891
25.277460
26.174875
27.094376
27.960635
28.768571
29.622812
30.383265
31.259365
32.070794
32.870476
33.692426
34.541224
35.375873
36.911066
38.059274
39.087483
40.305850
41.607120
42.922041
44.218912
46.396281
51.280000
52.189388
53.056599
53.929796
54.850884
55.668163
56.476961
57.435918
58.277506
59.247755
60.033878
60.846395
61.704762
62.579819
63.342857
64.177506
65.096735
65.864898
66.662041
67.451565
68.479184
69.296644
70.098141
71.095873
72.498776
73.288254
74.043492
74.846440
75.647528
76.478367
77.305306
78.121633
78.942857
79.730794
80.502449
81.323084
82.114014
83.022857
83.848798
84.640136
85.456190
86.283492
87.109796
87.985079
88.797460
89.627937
90.437052
91.339184
92.270612
94.031746
94.878005
95.781633
96.685714
97.582857
98.428163
99.302676
100.250612
101.189161
102.084082
102.972245
103.880816
104.853968
105.711655
106.664898
107.507937
108.377551
109.211157
109.992653
110.995238
111.799592
112.535510
113.323129
114.107936
115.020680
115.878957
116.671429
117.601859
118.457687
119.285714
120.127347
120.938367
121.751837
122.613469
123.482948
124.304898
125.115873
125.959592
126.929796
128.311429
129.511746
130.546213
131.737642
133.254286
134.325306
135.338639
136.543175
138.906440
139.866984
140.838821
142.119592
145.162222
145.948798
146.734286
147.727755
148.527347
149.567347
150.367755
151.256871
152.349524
153.241996
154.171066
155.029342
155.895193
156.732698
157.570930
158.467302
159.264082
160.164444
161.038685
161.882041
162.811020
163.681315
164.529841
165.340408
167.008118
167.923333
168.672698
169.604535
170.524671
171.297687
172.268980
173.107302
174.025397
175.005488
175.766667
176.591156
177.386168
178.248390
178.987936
179.781315
180.563492
181.416326
182.215782
182.974286
183.754921
184.574331
185.354286
186.199184
188.158503
189.441225
190.221406
191.142721
191.979682
192.836508
193.670340
194.577551
195.461814
196.326531
197.079048
197.989206
198.867347
199.704717
200.521270
201.439320
202.355782
203.173424
203.997097
204.828843
205.679093
206.545306
207.365034
208.236780
209.088617
209.935102
210.850476
211.676735
212.517959
213.503492
214.375510
215.168254
216.040091
216.833832
217.721587
218.497551
219.315601
220.159002
220.991882
221.960635
223.380272
224.577551
225.709297
226.758594
228.300952
229.760317
231.073878
233.406531
237.087302
