1.232698
2.198685
2.978776
3.876190
4.638730
5.386667
6.199365
6.997551
7.945079
8.811247
9.541224
10.366122
11.111111
11.894286
12.622268
13.430612
14.302177
15.111247
15.845941
16.661224
17.433742
18.203673
18.996961
19.714921
20.523673
21.302721
22.067891
22.817460
23.694875
24.474376
25.240635
26.008571
26.802812
27.583265
28.419365
29.150794
29.930476
30.672426
31.461224
32.215873
33.611066
34.439274
35.427483
36.545850
37.720000
38.762041
39.800000
41.256281
45.240000
46.137551
47.076599
47.969796
48.850884
49.728163
50.516961
51.555918
52.537506
53.607755
54.373878
55.206395
56.044762
56.879819
57.722857
58.497506
59.256735
60.024898
60.862041
61.631565
62.439184
63.256644
64.038141
64.795873
66.240000
66.928254
67.783492
68.626440
69.507528
70.378367
71.245306
72.081633
73.122857
73.950794
74.842449
75.723084
76.614014
77.462857
78.388798
79.160136
80.036190
80.883492
81.669796
82.525079
83.337460
84.187937
85.017052
85.831837
87.230612
88.111746
88.878005
89.681633
90.545714
91.342857
92.168163
92.962676
93.870612
94.689161
95.504082
96.346122
97.220816
98.053968
98.871655
99.724898
100.567937
101.397551
102.211157
102.932653
103.715238
104.499592
105.255510
106.003129
106.807936
107.600680
108.398957
109.131429
110.041859
110.817687
111.645714
112.407347
113.238367
114.035918
114.793469
115.562948
116.384898
117.135873
117.879592
118.649796
119.831429
120.871746
121.820000
122.677642
123.994286
124.805306
125.738639
126.800000
128.746440
129.766984
130.718821
131.999592
134.982222
135.888798
136.734286
137.707755
138.507347
139.447347
140.287755
141.316871
142.349524
143.141995
144.011066
144.789342
145.615193
146.412698
147.230930
148.067302
148.844082
149.684444
150.458685
151.282041
152.151020
152.941315
153.729841
154.540408
155.728118
156.543333
157.272698
158.104535
158.864671
159.637687
160.396327
161.207302
161.985397
162.905488
163.726667
164.491156
165.286168
166.028390
166.827936
167.581315
168.346984
169.136326
169.855782
170.614286
171.354921
172.114331
172.914286
173.959184
175.938503
176.901225
177.704218
178.562721
179.339682
180.136508
180.870340
181.697551
182.681814
183.526531
184.259048
185.089206
185.907347
186.680000
187.421270
188.199320
189.027891
189.833424
190.557097
191.368843
192.099093
192.865306
193.625034
194.376780
195.188617
195.955102
196.710476
197.436735
198.337959
199.083492
199.875510
200.668254
201.420091
202.233832
203.021587
203.757551
204.555601
205.319002
206.071882
206.840635
208.360272
209.297551
210.329297
211.478594
212.700952
213.860318
214.840000
216.486531
219.867302
