0.572698
1.718685
2.478776
3.236190
3.980000
4.766667
5.559365
6.397551
7.225079
8.051247
8.781224
9.586122
10.371111
11.134286
11.942268
12.750612
13.502177
14.351247
15.105941
15.901224
16.696871
17.443673
18.216961
18.934921
19.683673
20.442721
21.207891
21.917460
22.794875
23.574376
24.340635
25.108571
25.882812
26.663265
27.459365
28.170794
28.950476
29.692426
30.421224
31.175873
32.371066
33.439274
34.487483
35.605850
36.847120
38.022041
39.238912
41.156281
45.380000
46.289388
47.136599
47.989796
48.890884
49.648163
50.476961
51.455918
52.277506
53.207755
53.933878
54.766395
55.544762
56.399819
57.142857
57.957506
58.776735
59.544898
60.342041
61.111565
61.999184
62.760000
63.538141
64.495873
65.457551
66.328254
67.143492
67.986440
68.787528
69.698367
70.525306
71.381633
72.202857
72.990794
73.802449
74.563084
75.354014
76.182857
76.928798
77.700136
78.516190
79.403492
80.109796
80.905079
81.697460
82.487937
83.257052
84.091837
85.250612
86.351746
87.138005
87.921633
88.765714
89.622857
90.508163
91.322676
92.430612
93.329161
94.144082
95.026122
95.840816
96.673968
97.531655
98.324898
99.207937
100.057551
100.831157
101.592653
102.395238
103.219592
103.955510
104.723129
105.487937
106.300680
107.058957
107.791429
108.681859
109.477687
110.265714
111.027347
111.798367
112.555918
113.353469
114.102948
114.864898
115.635873
116.379592
117.109796
118.171429
119.371746
120.346213
121.397642
122.694286
123.765306
124.778639
125.963175
127.926440
128.806984
129.698821
130.939592
134.882222
135.868798
136.674286
137.675510
138.487347
139.367347
140.167755
141.036871
141.949524
142.741996
143.551066
144.349342
145.135193
145.892698
146.670930
147.507302
148.284082
149.108889
149.898685
150.702041
151.471020
152.241315
153.009841
153.800408
154.988118
155.763333
156.532698
157.364535
158.164671
158.937687
159.752653
160.527302
161.365397
162.245488
163.026667
163.831156
164.626168
165.428390
166.207936
167.001315
167.823492
168.596327
169.355782
170.114286
170.914921
171.714331
172.514286
173.159184
175.218503
176.181225
176.881406
177.682721
178.439682
179.216508
179.970340
180.797551
181.601814
182.426531
183.159048
183.969206
184.747347
185.542358
186.341270
187.139320
187.887891
188.693424
189.437097
190.228843
190.979093
191.725306
192.485034
193.216780
193.988617
194.755102
195.530476
196.276735
197.137959
197.920000
198.695510
199.428254
200.260091
201.013832
201.761587
202.497551
203.275601
204.019002
204.751882
205.520635
206.840272
207.937551
208.969297
210.098594
211.360952
212.620317
213.833878
215.926531
219.567302
