0.665397
1.598685
2.338776
3.176190
3.878730
4.826667
5.579365
6.417551
7.305079
8.131247
8.941224
9.806122
10.631111
11.474286
12.262268
13.170612
14.002177
14.871247
15.651882
16.481224
17.316871
18.083673
18.976961
19.714921
20.483673
21.342721
22.107891
22.897460
23.834875
24.674376
25.540635
26.408571
27.222812
28.043265
28.939365
29.670794
30.570476
31.372426
32.281224
32.975873
34.171066
34.979274
35.967483
36.945850
38.147120
38.902041
39.898912
41.176281
43.900000
44.449388
45.396599
46.149796
47.030884
47.808163
48.636961
49.515918
50.217506
51.107755
51.873878
52.686395
53.484762
54.259819
55.062857
55.817506
56.596735
57.364898
58.202041
58.971565
59.779184
60.596644
61.378141
62.375873
63.838776
64.548254
65.363492
66.166440
67.035057
67.838367
68.705306
69.601633
70.562857
71.350794
72.122449
73.023084
73.814014
74.662857
75.428798
76.220136
76.956190
77.883492
78.729796
79.545079
80.397460
81.107937
81.957052
82.831837
84.350612
85.223492
86.058005
86.881633
87.685714
88.582857
89.468163
90.262676
91.110612
91.909161
92.744082
93.586122
94.500816
95.333968
96.211655
97.044898
97.887937
98.757551
99.591156
100.432653
101.255238
102.059592
102.935510
103.783129
104.567937
105.520680
106.278957
107.131429
108.121859
108.977687
109.845714
110.727347
111.598367
112.435918
113.273469
114.122948
114.944898
115.735873
116.579592
117.349796
118.331429
119.471746
120.366213
121.397642
122.574286
123.565306
124.358639
125.203175
126.786440
127.726984
128.698821
129.919592
132.802222
133.528798
134.314286
135.207755
136.007347
136.847347
137.627755
138.516871
139.509524
140.421995
141.322132
142.129342
143.075193
143.878095
144.810930
145.687302
146.484082
147.444444
148.258685
149.082041
149.991020
150.781315
151.729841
152.520408
153.908118
154.783333
155.532698
156.384535
157.164671
157.917687
158.716327
159.507302
160.325397
161.165488
161.966667
162.751156
163.606168
164.348390
165.167936
165.921315
166.743492
167.596327
168.335782
169.174286
169.974921
170.774331
171.594286
172.579184
174.238503
175.141224
175.901406
176.802721
177.499682
178.376508
179.270340
180.177551
181.121814
182.006531
182.859048
183.729206
184.587347
185.522358
186.461270
187.319320
188.167891
189.033424
189.877097
190.748843
191.579093
192.465306
193.325034
194.136780
194.928617
195.855102
196.770476
197.536735
198.477959
199.343492
200.235510
201.068254
201.840091
202.733832
203.641587
204.417551
205.295601
206.139002
206.971882
207.740635
208.900000
209.837551
210.989297
212.038594
213.240952
214.380317
215.513878
217.246531
220.607302
