0.172698
0.998685
1.758776
2.596190
3.358730
4.146667
4.978730
5.777551
6.585079
7.391247
8.141224
8.946122
9.711111
10.514286
11.322268
12.130612
12.902177
13.751247
14.485941
15.301224
16.016871
16.763673
17.556961
18.294921
19.063673
19.902721
20.667891
21.417460
22.234875
23.014376
23.800635
24.608571
25.322812
26.163265
26.939365
27.750794
28.530476
29.284853
30.061224
30.815873
32.031066
32.759274
33.667483
34.600000
35.587120
36.682041
37.678912
39.536281
43.960000
44.829388
45.656599
46.449796
47.210884
48.028163
48.796961
49.595918
50.477506
51.247755
51.973878
52.766395
53.504762
54.319819
55.022857
55.817506
56.596735
57.364898
58.282041
59.020000
59.699184
60.456644
61.238141
62.255873
63.318776
64.020000
64.783492
65.566440
66.327528
67.118367
67.825306
68.621633
69.422857
70.210794
71.002449
71.743084
72.494014
73.282857
74.028798
74.800136
75.556190
76.363492
77.129796
77.925079
78.697460
79.527937
80.337052
81.211837
82.190612
83.271746
84.118005
84.821633
85.605714
86.402857
87.208163
87.962676
88.750612
89.529161
90.264082
91.026122
91.860816
92.653968
93.431655
94.224898
95.087937
95.897551
96.671157
97.472653
98.255238
99.119592
99.835510
100.603129
101.367936
102.160680
102.938957
103.691429
104.481859
105.297687
106.065714
106.867347
107.738367
108.435918
109.193469
110.002948
110.804898
111.555873
112.319592
113.089796
113.991429
114.991746
115.786213
116.737642
117.794286
118.705306
119.638639
120.760000
123.066440
124.086984
125.018821
126.199592
129.102222
129.868798
130.674286
131.547755
132.227347
133.007347
133.747755
134.496871
135.449524
136.161995
136.971066
137.849342
138.595193
139.372698
140.150930
140.947302
141.804082
142.604444
143.378685
144.142041
144.931020
145.721315
146.509841
147.260408
148.328118
149.123333
149.858095
150.640000
151.404671
152.137687
152.976326
153.647302
154.305397
155.245488
156.006667
156.771156
157.566168
158.288390
159.047936
159.781315
160.523492
161.276327
162.035782
162.774286
163.554921
164.294331
165.054286
166.039184
167.158503
168.001225
168.801406
169.622721
170.419682
171.216508
172.050340
172.897551
173.701814
174.506531
175.239048
176.069206
176.887347
177.682358
178.521270
179.339320
180.107891
180.913424
181.657097
182.468843
183.239093
184.065306
184.825034
185.750340
186.508617
187.270204
188.030476
188.616735
189.417959
190.183492
190.975510
191.728254
192.680091
193.433832
194.201587
195.062857
195.855601
196.479002
197.211882
197.900000
199.020272
199.937551
200.949297
201.960000
202.940952
204.020318
205.053878
207.006531
210.107302
