1.272698
2.498685
3.378776
4.356190
5.298730
6.246667
7.259365
8.217551
9.125079
10.111247
10.981224
11.886122
12.731111
13.714286
14.662268
15.590612
16.502177
17.431247
18.305941
19.221224
20.036871
20.963673
21.756961
22.574921
23.463673
24.702721
25.627891
26.457460
27.354875
28.394376
29.240635
30.228571
31.142812
32.063265
32.819365
33.773968
34.670476
35.512426
36.421224
37.315873
38.471066
39.599274
40.687483
41.685850
42.787120
44.322041
45.538912
47.396281
54.217551
55.169388
56.056599
56.929796
57.870884
58.788163
59.556961
60.551837
61.600000
62.483265
63.253878
64.146395
65.004762
65.919819
66.702857
67.617506
68.516735
69.384898
70.302041
71.071565
71.955102
72.856644
73.718141
74.480000
75.778776
76.548254
77.383492
78.246440
79.067528
79.978367
80.805306
81.741633
82.602857
83.490794
84.322449
85.163084
85.994014
86.962857
87.748798
88.580136
89.496190
90.443492
91.189796
92.045079
92.977460
93.827937
94.677052
95.551837
96.570612
97.991746
98.878005
99.781633
100.785714
101.582857
102.608163
103.462676
104.490612
105.369161
106.324082
107.306122
108.280816
109.233968
110.151655
111.384898
112.107937
113.057551
114.171157
114.912653
115.755238
116.659592
117.575510
118.443129
119.307936
120.180680
121.178957
121.971429
122.901859
123.857687
124.765714
125.707347
126.598367
127.435918
128.313469
129.342948
130.204898
131.115873
132.119592
132.889796
134.051429
134.991746
135.966213
137.017642
138.314286
139.225306
140.218639
141.303175
143.766440
144.726984
145.718821
146.999592
152.602222
153.568798
154.474286
155.487755
156.367347
157.347347
158.235510
159.196871
160.189524
161.041995
161.891066
162.929342
163.815193
164.632698
165.510930
166.467302
167.504082
168.444444
169.298685
170.182041
171.151020
172.041315
172.909841
173.720408
175.028118
175.863333
176.772698
177.664535
178.624671
179.417687
180.396327
181.227302
181.885397
183.085488
183.966667
184.851157
185.786168
186.688390
187.527937
188.321315
189.277460
190.176327
191.055782
191.974286
192.854921
193.694331
194.554286
195.220000
197.598503
198.781225
199.601406
200.482721
201.359682
202.276508
203.130340
204.137551
204.981814
205.946531
206.839048
207.729206
208.567347
209.522358
210.401270
211.279320
212.227891
213.013424
213.817097
214.868843
215.659093
216.545306
217.525034
218.316780
219.108617
220.015102
220.930476
221.736735
222.617959
223.503492
224.415510
225.308254
226.220091
227.153832
227.981587
228.777551
229.635601
230.439002
231.331882
232.120635
233.260272
234.377551
235.449297
236.598594
237.680952
238.920317
240.233878
242.466531
247.347302
