0.412698
1.418685
2.158776
3.016190
3.718730
4.546667
5.359365
6.137551
7.005079
7.831247
8.561224
9.386122
10.111111
10.914286
11.702268
12.510612
13.342177
14.131247
14.925941
15.721224
16.516871
17.323673
18.116961
18.874921
19.623673
20.442721
21.207891
21.977460
22.874875
23.714376
24.520635
25.348571
26.142812
26.923265
27.739365
28.490794
29.270476
30.032426
30.881224
31.675873
32.971066
34.279274
35.367483
36.540000
37.667120
38.782041
39.978912
41.916281
46.600000
47.509388
48.376599
49.229796
50.090884
50.988163
51.756961
52.763673
53.737506
54.647755
55.420000
56.266395
57.024762
57.899819
58.642857
59.457506
60.296735
61.064898
61.902041
62.651565
63.459184
64.336644
65.158141
66.155873
67.038776
67.748254
68.523492
69.326440
70.127528
70.938367
71.745306
72.601633
73.422857
74.230794
75.042449
75.823084
76.654014
77.502857
78.288798
79.060136
79.876190
80.743492
81.549796
82.385079
83.197460
83.987937
84.837052
85.651837
86.590612
87.471746
88.278005
89.101633
89.925714
90.762857
91.668163
92.502676
93.450612
94.249161
95.124082
96.046122
96.880816
97.753968
98.711655
99.524898
100.367937
101.277551
102.111157
102.932653
103.795238
104.659592
105.395510
106.183129
107.007936
107.900680
108.698957
109.491429
110.381859
111.177687
112.005714
112.807347
113.618367
114.435918
115.213469
116.022948
116.824898
117.635873
118.439592
119.349796
120.671429
121.771746
122.306213
123.317642
124.634286
125.685306
126.638639
127.603175
129.746440
130.886984
132.018821
133.439592
136.982222
137.948798
138.714286
139.727755
140.547347
141.447347
142.327755
143.236871
144.329524
145.141995
146.011066
146.829342
147.655193
148.452698
149.270930
150.147302
150.944082
151.764444
152.618685
153.442041
154.251020
155.041315
155.869841
156.660408
157.948118
158.783333
159.612698
160.524535
161.404671
162.277687
163.148980
164.027302
164.845397
165.925488
166.806667
167.651156
168.546168
169.368390
170.167936
171.041315
171.883492
172.736327
173.555782
174.394286
175.234921
176.074331
176.894286
177.559184
179.158503
179.981224
180.721406
181.582721
182.299682
183.096508
183.890340
184.717551
185.581814
186.386531
187.139048
187.949206
188.707347
189.502358
190.281270
191.099320
191.887891
192.713424
193.497097
194.308843
195.099093
195.925306
196.685034
197.436780
198.188617
199.055102
199.810476
200.556735
201.475918
202.283492
203.095510
203.928254
204.720091
205.493832
206.321587
207.077551
207.855601
208.639002
209.451882
210.260635
211.640272
212.837551
213.949297
215.120000
216.280000
217.480317
218.593878
220.586531
224.287302
