2.852698
3.918685
4.658776
5.536190
6.378730
7.286667
8.099365
8.897551
10.045079
11.051247
11.781224
12.606122
13.471111
14.354286
15.242268
16.150612
17.042177
17.831247
18.625941
19.421224
20.316871
21.123673
21.956961
22.734921
23.503673
24.302721
25.187891
25.997460
26.854875
27.754376
28.540635
29.348571
30.162812
30.963265
31.759365
32.530794
33.350476
34.132426
35.021224
35.855873
37.091066
38.519274
39.669932
40.845850
42.247120
43.522041
44.978912
47.176281
51.860000
52.829388
53.696599
54.529796
55.350884
56.188163
57.036961
58.035918
58.897506
59.827755
60.553878
61.431156
62.184762
62.979819
63.762857
64.637506
65.416735
66.184898
66.962041
67.771565
68.579184
69.416644
70.238141
71.255873
73.455102
74.373016
75.223492
76.086440
76.967528
77.858367
78.725306
79.601633
80.422857
81.250794
82.062449
82.823084
83.614014
84.482857
85.268798
86.100136
86.936190
87.763492
88.569796
89.485079
90.297460
91.187937
92.157052
93.051837
94.090612
95.291746
96.138005
96.961633
97.925714
98.762857
99.708163
100.722676
101.990612
102.849161
103.704082
104.546122
105.540816
106.373968
107.251655
108.284898
109.187937
110.077551
110.911157
111.692653
112.535238
113.339592
114.175510
114.923129
115.727936
116.620680
117.378957
118.271429
119.201859
120.037687
120.885714
121.687347
122.538367
123.295918
124.153469
124.962948
125.804898
126.595873
127.479592
128.429796
129.571429
130.611746
131.606213
132.657642
134.494286
135.665306
136.858640
138.443175
141.592199
142.986984
144.218821
146.379592
149.562222
150.368798
151.194286
152.067755
152.847347
153.727347
154.547755
155.376871
156.369524
157.141995
158.011066
158.809342
159.635193
160.412698
161.230930
162.047302
162.864082
163.684444
164.478685
165.282041
166.131020
166.941315
167.789841
168.680408
170.676236
171.543333
172.272698
173.184535
174.024671
174.777687
175.636326
176.487302
177.325397
178.305488
179.146667
180.011156
180.866168
181.728390
182.547936
183.381315
184.203492
185.096327
185.915782
186.768571
187.634921
188.574331
189.394286
190.799184
192.898503
193.861225
194.581406
195.482721
196.299682
197.136508
198.030340
199.017551
200.321814
201.166531
201.919048
202.789206
203.627347
204.522358
205.381270
206.399320
207.347891
208.173424
209.017098
209.808843
210.679093
211.525306
212.385034
213.156780
213.988617
214.795102
215.650476
216.496735
217.357959
218.263492
219.075510
219.908254
220.780091
221.553832
222.421587
223.217551
224.055601
224.859002
225.751882
226.700635
228.060272
229.477551
230.669297
231.778594
233.020952
234.860318
236.373878
238.866531
242.767302
