0.512698
1.578685
2.418776
3.336190
4.138730
5.086667
5.999365
6.857551
7.725079
8.631247
9.481224
10.506122
11.351111
12.334286
13.282268
14.190612
15.142177
15.971247
16.797823
17.681224
18.476871
19.423673
20.336961
21.234921
22.065714
23.002721
23.887891
24.677460
25.574875
26.434376
27.320635
28.128571
29.022812
29.843265
30.759365
31.510794
32.390476
33.252426
34.121224
34.895873
36.111066
37.039274
38.067483
39.125850
40.207120
41.162041
42.538912
44.696281
51.260000
52.158776
53.096599
54.029796
55.010884
55.888163
56.736961
57.655918
58.520045
59.427755
60.153878
60.986395
61.804762
62.639819
63.422857
64.277506
65.196735
65.944898
66.762041
67.531565
68.379184
69.196644
69.918141
70.675873
72.038776
72.748254
73.563492
74.459320
75.307528
76.178367
77.045306
77.881633
78.482857
79.270794
80.142449
81.243084
81.954014
82.682857
83.728798
84.500136
85.356190
86.223492
87.069796
87.945079
88.777460
89.647937
90.477052
91.571837
92.470612
93.331746
94.278005
95.201633
96.025714
97.017143
97.948163
98.962676
99.990612
100.789161
101.804082
102.626122
103.620816
104.553968
105.491655
106.584898
107.347937
108.197551
109.071157
109.912653
110.875238
111.679592
112.555510
113.483129
114.287937
115.240680
115.998957
116.871429
117.801859
118.717687
119.625714
120.507347
121.338367
122.215918
122.993469
123.980635
124.824898
125.595873
126.399592
127.149796
128.271429
129.371746
130.446213
131.597642
132.894286
133.965306
135.038639
136.283175
139.286440
140.346984
141.736463
143.359592
147.162222
148.208798
149.074286
150.227755
151.107347
152.187347
153.107755
154.056871
155.129524
156.081996
157.031066
157.869342
158.795193
159.692698
160.550930
161.467302
162.244082
163.164444
163.998685
164.882041
165.771020
166.641315
167.449841
168.280408
169.388118
170.203333
171.130794
171.924535
172.824671
173.677687
174.476326
175.307302
176.145397
177.045488
177.926667
178.771156
179.706168
180.528390
181.407937
182.141315
183.143492
183.976326
184.695782
185.814286
186.574921
187.434331
188.214286
189.119184
189.998503
190.941225
191.761406
192.722721
193.579682
194.416508
195.470340
196.317551
197.341814
198.206531
199.039048
199.969206
200.847347
201.782358
202.741270
203.639320
204.495782
205.333424
206.197097
207.088843
207.899093
208.825306
209.685034
210.516780
211.288617
212.555102
213.310476
214.036735
214.957959
215.903492
216.775510
217.588254
218.400091
219.253832
220.141587
220.897551
221.775601
222.539002
223.411882
224.220635
225.440000
226.317551
227.329297
228.378594
229.560952
230.680318
231.873878
234.206531
240.067302
