0.452698
1.338685
2.098776
2.916190
3.718730
4.446667
5.259365
6.037551
7.025079
7.871247
8.621224
9.506122
10.311111
11.114286
11.922268
12.770612
13.662177
14.431247
15.245941
16.061224
16.916871
17.723673
18.556961
19.374921
20.203673
21.002721
21.887891
22.697460
23.574875
24.394376
25.180635
25.948571
26.842812
27.603265
28.439365
29.230794
30.090476
30.912426
31.761224
32.615873
34.011066
35.039274
36.087483
37.565850
38.747120
39.922041
41.158912
43.316281
48.857551
49.789388
50.716599
51.629796
52.590884
53.548163
54.396961
55.495918
56.397506
57.367755
58.153878
59.026395
59.864762
60.759819
61.582857
62.417506
63.276735
64.104898
64.942041
65.851565
66.699184
67.516644
68.378141
69.100000
70.500000
71.208254
72.103492
72.926440
73.747528
74.618367
75.485306
76.361633
77.202857
78.050794
78.862449
79.623084
80.514014
81.322857
82.128798
82.960136
83.776190
84.583492
85.369796
86.225079
87.057460
87.887937
88.697052
89.631837
91.040408
92.031746
92.838005
93.641633
94.445714
95.262857
96.108163
96.962676
97.870612
98.769161
99.624082
100.466122
101.420816
102.273968
103.131655
104.004898
104.887937
105.757551
106.611157
107.452653
108.315238
109.199592
110.035510
110.843129
111.500000
112.220680
113.538957
114.291429
115.221859
116.177687
116.985714
117.947347
118.778367
119.735918
120.613469
121.422948
122.224898
123.095873
123.939592
124.809796
125.971429
127.415238
128.506213
129.677642
131.154286
132.345306
133.458640
134.663175
137.046440
137.766984
138.778821
139.839592
142.542222
143.388798
144.234286
145.267755
146.067347
147.027347
147.967755
148.916871
149.909524
150.681995
151.631066
152.469342
153.295193
154.112698
154.910930
155.807302
156.604082
157.484444
158.278685
159.142041
159.971020
160.781315
161.629841
162.420408
163.608118
164.563333
165.352698
166.284535
167.124671
167.937687
168.816327
169.707302
170.525397
171.585488
172.406667
173.251156
174.146168
175.008390
175.827936
176.681315
177.463492
178.376327
179.195782
180.054286
180.934921
181.754331
182.614286
183.479184
185.398503
186.301225
187.061406
187.882721
188.659682
189.476508
190.270340
191.137551
192.001814
192.906531
193.699048
194.569206
195.427347
196.282358
197.121270
197.959320
198.827891
199.593424
200.437097
201.228843
202.099093
202.905306
203.785034
204.576780
205.408617
206.235102
207.070476
207.916735
208.777959
209.603492
210.395510
211.168254
212.040091
212.813832
213.641587
214.437551
215.295601
216.099002
216.951882
217.800635
219.220272
220.237551
221.369297
222.718594
223.840952
225.200317
226.353878
228.646531
232.427302
