0.312698
1.558685
2.298776
3.136190
3.958730
4.786667
5.659365
6.457551
7.305079
8.131247
8.861224
9.686122
10.491111
11.294286
12.142268
13.050612
13.882177
14.751247
15.485941
16.281224
17.096871
17.943673
18.816961
19.554921
20.383673
21.162721
22.047891
22.797460
23.674875
24.514376
25.360635
26.108571
26.840000
27.763265
28.599365
29.410794
30.210476
31.052426
31.881224
32.635873
33.891066
34.739274
35.827483
36.985850
38.227120
39.342041
40.778912
42.776281
46.860000
47.769388
48.636599
49.469796
50.350884
51.168163
51.916961
52.735918
53.557506
54.567755
55.193878
56.046395
56.844762
57.659819
58.422857
59.217506
59.996735
60.764898
61.582041
62.351565
63.159184
63.976644
64.740000
65.340000
66.898776
67.608254
68.363492
69.146440
70.027528
70.818367
71.665306
72.421633
73.382857
74.170794
74.962449
75.743084
76.554014
77.422857
78.168798
79.000136
79.856190
80.663492
81.449796
82.285079
83.117460
83.987937
84.914104
85.731837
86.690612
87.671746
88.478005
89.281633
90.045714
90.982857
91.908163
92.782676
93.670612
94.509161
95.364082
96.226122
97.060816
98.013968
98.851655
99.739592
100.647937
101.477551
102.291156
103.072653
103.895238
104.719592
105.515510
106.323129
107.087936
107.940680
108.738957
109.531429
110.461859
111.257687
112.145714
112.947347
113.778367
114.775510
115.453469
116.242948
117.064898
117.875873
118.719592
119.529796
120.331429
121.351746
122.126213
123.197642
124.214286
125.265306
126.138639
127.303175
129.566440
130.546984
131.578821
133.600000
136.522222
137.368798
138.094286
138.967755
139.647347
140.467347
141.187755
141.976871
142.949524
143.701995
144.551066
145.369342
146.255193
147.112698
147.910930
148.787302
149.644082
150.484444
151.278685
152.102041
152.951020
153.781315
154.569841
155.400408
156.648118
157.443333
158.232698
159.104535
159.944671
160.757687
161.672653
162.527302
163.265397
164.265488
165.066667
165.891156
166.746168
167.528390
168.327936
169.102630
169.903492
170.776327
171.535782
172.374286
173.134921
173.914331
174.714286
175.679184
177.098503
177.921224
178.641406
179.502721
180.319682
181.116508
181.990340
182.877551
183.761814
184.586531
185.319048
186.129206
186.927347
187.762358
188.601270
189.519320
190.347891
191.213424
191.997097
192.848843
193.659093
194.525306
195.305034
196.096780
196.868617
197.695102
198.550476
199.316735
200.217959
201.023492
201.855510
202.608254
203.340000
204.273832
205.081587
205.897551
206.715601
207.539002
208.391882
209.100635
210.260000
211.137551
212.209297
213.398594
214.780952
216.100317
217.633878
220.146531
223.567302
