0.732698
1.778685
2.458776
3.236190
3.918730
4.686667
5.479365
6.157551
6.945079
7.731247
8.401224
9.146122
9.911111
10.614286
11.342268
12.090612
12.902177
13.631247
14.365941
15.101224
15.876871
16.603673
17.356961
18.014921
18.643673
19.402721
20.167891
20.797460
21.594875
22.334376
23.060635
23.748571
24.522812
25.220000
25.919365
26.610794
27.330476
28.052426
28.581224
29.355873
30.431066
31.419274
32.420000
33.420000
34.407120
35.442041
36.458912
37.836281
41.720000
42.489388
43.236599
43.909796
44.670884
45.368163
46.020000
46.775918
47.437506
48.287755
48.933878
49.666395
50.384762
51.119819
51.802857
52.537506
53.276735
54.004898
54.702041
55.431565
56.139184
56.876644
57.520000
58.415873
59.340000
60.048254
60.783492
61.486440
62.187528
62.958367
63.645306
64.421633
65.122857
65.810794
66.582449
67.303084
68.060000
68.802857
69.528798
70.260136
70.976190
71.723492
72.389796
73.165079
73.877460
74.607937
75.397052
76.031837
77.510612
78.291746
79.018005
79.801633
80.605714
81.362857
82.160000
82.822676
83.630612
84.369161
85.084082
85.866122
86.720816
87.440000
88.191655
88.924898
89.767937
90.537551
91.271157
92.032653
92.795238
93.559592
94.295510
95.023129
95.747936
96.520680
97.238957
97.971429
98.781859
99.537687
100.285714
101.007347
101.698367
102.515918
103.233469
103.922948
104.664898
105.415873
106.079592
106.809796
107.700000
108.591746
109.466213
110.257642
111.354286
112.145306
113.138639
114.043175
116.066440
116.886984
117.898821
119.239592
121.802222
122.528798
123.294286
124.127755
124.867347
125.667347
126.407755
127.156871
128.069524
128.821995
129.651066
130.409342
131.115193
131.832698
132.610930
133.407302
134.084082
134.864444
135.578685
136.362041
137.091020
137.841315
138.569841
139.360408
140.468118
141.223333
142.012698
142.804535
143.564671
144.317687
145.096327
145.887302
146.845397
147.645488
148.406667
149.191156
149.986168
150.708390
151.467937
152.221315
153.003492
153.776327
154.495782
155.274286
156.014921
156.754331
157.474286
158.519184
160.274014
161.101225
161.761406
162.602721
163.299682
164.076508
164.830340
165.597551
166.420000
167.186531
167.859048
168.649206
169.387347
170.162358
170.901270
171.719320
172.547891
173.313424
174.077098
174.848843
175.619093
176.365306
177.105034
177.856780
178.588617
179.375102
180.130476
180.796735
181.697959
182.463492
183.255510
183.948254
184.720091
185.493832
186.261587
186.977551
187.755601
188.479002
189.151882
189.920635
191.140272
192.237551
193.429297
194.598594
195.900952
197.260317
198.433878
200.406531
203.947302
