0.532698
1.398685
2.158776
2.976190
3.798730
4.506667
5.359365
6.157551
7.005079
7.811247
8.541224
9.386122
10.091111
10.894286
11.702268
12.550612
13.382177
14.211247
14.965941
15.781224
16.616871
17.383673
18.176961
18.934921
19.723673
20.582721
21.367891
22.137460
22.974875
23.754376
24.580635
25.368571
26.042812
26.963265
27.779365
28.570794
29.390476
30.172426
30.981224
31.735873
32.880000
33.859274
34.927483
35.965850
37.127120
38.202041
39.298912
41.196281
45.977551
46.929388
47.796599
48.689796
49.550884
50.488163
51.296961
52.331837
53.197506
54.167755
54.893878
55.746395
56.544762
57.419819
58.202857
59.017506
59.916735
60.724898
61.502041
62.291565
63.139184
63.956644
64.798141
65.480000
66.638776
67.468254
68.283492
69.106440
69.967528
70.818367
71.625306
72.481633
73.302857
74.090794
74.922449
75.683084
76.514014
77.302857
78.148798
78.940136
79.756190
80.603492
81.409796
82.205079
82.997460
83.827937
84.717052
85.591837
87.030612
87.871746
88.678005
89.501633
90.365714
91.202857
92.008163
92.762676
93.670612
94.489161
95.344082
96.146122
97.020816
97.853968
98.671655
99.464898
100.307937
101.117551
101.931157
102.752653
103.555238
104.359592
105.155510
105.923129
106.707937
107.560680
108.318957
109.131429
109.961859
110.797687
111.625714
112.427347
113.258367
114.035918
114.853469
115.662948
116.464898
117.255873
118.059592
118.829796
119.891429
120.991746
122.026213
123.077642
124.294286
125.345306
126.378639
127.643175
130.466440
131.426984
132.358821
133.699592
138.882222
139.668798
140.454286
141.467755
142.267347
143.227347
144.107755
144.976871
146.069524
146.861996
147.831066
148.669342
149.595193
150.392698
151.230930
152.047302
152.864082
153.784444
154.618685
155.442041
156.271020
157.061315
157.889841
158.680408
159.808118
160.703333
161.452698
162.364535
163.204671
164.037687
164.876327
165.807302
166.645397
167.525488
168.386667
169.262313
170.026168
170.948390
171.807937
172.721315
173.483492
174.356327
175.175782
176.014286
176.834921
177.674331
178.534286
179.460000
181.318503
182.161225
182.901406
183.802721
184.539682
185.336508
186.160680
186.997551
187.861814
188.666531
189.399048
190.269206
191.107347
191.902358
192.721270
193.579320
194.447891
195.293424
196.057097
196.868843
197.719093
198.505306
199.265034
200.056780
200.868617
201.715102
202.510476
203.296735
204.197959
204.963492
205.775510
206.608254
207.460091
208.253832
209.001587
209.797551
210.635601
211.399002
212.211882
212.980635
214.180000
215.117551
216.169297
217.278594
218.520952
219.720317
220.973878
223.026531
227.167302
