1.152698
2.118685
2.898776
3.856190
4.698730
5.606667
6.479365
7.357551
8.245079
9.191247
9.981224
10.926122
11.851111
12.714286
13.542268
14.450612
15.382177
16.251247
17.065941
17.881224
18.776871
19.543673
20.336961
21.154921
21.963673
22.782721
23.627891
24.457460
25.354875
26.154376
26.960635
27.768571
28.622812
29.423265
30.239365
31.010794
31.830476
32.632426
33.441224
34.195873
35.411066
36.599274
37.707483
38.965850
40.167120
41.462041
42.678912
44.656281
49.540000
50.569388
51.536599
52.529796
53.470884
54.388163
55.296961
56.395918
57.457506
58.467755
59.273878
60.126395
61.004762
61.899819
62.702857
63.597506
64.456735
65.344898
66.242041
67.111565
68.079184
69.036644
69.838141
70.815873
72.198776
73.028254
73.923492
74.786440
75.667528
76.598367
77.505306
78.441633
79.282857
80.292381
81.042449
81.843084
82.634014
83.582857
84.368798
85.180136
86.036190
86.863492
87.709796
88.585079
89.377460
90.267937
91.137052
92.071837
93.210612
94.191746
95.078005
95.981633
96.885714
97.802857
98.788163
99.662676
100.850612
101.749161
102.584082
103.546122
104.440816
105.373968
106.231655
107.244898
108.147937
109.077551
109.951156
110.772653
111.695238
112.559592
113.375510
114.203129
114.967936
115.900680
116.678957
117.531429
118.461859
119.337687
120.165714
120.987347
121.958367
122.655918
123.573469
124.362948
125.204898
126.055873
126.859592
127.629796
128.751429
129.851746
130.800000
131.837642
133.154286
134.385306
135.418639
136.623175
139.146440
140.146984
141.198821
142.519592
146.062222
147.148798
148.074286
149.127755
150.027347
151.127347
152.067755
153.056871
154.389524
155.321995
156.335329
157.189342
158.115193
159.012698
159.910930
160.867302
161.684082
162.644444
163.458685
164.402041
165.291020
166.201315
167.089841
167.960408
169.408118
170.303333
171.272698
172.184535
173.124671
173.957687
174.936327
175.907302
176.823174
177.765488
178.746667
179.631156
180.606168
181.428390
182.327936
183.181315
184.123492
185.036327
185.875782
186.854286
187.769841
188.694331
189.534286
190.519184
192.818503
193.801225
194.681406
195.642721
196.519682
197.396508
198.410340
199.337551
200.261814
201.226531
201.999048
202.989206
203.947347
204.822358
205.721270
206.699320
207.687891
208.533424
209.397098
210.188843
211.039093
211.965306
212.725034
213.536780
214.328617
215.235102
216.050476
216.876735
217.777959
218.603492
219.495510
220.288254
221.180091
221.993832
222.901587
223.657551
224.555601
225.359002
226.191882
226.980635
228.360272
229.477551
230.589297
231.918594
233.100952
234.340317
235.493878
237.366531
240.747302
