0.612698
1.518685
2.238776
3.056190
3.718730
4.486667
5.299365
6.057551
6.925079
7.771247
8.401224
9.186122
9.991111
10.794286
11.522268
12.320000
13.302177
14.051247
14.825941
15.561224
16.296871
17.043673
17.760000
18.394921
19.103673
19.862721
20.627891
21.377460
22.094875
22.894376
23.660635
24.348571
25.122812
25.883265
26.639365
27.370794
28.110476
28.852426
29.621224
30.375873
31.711066
32.439274
33.327483
34.325850
35.247120
36.222041
37.118912
38.780000
44.097551
44.849388
45.676599
46.469796
47.270884
48.108163
48.836961
49.715918
50.437506
51.407755
52.133878
52.926395
53.644762
54.459819
55.162857
55.937506
56.716735
57.504898
58.222041
58.991565
59.739184
60.556644
61.338141
62.215873
63.698776
64.508254
65.303492
66.126440
66.927528
67.738367
68.485306
69.361633
70.182857
70.910794
71.662449
72.403084
73.194014
73.922857
74.668798
75.400136
76.136190
76.903492
77.649796
78.425079
79.157460
79.907937
80.697052
81.411837
82.470612
83.271746
83.958005
84.721633
85.525714
86.222857
87.028163
87.822676
88.730612
89.469161
90.224082
91.006122
91.840816
92.713968
93.591655
94.384898
95.167937
95.917551
96.711157
97.432653
98.195238
98.939592
99.655510
100.383129
101.087936
101.860680
102.518957
103.271429
104.181859
104.957687
105.705714
106.407347
107.278367
107.995918
108.713469
109.502948
110.184898
110.915873
111.639592
112.349796
113.431429
114.491746
115.446213
116.317642
117.360000
118.245306
119.020000
120.160000
122.206440
123.146984
123.978821
125.340000
129.462222
130.128798
130.854286
131.767755
132.527347
133.387347
134.167755
134.996871
135.889524
136.681995
137.491066
138.249342
139.015193
139.712698
140.490930
141.267302
142.004082
142.764444
143.538685
144.282041
145.031020
145.781315
146.520000
147.300408
148.428118
149.223333
150.052698
150.824535
151.624671
152.377687
153.236327
154.047302
154.905397
155.865488
156.626667
157.391156
158.146168
158.868390
159.587937
160.321315
161.043492
161.796327
162.475782
163.214286
163.974921
164.714331
165.514286
166.140000
167.338503
168.161225
168.881406
169.702721
170.359682
171.116508
171.830340
172.677551
173.541814
174.386531
175.039048
175.849206
176.567347
177.342358
178.101270
178.919320
179.867891
180.633424
181.417097
182.168843
182.939093
183.645306
184.365034
185.036780
185.788617
186.535102
187.250476
187.996735
188.737959
189.483492
190.255510
190.928254
191.680091
192.453832
193.181587
193.897551
194.675601
195.379002
196.111882
196.880635
198.020272
198.877551
199.829297
200.798594
201.840000
202.820317
203.853878
205.940000
210.287302
