1.212698
2.178685
2.998776
3.936190
4.738730
5.646667
6.519365
7.377551
8.285079
9.191247
9.981224
10.866122
11.711111
12.574286
13.422268
14.290612
15.122177
16.011247
16.825941
17.701224
18.576871
19.443673
20.336961
21.074921
21.923673
22.782721
23.627891
24.377460
25.274875
26.094376
26.960635
27.808571
28.602812
29.663265
30.519365
31.290794
32.190476
33.102132
33.941224
34.775873
36.131066
37.619274
38.947483
40.305850
41.867120
43.062041
44.358912
46.416281
52.000000
52.929388
53.956599
54.889796
55.870884
56.808163
57.676961
58.647755
59.557506
60.607755
61.353878
62.266395
63.044762
63.979819
64.740000
65.657506
66.476735
67.344898
68.222041
69.071565
69.999184
70.816644
71.698141
72.515873
74.258776
75.128254
75.983492
76.846440
77.707528
78.598367
79.425306
80.421633
81.382857
82.250794
83.082449
83.963084
84.834014
85.662857
86.488798
87.300136
88.256190
89.123492
89.969796
90.845079
91.697460
92.587937
93.637052
94.451837
95.910612
97.231746
98.118005
99.001633
99.865714
100.842857
101.748163
102.602676
103.510612
104.389161
105.304082
106.146122
107.080816
107.933968
108.771655
109.704898
110.547937
111.457551
112.271157
113.112653
114.035238
114.879592
115.655510
116.543129
117.387936
118.180680
118.998957
119.791429
120.661859
121.557687
122.445714
123.327347
124.158367
125.055918
125.886939
126.826530
127.644898
128.515873
129.279592
130.049796
131.131429
132.491746
133.686213
134.837642
136.354286
137.505306
138.578640
139.803175
142.706440
143.806984
144.918821
146.759592
151.162222
151.948798
152.834286
153.807755
154.647347
155.547347
156.427755
157.356871
158.249524
159.281995
160.211066
161.129342
162.015193
162.892698
163.830930
164.727302
165.604082
166.584444
167.438685
168.322041
169.191020
170.101315
170.989841
171.840408
173.288118
174.143333
174.932698
175.824535
176.864671
177.477687
178.376327
179.267302
180.185397
181.025488
181.846667
182.771156
183.686168
184.548390
185.327936
186.161315
187.063492
187.976326
188.835782
189.734286
190.614921
191.514331
192.434286
193.459184
196.098503
196.961225
197.821406
198.842721
199.699682
200.576508
201.430340
202.357551
203.261814
204.206531
204.999048
205.929206
206.747347
207.642358
208.541270
209.439320
210.307891
211.173424
212.017098
212.928843
213.739093
214.645306
215.845034
216.456780
217.148617
218.115102
219.010476
219.756735
220.657959
221.543492
222.415510
223.228254
224.020091
225.233832
225.981587
226.717551
227.655601
228.519002
229.371882
230.220635
231.680272
233.177551
234.569297
235.618594
237.280952
238.740318
240.073878
242.326531
245.827302
