0.142222222
1.085532880
1.933061224
2.768253968
3.599092971
4.417596372
5.340589569
6.273015873
7.344761905
8.881269841
10.296598639
11.649523810
12.898684807
14.194285714
15.415510204
16.679183673
17.923265306
19.208707483
20.538049887
21.877551020
23.131428571
24.463673469
25.803174603
27.179682540
28.447346939
29.840544218
31.317913832
32.939682540
34.817959184
36.459682540
37.881179138
39.258775510
40.591383220
41.920000000
43.252970522
44.591746032
45.902947846
47.202539683
48.511564626
49.823492063
51.164444444
52.601904762
54.860408163
56.375873016
57.787936508
59.230476190
60.683900227
62.095238095
63.457233560
64.792380952
65.799183673
66.822675737
67.994557823
69.485714286
70.984489796
72.380952381
73.802448980
75.190204082
76.520634921
77.844897959
79.190204082
80.568163265
81.933061224
83.336417234
84.781859410
86.160544218
87.542131519
88.897596372
90.348843537
91.657142857
93.075736961
94.487074830
96.228571429
97.574603175
98.896326531
100.136054422
101.445079365
102.735238095
104.003628118
105.317006803
106.594104308
107.920544218
109.217959184
110.689523810
111.970975057
113.310476190
114.417777778
115.500408163
116.604081633
117.609795918
118.592290249
119.539229025
120.457142857
121.374693878
122.318367347
123.327346939
124.342857143
125.338775510
126.318367347
127.281632653
128.264489796
129.313015873
130.331428571
131.352380952
132.388571429
133.433469388
134.533514739
135.608163265
136.700952381
137.841632653
138.804535147
139.878458050
141.031836735
141.990022676
142.994285714
144.100136054
145.168253968
146.221859410
147.306666667
148.784761905