1.651020
4.500680
7.402041
10.523810
13.687347
16.801224
19.640408
22.585578
26.018912
29.614558
30.570612
33.357687
36.496054
39.416463
42.704762
45.740816
48.812109
51.711837
55.360680
58.981497
62.003946
64.831020
67.991156
71.060408
74.085306
77.274422
80.052245
82.955102
86.807891
87.831746
88.641451
89.857687
91.160000
91.868118
92.847755
96.033855
99.540000
100.660952
101.689796
102.821224
103.888118
104.689433
105.803311
106.740000
107.765261
108.810431
109.721995
110.798141
111.749796
112.747256
113.673741
114.761973
115.809932
116.780000
117.710431
118.767211
119.662358
120.605896
123.337098
128.036372
129.080000
130.149524
131.267302
132.608571
133.255556
134.353016
135.256825
136.326984
137.376825
138.380635
139.426667
140.374603
141.410998
142.308254
143.398707
144.490794
145.600000
146.362222
147.370159
148.326667
149.532381
152.541270
156.560000
158.491429
159.538730
160.901270
161.700000
163.124490
163.826984
164.890612
166.153878
166.901723
168.225624
169.674830
173.049252
174.292245
175.419864
176.577959
177.921361
178.980771
180.022041
181.345079
182.047937
183.120000
184.128254
185.237664
186.297778
187.338503
188.043810
188.608571
189.144490
189.717551
190.277143
190.877823
191.836825
192.853651
193.989206
195.121905
196.386667
197.360635
198.394286
199.370159
200.540952
201.649841
202.579048
203.660952
204.726349
205.781270
206.449524
206.994603
207.569841
208.177460
208.735556
209.368254
210.329388
211.789841
213.114921
214.782857
217.197143
217.804127
218.375510
218.965850
219.552154
220.113333
220.694921
221.338367
221.990249
222.606122
223.064127
223.730249
224.255737
224.873968
225.588503
226.058639
226.660000
227.207619
227.855873
228.512653
229.296327
230.117551
230.841633
231.413878
232.049388
232.626939
233.284444
233.980091
235.399456
237.890204
240.461633
241.158776
241.856327
242.597551
243.704490
246.134286
248.709796
249.540816
250.120000
250.841224
251.767755
252.901224
255.741224
258.464082
261.331429
264.325306
265.080816
265.780816
266.473878
267.210204
267.948571
268.579184
269.309388
270.084082
270.803673
271.533878
272.310204
273.526122
276.550975
279.693197
283.108345
286.387166
290.523175
294.340000
297.835283
299.908571
301.111202
302.278367
303.640000
307.167256
311.691020
313.116327
314.330204
315.644898
317.037143
321.995420
323.078639
323.860454
324.658639
