2.211020
4.780680
7.387755
9.983810
12.667347
15.281224
17.975102
20.705578
23.738912
26.454558
27.330612
29.917687
32.516054
35.096463
37.684762
40.260816
42.952109
45.671837
48.720680
51.640000
54.163946
56.691020
59.151156
61.780408
64.345306
66.854422
69.432245
71.755102
75.907891
77.071746
78.260000
79.337687
80.551973
81.508118
82.620000
85.933855
90.020000
91.220952
92.229796
93.241224
94.208118
95.389433
96.283311
97.190748
98.160000
99.210431
100.241995
101.158141
102.089796
103.107256
104.133741
105.081973
105.849932
107.026667
108.210431
109.160000
110.202358
111.085896
113.877098
119.236372
120.160000
121.329524
122.367302
123.348571
124.315556
125.333016
126.276825
127.206984
128.276825
129.300635
130.246667
131.194603
132.290998
133.328254
134.218707
135.100000
136.149229
137.222222
138.190159
139.180000
139.952381
142.700000
147.411111
148.891429
150.158730
151.461270
152.241224
153.524490
154.346984
155.390612
156.520000
157.601723
159.045624
159.574830
162.369252
163.612245
164.639864
165.717959
166.941361
167.740771
168.762041
169.845079
170.587937
171.801587
172.468254
173.457664
174.397778
175.338503
175.903810
176.428571
177.044490
177.617551
178.137143
178.757823
179.776825
180.753651
181.909206
183.041905
184.146667
185.120635
186.154286
187.170159
187.940952
188.869841
189.659048
190.720952
191.706349
192.581270
193.189524
193.774603
194.349841
194.957460
195.475556
196.088254
197.089388
198.329841
199.414921
200.582857
202.620000
203.244127
203.915510
204.485850
205.172154
205.673333
206.374921
207.020000
207.610249
208.226122
208.764127
209.490249
210.115737
210.733968
211.328503
211.798639
212.388299
212.967619
213.595873
214.212653
215.276327
215.997551
216.661633
217.173878
217.809388
218.406939
219.104444
219.760091
221.559456
224.270204
226.881633
227.678776
228.436327
229.197551
230.904490
233.534286
236.229796
237.020816
237.780000
238.501224
239.647755
241.501224
244.221224
246.764082
249.371429
252.245306
253.060816
253.820816
254.553878
255.250204
256.028571
256.779184
257.489388
258.284082
259.043673
259.853878
260.670204
261.820000
264.730975
267.753197
270.368345
273.147166
276.523175
279.340408
284.675283
286.668571
287.711202
288.698367
289.740000
292.507256
297.240000
297.996327
298.956735
300.164898
300.797143
303.675420
304.658639
305.500454
306.298639
