1.611020
4.240680
6.987755
9.583810
12.327347
14.861224
17.455102
20.085578
22.778912
25.694558
26.610612
29.157687
31.796054
34.316463
37.004762
39.580816
42.132109
44.811837
47.380680
50.241497
52.803946
55.051020
57.851156
60.040408
62.585306
65.054422
67.392245
69.680000
72.747891
73.891746
74.860000
76.077687
77.380000
78.548118
79.667755
81.753855
84.460000
85.540952
86.689796
87.841224
89.048118
89.989433
91.163311
92.190748
93.305261
94.410431
95.501995
96.498141
97.489796
98.527256
99.633741
100.741973
101.709932
102.846667
103.990431
105.047211
106.122358
106.745896
109.040000
113.360000
113.715556
114.809524
115.967302
117.068571
118.055556
119.253016
120.276825
121.346984
122.356825
123.640635
124.566667
125.494603
126.630998
127.828254
128.958707
129.950794
131.140000
132.042222
133.090159
134.106667
135.120000
136.941270
139.960000
141.011429
142.058730
143.361270
144.341224
145.424490
146.540000
147.670612
148.773878
149.981723
151.045624
151.854830
154.889252
156.132245
157.219864
158.377959
159.581361
160.640771
161.662041
162.705079
163.867937
164.981587
165.988254
167.117664
168.217778
169.258503
169.863810
170.468571
171.044490
171.620000
172.197143
172.757823
173.696825
174.893651
176.049206
177.061905
178.300000
179.320635
180.234286
181.250159
182.400952
183.509841
184.539048
185.580952
186.686349
187.761270
188.349524
188.914603
189.449841
190.097460
190.655556
191.208254
192.149388
193.369841
194.514921
195.662857
198.000000
198.564127
199.355510
199.905850
200.672154
201.273333
201.974921
202.738367
203.440998
204.106122
204.764127
205.510249
206.135737
206.793968
207.508503
208.138639
208.828299
209.467619
210.155873
210.852653
211.736327
212.657551
213.661633
214.393878
215.169388
215.846939
216.564444
217.220091
218.299456
220.750204
223.141633
223.878776
224.596327
225.280000
226.264490
228.814286
231.369796
232.160816
232.900000
233.621224
234.767755
236.041224
239.081224
241.864082
244.751429
247.645306
248.380816
249.120816
249.773878
250.590204
251.248571
251.959184
252.649388
253.364082
254.043673
254.773878
255.470204
256.446122
259.330975
261.933197
264.648345
267.420000
270.463175
273.280408
276.875283
278.388571
279.611202
280.778367
281.974467
284.507256
287.820000
289.656327
290.796735
292.004898
293.277143
296.060000
296.660000
297.460000
298.218639
