1.411020
3.980680
6.587755
9.183810
11.907347
14.541224
17.145306
19.925578
22.638912
25.594558
26.510612
29.037687
31.796054
34.516463
37.244762
39.980816
42.692109
45.611837
48.200680
51.201497
54.103946
56.751020
59.651156
62.580408
65.365306
68.212109
71.012245
73.835102
77.127891
78.591746
79.961451
81.377687
82.840000
84.168118
85.447755
88.313855
91.880000
93.140952
94.169796
95.381224
96.548118
97.589433
98.763311
99.750748
100.945261
102.070431
103.021995
104.258141
105.389796
106.507256
107.633741
108.721973
109.769932
110.880000
112.170431
113.367211
114.442358
115.325896
117.860000
121.956372
123.215556
124.309524
125.567302
126.568571
127.560000
128.813016
129.880000
131.046984
132.176825
133.200635
134.386667
135.494603
136.550998
137.728254
138.818707
140.050794
141.320000
142.122222
143.310159
144.326667
145.392381
148.621270
152.031111
153.951429
155.038730
156.201270
157.321224
158.404490
159.526984
160.630612
161.793878
162.941723
164.245624
165.614830
169.289252
170.492245
171.579864
172.737959
173.601361
174.560771
175.582041
176.525079
177.547937
178.560000
179.448254
180.517664
181.577778
182.740000
183.363810
183.848571
184.384490
184.977551
185.437143
185.997823
186.956825
188.133651
189.289206
190.441905
191.466667
192.540635
193.474286
194.330159
195.380952
196.389841
197.159048
198.240952
199.326349
200.561270
201.069524
201.614603
202.149841
202.817460
203.215556
203.828254
204.909388
206.349841
207.829841
209.002857
212.980000
213.584127
214.175510
214.745850
215.312154
215.893333
216.454921
217.060000
217.670249
218.306122
218.864127
219.550249
220.135737
220.753968
221.408503
222.038639
222.628299
223.247619
223.915873
224.492653
225.236327
225.997551
226.781633
227.433878
228.129388
228.786939
229.524444
230.340091
231.979456
234.470204
237.040000
237.798776
238.476327
239.177551
240.104490
242.474286
245.040000
245.780816
246.460000
247.121224
248.260000
249.141224
251.761224
254.204082
256.811429
259.465306
260.240816
260.960816
261.627755
262.370204
263.048571
263.759184
264.429388
265.224082
265.883673
266.633878
267.650204
268.886122
271.830975
274.693197
277.608345
280.467166
283.703175
288.040408
291.575283
293.428571
294.551202
295.778367
296.954467
299.527256
304.180000
305.036327
306.173469
307.484898
308.637143
312.695420
313.578639
314.340454
315.138639
