1.371020
3.980680
6.947755
9.703810
12.627347
15.581224
18.575102
21.765578
24.618912
27.574558
28.510612
31.177687
34.196054
37.016463
39.964762
43.000816
45.944218
49.191837
51.560680
55.060000
57.743946
60.431020
63.291156
66.342449
69.185306
71.834422
74.632245
77.135102
80.387891
81.491746
82.581451
83.637687
84.671973
85.808118
86.927755
89.660000
94.007937
96.120952
97.329796
98.581224
99.948118
101.129433
102.483311
103.690748
105.185261
106.450431
107.741995
109.058141
110.089796
111.427256
112.853741
113.941973
115.209932
116.666667
118.250431
119.547211
120.862358
122.185896
125.317098
131.356372
132.675556
133.889524
135.267302
136.568571
137.775556
139.133016
140.396825
141.786984
143.076825
144.420635
145.626667
146.774603
148.030998
149.608254
150.738707
152.030794
153.489229
154.802222
156.110159
157.486667
158.952381
162.261270
166.540000
168.791429
170.098730
171.481270
172.841224
174.244490
175.566984
176.850612
178.193878
179.601723
181.065624
182.214830
185.029252
186.404490
187.919864
190.237959
191.481361
192.840771
194.062041
195.425079
196.727937
198.081587
199.248254
200.757664
201.997778
203.418503
204.103810
204.688571
205.264490
205.900000
206.377143
206.957823
208.156825
209.353651
211.089206
212.241905
213.546667
214.860635
215.914286
217.270159
218.560952
220.069841
221.199048
222.660952
223.999048
225.541270
226.169524
226.754603
227.269841
228.037460
228.755556
229.328254
230.569388
232.009841
233.134921
234.282857
236.797143
237.304127
237.875510
238.465850
238.992154
239.533333
240.094921
240.798367
241.410249
241.926122
242.464127
243.130249
243.595737
244.233968
244.888503
245.398639
245.988299
246.547619
247.195873
247.812653
248.796327
249.757551
250.421633
251.013878
251.569388
252.206939
252.864444
253.580091
255.299456
258.230204
261.081633
261.798776
262.476327
263.137551
264.304490
267.214286
270.029796
270.761633
271.460000
272.080000
273.160000
274.581224
277.761224
280.864082
284.014286
287.025306
287.880816
288.620000
289.353878
290.150204
290.828571
291.499184
292.209388
293.044082
293.803673
294.553878
295.270204
296.100000
298.550975
301.693197
304.908345
307.907166
311.163175
316.920408
322.255283
324.068571
325.491202
326.818367
328.874467
332.047256
336.791020
339.016327
340.376735
341.784898
343.237143
347.195420
348.298639
349.120454
349.918639
