1.631020
4.400680
7.307755
10.103810
13.047347
15.961224
18.835102
21.865578
25.078912
28.554558
29.701224
32.497687
35.416054
38.296463
41.224762
44.160816
47.152109
50.059184
53.100680
57.061497
60.023946
62.971020
66.151156
68.820408
71.765306
74.714422
77.512245
80.115102
85.207891
86.491746
87.601451
88.937687
90.160000
91.468118
92.687755
95.633855
100.007937
101.220952
102.349796
103.101224
104.188118
105.189433
106.363311
107.350748
108.445261
109.650431
110.621995
111.858141
112.749796
113.887256
115.053741
115.961973
117.209932
118.446667
119.790431
120.887211
122.042358
123.185896
126.497098
131.616372
132.895556
134.009524
134.927302
136.008571
137.000000
138.133016
139.236825
140.300000
141.416825
142.600635
143.706667
144.674603
145.810998
147.008254
147.900000
149.150794
150.529229
151.682222
152.910159
154.026667
155.372381
159.101270
163.551111
165.611429
166.478730
167.461270
168.501224
169.724490
170.626984
171.660000
172.573878
173.801723
174.745624
176.014830
179.149252
180.392245
181.519864
182.497959
183.621361
184.660771
185.602041
186.585079
187.747937
188.921587
190.068254
191.177664
192.377778
193.798503
194.443810
195.008571
195.644490
196.337551
196.797143
197.437823
198.736825
200.033651
201.189206
202.321905
203.506667
204.620635
205.540000
206.450159
207.640952
208.969841
209.999048
211.080952
212.266349
213.621270
214.309524
214.914603
215.489841
216.157460
216.695556
217.348254
218.629388
219.889841
221.174921
222.942857
226.237143
226.844127
227.435510
227.985850
228.612154
229.213333
229.794921
230.498367
231.110249
231.726122
232.244127
232.950249
233.475737
234.093968
234.788503
235.298639
235.928299
236.507619
237.160000
237.732653
238.876327
240.497551
241.320000
241.933878
242.609388
243.166939
243.864444
244.560091
246.539456
249.310204
252.261633
252.978776
253.656327
254.317551
255.764490
258.654286
261.629796
262.380816
263.080000
263.741224
264.927755
266.501224
269.521224
272.584082
275.691429
279.185306
279.980816
280.700816
281.380000
282.070204
282.748571
283.459184
284.149388
285.064082
285.803673
286.553878
287.270204
288.060000
290.770975
294.213197
297.328345
300.287166
304.063175
310.100408
314.820000
316.508571
317.711202
318.818367
320.014467
323.227256
328.471020
329.596327
330.776735
331.904898
333.237143
337.355420
338.178639
338.900454
339.658639
