1.431020
4.400680
7.367755
10.403810
13.687347
16.681224
20.040816
23.225578
26.398912
29.714558
30.630612
33.657687
36.796054
39.865850
43.064762
46.360816
49.552109
52.871837
55.860680
59.361497
62.223946
65.331020
68.871156
71.700408
74.805306
77.954422
80.852245
83.775102
87.407891
88.751746
90.001451
91.177687
92.331973
93.608118
94.927755
97.320000
102.487937
104.000952
105.149796
106.361224
107.768118
109.049433
110.463311
111.690748
112.985261
114.310431
115.961995
117.338141
118.469796
119.847256
121.173741
122.281973
123.589932
125.066667
126.870431
128.147211
129.322358
130.440000
132.777098
138.360000
139.595556
140.809524
142.107302
143.428571
144.715556
146.073016
147.276825
148.586984
149.856825
151.580635
152.986667
154.194603
155.450998
156.708254
157.958707
159.430794
160.909229
162.502222
163.750159
164.946667
166.040000
168.480000
173.031111
175.091429
176.378730
177.661270
178.941224
180.264490
181.566984
182.850612
184.113878
185.421723
186.785624
188.234830
191.289252
192.392245
193.559864
194.877959
196.321361
197.520771
198.802041
199.975238
201.387937
202.981587
204.188254
205.457664
206.837778
208.258503
208.903810
209.448571
210.044490
210.677551
211.137143
211.737823
212.756825
214.353651
215.549206
217.121905
218.466667
219.680635
220.914286
222.290159
223.700952
225.349841
226.639048
228.080952
229.426349
230.861270
231.529524
232.114603
232.689841
233.237460
233.835556
234.428254
235.529388
237.269841
238.654921
239.862857
242.397143
242.920000
243.615510
244.085850
244.812154
245.373333
245.929841
246.658367
247.270249
247.886122
248.524127
249.190249
249.735737
250.353968
251.068503
251.598639
252.288299
252.867619
253.575873
254.272653
255.056327
255.997551
256.641633
257.233878
257.849388
258.426939
259.044444
259.740091
261.079456
264.330204
267.641633
268.478776
269.256327
270.077551
271.124490
274.294286
277.569796
278.400816
279.200000
280.001224
280.960000
282.241224
285.401224
288.544082
291.791429
294.985306
296.020816
296.860816
297.653878
298.510204
299.308571
300.139184
300.929388
301.812245
302.623673
303.413878
304.190204
305.120000
307.390975
310.573197
314.008345
317.327166
321.043175
323.860408
328.875283
331.088571
332.431202
333.718367
335.054467
337.527256
343.031020
344.556327
345.816735
347.164898
348.617143
352.015420
352.998639
353.780454
354.718639
