3.831020
6.880680
10.047755
13.143810
16.198776
19.483673
22.575102
25.925578
29.258912
32.594558
33.970612
37.077687
40.316054
43.416463
46.504762
49.800816
52.804762
56.179184
60.000680
63.741497
67.003946
69.911020
73.431156
76.440816
79.645306
82.934422
85.912245
88.955102
92.867891
93.860000
94.941451
95.877687
97.000000
98.200000
99.300000
102.853855
108.267937
110.500952
111.669796
112.881224
114.128118
115.269433
116.523311
117.610748
118.925261
120.170431
121.421995
122.478141
123.629796
124.787256
126.053741
127.241973
128.469932
129.526667
130.810431
132.067211
133.262358
134.625896
138.417098
144.516372
145.835556
147.149524
148.367302
149.628571
150.700000
151.953016
152.936825
154.226984
155.476825
156.660000
157.946667
158.994603
160.150998
161.428254
162.558707
163.750794
164.769229
166.082222
167.330159
168.446667
170.112381
174.041270
179.131111
181.151429
182.298730
183.581270
184.801224
186.164490
187.366984
188.470612
189.753878
191.041723
192.425624
193.814830
197.549252
198.932245
200.139864
201.317959
202.601361
203.840771
204.942041
206.225079
207.547937
208.741587
209.768254
211.137664
212.377778
213.578503
214.163810
214.768571
215.364490
215.920000
216.517143
217.117823
218.076825
219.273651
220.869206
222.001905
223.266667
224.420635
225.454286
226.770159
228.060952
229.289841
230.399048
231.660952
232.966349
234.141270
234.749524
235.314603
235.869841
236.440000
237.015556
237.568254
238.549388
240.129841
241.534921
242.682857
247.037143
247.764127
248.575510
249.165850
249.912925
250.633333
251.394921
252.238367
252.910249
253.686122
254.364127
255.250249
255.875737
256.653968
257.408503
258.178639
258.888299
259.587619
260.435873
261.232653
262.076327
262.857551
263.601633
264.293878
265.049388
265.766939
266.544444
267.400091
269.259456
272.250204
275.281633
276.018776
276.756327
277.497551
279.024490
281.794286
284.749796
285.580816
286.320000
287.021224
288.307755
290.641224
294.181224
297.360408
300.771429
304.185306
305.000816
305.700816
306.453878
307.180000
307.908571
308.639184
309.369388
310.164082
310.943673
311.693878
312.430204
313.666122
316.990975
320.393197
323.688345
327.007166
331.003175
335.760408
340.760000
342.848571
344.331202
345.578367
347.034467
351.727256
357.171020
359.356327
360.676735
361.984898
363.577143
368.235420
369.218639
369.940454
371.058639
