2.251020
5.020680
7.907755
10.683810
13.527347
16.341224
19.235102
22.085578
25.138912
28.294558
29.250612
32.090748
35.116054
38.036463
41.104762
44.240816
47.212109
50.331837
53.440680
57.280000
60.003946
62.691020
65.611156
68.862041
71.925306
75.061905
78.052245
80.415102
84.147891
85.751746
87.121451
88.457687
89.891973
91.388118
92.840000
95.260000
98.560000
100.300952
101.129796
102.161224
103.108118
104.089433
105.083311
106.010748
107.045261
108.010431
109.060000
110.078141
110.889796
111.847256
112.813741
113.721973
114.149932
115.566667
116.630431
117.547211
118.442358
119.320000
121.280000
125.300000
126.480000
127.349524
128.407302
129.228571
130.255556
131.213016
132.200000
133.146984
134.196825
135.220635
136.166667
137.114603
138.010998
139.028254
139.938707
140.930794
141.800000
142.762222
143.730159
144.706667
145.520000
147.521270
150.971111
152.671429
153.778730
154.681270
155.720000
156.584490
157.826984
158.710612
159.833878
161.041723
162.105624
163.014830
165.709252
166.952245
168.039864
169.157959
170.341361
171.380771
172.422041
173.465079
174.647937
175.761587
176.808254
177.957664
179.077778
180.358503
180.923810
181.448571
182.004490
182.557551
183.137143
183.697823
184.556825
185.533651
186.689206
188.001905
189.266667
190.360635
191.354286
192.450159
193.680952
195.049841
196.039048
197.140952
198.286349
199.441270
200.109524
200.674603
201.209841
201.777460
202.395556
202.928254
203.769388
205.069841
206.314921
207.682857
210.017143
210.564127
211.195510
211.785850
212.392154
212.973333
213.600000
214.298367
214.890249
215.566122
216.084127
216.670249
217.275737
217.893968
218.588503
219.218639
219.848299
220.447619
221.135873
221.872653
223.166939
224.697551
225.521633
226.153878
226.869388
227.526939
228.264444
228.980091
230.239456
232.810204
235.641633
236.378776
237.140000
237.857551
239.104490
241.834286
244.689796
245.460816
246.200000
246.881224
248.187755
249.741224
252.942449
256.084082
259.371429
263.005306
263.900816
264.620816
265.313878
266.070204
266.788571
267.519184
268.229388
269.024082
269.763673
270.553878
271.310204
272.280000
274.520000
277.333197
280.228345
283.207166
286.723175
290.340408
293.900000
295.548571
296.551202
297.478367
298.614467
300.707256
304.120000
305.836327
306.856735
308.104898
308.997143
311.395420
312.338639
313.120454
313.918639
