2.431020
4.900680
7.407755
9.843810
12.447347
15.041224
17.695102
20.445578
23.458912
26.394558
27.310612
29.917687
32.516054
34.916463
37.544762
40.240816
42.972109
46.011837
49.000680
52.101497
54.923946
57.511020
60.371156
63.420408
66.165306
68.748844
71.632245
74.155102
78.487891
79.751746
80.901451
82.117687
83.351973
84.608118
85.727755
88.713855
92.220000
93.420952
94.549796
95.641224
96.848118
97.729433
98.983311
99.830748
101.105261
102.130431
103.241995
104.478141
105.549796
106.627256
107.833741
108.921973
110.049932
111.180000
112.170431
113.407211
114.602358
115.405896
118.357098
123.596372
124.200000
125.369524
126.567302
127.628571
128.620000
129.813016
130.796825
131.926984
132.956825
134.060635
135.246667
136.314603
137.390998
138.608254
139.738707
140.870794
142.240000
143.002222
144.150159
145.366667
146.172381
149.781270
154.191111
155.311429
156.380000
157.641270
158.760000
159.884490
160.926984
161.930612
163.073878
164.361723
165.245624
166.574830
170.189252
171.412245
172.599864
173.637959
174.841361
175.880771
176.942041
178.015238
179.307937
180.541587
181.528254
182.717664
183.857778
184.838503
185.463810
185.988571
186.544490
187.120000
187.637143
188.251293
189.136825
190.333651
191.549206
192.721905
193.986667
195.180635
196.234286
197.290159
198.500952
199.709841
200.779048
201.920952
203.066349
204.161270
204.809524
205.374603
205.929841
206.457460
207.035556
207.768254
208.789388
210.109841
211.334921
212.502857
216.337143
216.884127
217.495510
217.965850
218.572154
219.113333
219.614921
220.218367
220.910249
221.340000
221.864127
222.510249
223.015737
223.633968
224.228503
224.778639
225.340000
225.887619
226.495873
227.052653
227.736327
228.497551
229.201633
229.873878
230.609388
231.266939
231.984444
232.760091
233.939456
236.670204
239.521633
240.218776
240.856327
241.517551
242.344490
244.994286
247.780000
248.460816
249.080000
249.701224
250.560000
251.581224
254.201224
256.624082
259.094286
261.645306
262.300816
262.980816
263.593878
264.270204
264.928571
265.519184
266.189388
266.944082
267.583673
268.293878
269.010204
270.186122
273.270975
276.133197
279.108345
281.927166
285.603175
289.700408
294.260000
295.788571
296.951202
298.038367
299.114467
301.627256
306.360000
307.556327
308.636735
309.644898
310.817143
314.055420
314.898639
315.660454
316.438639
