1.631020
4.400680
7.227755
9.883810
12.647347
15.321224
18.075102
20.925578
23.678912
26.634558
27.510612
30.097687
32.956054
35.556463
38.324762
41.080816
43.812109
46.751837
49.380680
52.621497
55.323946
58.131020
61.160000
63.780408
66.605306
69.354422
72.032245
74.655102
78.807891
79.791746
80.741451
81.797687
82.860000
83.860000
84.947755
87.513855
91.560000
92.980952
94.009796
94.881224
95.988118
96.989433
98.063311
99.070748
100.145261
101.210431
102.401995
103.538141
104.369796
105.387256
106.533741
107.420000
108.280000
109.400000
110.450431
111.387211
112.522358
113.325896
116.200000
120.336372
121.380000
122.569524
123.547302
124.508571
125.535556
126.653016
127.516825
128.666984
129.736825
131.020635
132.086667
132.934603
133.890998
135.088254
135.978707
136.710794
138.049229
139.102222
140.030159
141.326667
142.392381
145.501270
148.771111
150.651429
151.658730
152.601270
153.720000
154.904490
155.826984
156.850612
157.873878
159.000000
160.065624
161.614830
165.929252
167.252245
168.379864
169.597959
170.861361
171.980771
173.062041
174.185079
175.387937
176.561587
177.608254
178.717664
179.857778
180.978503
181.603810
182.168571
182.804490
183.457551
184.037143
184.717823
185.891429
187.113651
188.509206
189.701905
190.966667
192.080635
193.114286
194.290159
195.560952
196.849841
197.839048
199.040952
200.226349
201.361270
201.969524
202.574603
203.189841
203.777460
204.375556
205.048254
206.229388
207.788889
209.574921
210.862857
214.157143
214.764127
215.391020
215.965850
216.572154
217.213333
217.694921
218.378367
218.970249
219.566122
220.240000
220.890249
221.375737
221.993968
222.668503
223.178639
223.848299
224.447619
225.075873
225.812653
226.536327
227.297551
228.121633
228.793878
229.529388
230.186939
230.944444
231.700091
233.079456
236.230204
239.581633
240.358776
241.176327
241.997551
243.184490
246.237143
249.549796
250.400816
251.200000
252.001224
253.220000
254.543673
257.821224
260.944082
264.051429
267.685306
268.500816
269.300816
270.113878
270.930204
271.700000
272.519184
273.309388
274.184082
275.103673
275.953878
276.750204
277.946122
282.210975
285.493197
288.588345
291.627166
295.003175
300.140408
304.835283
305.560000
306.671202
307.658367
308.854467
311.847256
315.780000
317.176327
318.236735
319.284898
320.597143
325.055420
326.078639
326.900454
327.698639
