2.451020
5.240680
7.987755
10.623810
13.669388
16.281224
18.995102
22.105578
24.878912
27.974558
28.890612
31.577687
34.356054
37.056463
40.024762
42.800816
45.492109
48.791837
51.720680
55.021497
57.923946
60.571020
63.531156
66.440816
69.265306
72.054422
74.712245
77.255102
80.767891
81.971746
83.241451
84.437687
85.691973
86.888118
88.020000
90.173855
93.920000
95.560952
96.549796
97.401224
98.468118
99.629433
100.623311
101.570748
102.665261
103.770431
104.861995
106.038141
106.829796
107.967256
109.093741
110.001973
110.809932
111.986667
113.170431
114.287211
115.442358
116.445896
118.937098
123.640000
124.655556
125.649524
126.687302
127.760000
128.935556
129.793016
130.736825
131.806984
132.896825
134.060635
135.126667
136.094603
137.230998
138.268254
139.358707
140.510794
141.620000
142.562222
143.610159
144.666667
146.052381
148.681270
152.811111
153.971429
155.098730
156.140000
156.881224
158.284490
159.360000
160.510612
161.420000
162.581723
163.685624
165.374830
169.069252
170.412245
171.479864
172.637959
173.781361
174.840771
175.882041
176.945079
178.027937
179.300000
180.308254
181.377664
182.517778
183.698503
184.403810
184.948571
185.524490
186.077551
186.617143
187.217823
188.536825
189.893651
191.109206
192.241905
193.446667
194.460635
195.474286
196.570159
197.720952
198.889841
199.959048
201.080952
202.146349
203.261270
203.929524
204.474603
205.049841
205.577460
206.135556
206.728254
208.209388
209.609841
210.914921
212.502857
216.677143
217.344127
217.915510
218.425850
218.932154
219.473333
220.074921
220.698367
221.250249
221.820000
222.364127
222.990249
223.495737
224.113968
224.740000
225.220000
225.788299
226.327619
226.955873
227.532653
228.116327
228.997551
229.741633
230.413878
231.109388
231.706939
232.424444
233.060091
234.260000
236.730204
239.301633
239.978776
240.716327
241.437551
242.604490
245.094286
247.669796
248.420816
249.080000
249.801224
251.047755
252.201224
255.001224
257.836735
260.765714
263.905306
264.720816
265.380816
266.073878
266.770204
267.468571
268.179184
268.869388
269.664082
270.443673
271.233878
271.970204
273.146122
277.150975
280.273197
283.308345
286.167166
289.483175
294.120408
297.315283
299.328571
300.511202
301.618367
302.874467
305.300000
308.891020
310.556327
311.656735
312.924898
314.197143
317.775420
318.700000
319.420454
320.158639
