1.722041
4.740680
7.611020
10.443810
13.327347
16.441224
19.340408
22.325578
25.478912
28.754558
29.710612
32.737687
35.636054
38.476463
41.354286
44.424082
47.532109
50.766531
54.200680
58.301497
61.483946
64.451020
67.511156
70.440408
73.225306
76.334422
79.272245
81.875102
85.640000
86.860000
87.961451
89.317687
90.640000
91.768118
92.847755
94.440000
98.607937
99.760952
100.909796
101.941224
103.128118
104.129433
105.383311
106.430748
107.640000
108.770431
110.241995
111.458141
112.589796
113.787256
114.913741
116.001973
117.229932
118.626667
120.150431
121.307211
122.422358
123.385896
125.980000
130.760000
131.600000
132.769524
133.947302
134.988571
136.095556
137.413016
138.436825
139.726984
140.896825
142.460635
143.646667
144.814603
146.270998
147.348254
148.478707
149.510794
150.909229
152.462222
153.670159
154.866667
156.032381
159.060000
163.020000
164.971429
166.238730
167.221270
168.301224
169.804490
170.726984
171.870612
173.013878
174.341723
175.485624
176.814830
179.869252
180.992245
182.239864
183.397959
184.601361
185.620771
186.662041
187.685079
188.787937
189.861587
190.968254
192.037664
193.177778
194.518503
195.083810
195.628571
196.124490
196.697551
197.197143
197.697823
198.596825
199.693651
200.829206
202.581905
203.866667
204.940635
206.014286
207.130159
208.380952
209.589841
210.639048
211.820952
213.006349
214.401270
215.009524
215.574603
216.069841
216.620000
217.155556
217.668254
218.889388
220.969841
222.114921
224.062857
228.017143
228.624127
229.235510
229.765850
230.512154
231.053333
231.734921
232.418367
233.050249
233.666122
234.244127
234.910249
235.475737
236.093968
236.768503
237.358639
237.928299
238.547619
239.275873
240.072653
240.736327
241.657551
242.441633
243.113878
243.829388
244.446939
245.164444
245.820091
247.399456
250.190204
253.041633
253.718776
254.356327
254.957551
256.084490
258.902857
261.709796
262.420816
263.080000
263.660000
264.720000
266.621224
270.141224
273.344082
276.491429
279.905306
280.760000
281.440000
282.093878
282.870204
283.568571
284.299184
284.969388
285.884082
286.623673
287.353878
288.270204
289.506122
292.630975
296.073197
299.328345
302.607166
306.603175
309.960408
315.395283
316.928571
318.451202
320.258367
322.074467
326.407256
331.680000
333.776327
334.956735
337.264898
339.017143
344.135420
345.078639
345.940454
346.758639
