3.351020
6.360680
9.255510
12.303810
15.327347
18.321224
21.275102
24.325578
27.178912
29.954558
31.030612
33.797687
37.016054
39.816463
42.724762
45.681633
48.532109
51.571837
54.420680
57.441497
60.283946
62.931020
65.891156
68.840408
71.545306
74.394422
77.192245
80.115102
83.187891
84.440000
85.740000
87.077687
88.291973
89.488118
90.647755
94.193855
97.060000
98.220952
99.369796
100.441224
101.668118
102.700000
103.783311
104.750748
106.045261
106.950431
108.121995
109.318141
110.209796
111.327256
112.433741
113.521973
114.749932
115.806667
117.050431
118.227211
119.262358
120.545896
123.380000
127.100000
128.235556
129.429524
130.627302
131.708571
132.735556
133.893016
134.936825
136.126984
137.176825
138.460635
139.486667
140.534603
141.610998
142.808254
143.958707
144.860000
146.209229
147.402222
148.550159
149.606667
151.012381
154.621270
157.651111
159.211429
160.358730
161.641270
162.701224
164.104490
164.880000
166.000000
167.173878
168.281723
169.620000
170.734830
173.549252
174.332245
175.579864
176.717959
177.921361
178.920771
179.902041
180.905079
182.087937
183.240000
184.068254
185.197664
186.337778
187.278503
187.903810
188.448571
189.064490
189.617551
190.197143
190.797823
191.456825
192.153651
193.309206
194.441905
195.706667
196.740635
197.574286
198.590159
199.760952
200.840000
201.719048
202.800952
203.926349
204.881270
205.449524
206.014603
206.589841
206.997460
207.675556
208.348254
209.029388
210.269841
211.374921
212.360000
214.677143
215.284127
215.895510
216.485850
217.132154
217.713333
218.294921
219.078367
219.730249
220.386122
221.044127
221.710249
222.315737
222.933968
223.648503
224.238639
224.888299
225.507619
226.175873
226.832653
227.456327
228.117551
228.841633
229.453878
230.149388
230.766939
231.464444
232.180091
233.699456
236.730204
239.641633
240.478776
241.296327
242.097551
243.164490
245.954286
248.929796
249.760816
250.540000
251.321224
252.307755
253.301224
256.321224
259.264082
262.251429
265.285306
266.260816
267.040816
267.853878
268.670204
269.468571
270.319184
271.089388
272.044490
272.863673
273.693878
274.550204
275.606122
278.490975
281.833197
285.328345
288.807166
292.643175
296.720408
301.595283
302.308571
303.191202
304.378367
305.674467
308.127256
313.491020
314.196327
314.336735
315.524898
317.037143
320.975420
321.958639
322.760454
323.558639
