1.631020
4.805442
8.207755
11.163810
14.309388
17.581224
20.895510
24.045578
27.618912
31.254558
32.350612
35.737687
39.096054
42.296463
45.524762
48.820816
52.152109
55.571837
59.081361
63.361497
67.003946
69.891020
73.671156
76.562041
79.825306
82.968844
85.672245
88.135102
91.347891
92.971746
94.441451
95.997687
97.511973
99.088118
100.607755
103.833855
109.027937
111.140952
112.489796
113.701224
115.428118
116.629433
118.169932
119.530748
120.905261
122.410431
123.901995
125.398141
126.569796
127.927256
129.253741
130.661973
131.889932
133.326667
135.010431
136.367211
137.642358
138.865896
142.817098
149.596372
150.995556
152.395238
153.867302
155.288571
156.675556
158.173016
159.496825
160.926984
162.416825
164.020635
165.486667
166.634603
168.050998
169.468254
170.878707
172.250794
173.669229
175.182222
176.510159
177.886667
179.400000
182.581270
187.751111
189.791429
191.198730
192.701270
194.061224
195.524490
196.926984
198.410612
199.833878
201.381723
202.945624
204.514830
208.089252
209.332245
210.399864
211.557959
212.761361
213.760771
214.842041
215.925079
217.207937
218.281587
219.408254
220.477664
221.637778
222.878503
223.603810
224.328571
225.104490
225.917551
226.657143
227.417823
228.380000
229.373651
230.509206
231.581905
232.846667
233.920635
234.954286
236.030159
237.263810
238.389841
239.479048
240.560952
241.666349
242.781270
243.589524
244.354603
245.129841
245.937460
246.711111
247.496508
248.429388
249.609841
250.634921
251.682857
253.557143
254.204127
254.855510
255.525850
256.212154
256.813333
257.494921
258.358367
259.070249
259.626122
260.304127
260.970249
261.615737
262.293968
263.028503
263.618639
264.328299
264.947619
265.695873
266.332653
267.076327
268.037551
268.901633
269.513878
270.249388
271.026939
271.844444
272.560091
273.839456
276.510204
279.241633
280.058776
280.916327
281.717551
282.924490
285.654286
288.309796
289.120816
289.900000
290.641224
291.907755
293.741224
297.261224
300.524082
303.791429
307.245306
308.060816
308.820816
309.573878
310.350204
311.108571
311.819184
312.589388
313.424082
314.163673
314.913878
315.630204
316.866122
319.670975
323.193197
326.748345
330.327166
334.263175
338.660408
344.195283
346.528571
347.951202
349.198367
350.754467
354.047256
359.951020
362.256327
363.776735
365.444898
366.957143
371.275420
372.378639
373.260454
373.978639
