2.431020
4.940680
7.487755
9.783810
12.547347
14.941224
17.435102
20.185578
22.958912
25.814558
26.750612
29.137687
31.656054
34.116463
36.744762
39.240816
41.692109
44.451837
47.220680
50.361497
52.923946
55.531020
58.231156
61.060408
63.545306
66.274422
68.912245
71.175102
74.627891
75.631746
76.900000
77.837687
79.100000
80.228118
81.387755
84.373855
88.940000
89.880952
90.969796
92.061224
93.108118
93.829433
95.023311
95.890748
97.085261
98.090431
99.101995
100.198141
101.149796
102.187256
103.213741
104.301973
105.149932
106.420000
107.430431
108.487211
109.502358
110.560000
113.020000
117.476372
118.680000
119.709524
120.987302
121.908571
122.735556
123.853016
124.736825
125.906984
126.876825
128.260635
129.226667
130.020000
130.990998
132.108254
133.238707
134.250794
135.480000
136.322222
137.410159
138.426667
139.732381
142.461270
146.591111
148.531429
149.638730
150.801270
151.921224
153.004490
154.086984
155.210612
156.353878
157.481723
158.665624
159.874830
163.989252
164.892245
165.879864
166.737959
167.901361
169.000771
170.068163
171.285079
172.427937
173.181587
173.848254
174.797664
175.777778
176.778503
177.383810
177.928571
178.504490
179.100000
179.617143
180.177823
180.836825
181.740000
182.809206
183.881905
184.700000
185.740635
186.754286
187.630159
188.800952
189.949841
190.659048
191.720952
192.766349
193.641270
194.269524
194.814603
195.409841
195.977460
196.515556
197.088254
197.849388
199.949841
202.094921
203.242857
205.597143
206.204127
206.855510
207.465850
208.032154
208.573333
209.234921
209.998367
210.630249
211.266122
211.864127
212.530249
213.075737
213.773968
214.448503
215.058639
215.728299
216.347619
217.055873
217.672653
218.476327
219.197551
219.961633
220.653878
221.349388
222.026939
222.784444
223.520091
224.459456
226.770204
229.121633
229.818776
230.536327
231.237551
232.344490
234.634286
236.929796
237.680816
238.360000
239.021224
240.287755
241.761224
244.461224
247.064082
249.651429
252.465306
253.200816
253.940816
254.653878
255.330204
256.088571
256.839184
257.529388
258.544082
259.143673
259.953878
260.710204
262.106122
266.150975
269.113197
271.968345
274.827166
278.143175
282.620408
287.435283
288.068571
289.231202
290.338367
291.654467
293.587256
299.071020
300.736327
301.916735
303.144898
305.297143
309.755420
310.538639
311.240454
312.038639
