2.991020
5.500680
7.987755
10.403810
12.867347
15.301224
17.715102
20.165578
22.518912
25.274558
26.130612
28.500000
30.956054
33.276463
35.724762
38.200816
40.572109
43.231837
45.500000
48.601497
51.020000
53.471020
55.911156
58.280408
60.700000
63.234422
65.552245
67.955102
71.447891
73.011746
74.321451
75.817687
77.331973
78.908118
80.307755
82.600000
85.487937
87.400952
88.509796
89.721224
90.928118
92.049433
93.183311
94.250748
95.385261
96.550431
97.681995
98.938141
99.969796
101.127256
102.293741
103.461973
104.269932
105.526667
106.990431
108.127211
109.202358
110.305896
112.800000
116.956372
118.195556
119.289524
120.487302
121.688571
122.755556
123.873016
124.860000
125.966984
127.076825
128.280635
129.446667
130.454603
131.630998
132.768254
133.898707
135.070794
136.109229
137.342222
138.550159
139.506667
140.660000
143.561270
146.831111
148.911429
150.138730
151.361270
152.461224
153.844490
155.026984
156.230612
157.513878
158.841723
160.025624
161.454830
164.749252
165.992245
167.119864
168.277959
169.721361
170.940771
172.222041
173.405079
174.787937
176.161587
177.408254
178.677664
179.817778
181.438503
182.263810
182.968571
183.644490
184.377551
185.057143
185.717823
186.716825
187.913651
189.069206
191.121905
192.666667
193.841905
195.154286
196.250159
197.780952
199.129841
200.379048
201.720952
203.106349
204.601270
205.509524
206.214603
206.869841
207.577460
208.255556
208.908254
209.869388
211.369841
212.554921
213.662857
217.217143
217.864127
218.495510
219.105850
219.732154
220.273333
220.974921
221.778367
222.350249
223.086122
223.604127
224.430249
224.920000
225.593968
226.288503
226.878639
227.508299
228.107619
228.795873
229.432653
230.196327
230.917551
231.641633
232.253878
232.869388
233.486939
234.144444
234.780091
235.899456
238.550204
241.381633
242.298776
243.156327
244.037551
245.344490
247.894286
250.769796
251.640816
252.460000
253.261224
254.487755
255.621224
258.301224
260.864082
263.491429
266.385306
267.260816
268.100816
268.913878
269.750204
270.568571
271.359184
272.209388
273.004082
273.843673
274.693878
275.390204
276.566122
279.070975
281.953197
284.728345
287.407166
290.243175
293.060408
296.935283
298.888571
300.316009
301.418367
302.414467
305.267256
309.311020
311.436327
312.636735
313.964898
315.257143
319.135420
320.178639
320.980454
321.778639
