1.391020
4.400680
7.467755
10.263810
13.169388
16.081224
18.975918
21.785578
24.958912
27.954558
28.890612
31.817687
34.932109
37.736463
40.724762
43.680816
46.732109
49.931837
52.740000
56.101497
58.763946
61.631020
64.451156
67.240408
70.005306
72.654422
75.392245
77.875102
81.467891
82.611746
83.821451
84.757687
86.171973
87.348118
88.547755
91.953855
94.747937
96.580952
97.729796
98.761224
99.888118
101.009433
102.163311
103.110748
104.205261
105.370431
106.541995
107.758141
108.589796
109.647256
110.640000
111.701973
112.720000
114.086667
115.650431
116.727211
117.742358
118.565896
121.537098
126.236372
127.535556
128.689524
129.887302
131.048571
132.175556
133.333016
134.420000
135.526984
136.596825
137.920635
139.026667
140.074603
140.990998
142.168254
143.258707
144.470794
145.880000
147.142222
148.190159
149.186667
150.112381
153.061270
158.091111
159.311429
160.418730
161.601270
162.821224
163.944490
165.046984
166.210612
167.413878
168.661723
169.745624
170.954830
174.109252
175.352245
176.439864
177.477959
178.601361
179.580771
180.622041
181.585079
182.687937
183.700000
184.728254
185.717664
186.817778
187.738503
188.403810
189.008571
189.564490
190.077551
190.677143
191.217823
192.316825
193.513651
194.609206
195.581905
196.626667
197.540635
198.454286
199.430159
200.560952
201.549841
202.459048
203.540952
204.566349
205.621270
206.149524
206.694603
207.229841
207.777460
208.335556
208.848254
209.849388
211.729841
213.034921
214.862857
217.360000
217.984127
218.555510
219.125850
219.712154
220.253333
220.834921
221.638367
222.230249
222.846122
223.404127
224.070249
224.675737
225.293968
225.928503
226.498639
227.060000
227.647619
228.355873
229.052653
229.816327
230.657551
231.601633
232.393878
233.309388
234.126939
235.144444
235.920091
237.739456
240.870204
244.001633
244.758776
245.456327
246.197551
247.504490
250.614286
253.729796
254.540816
255.220000
255.901224
257.007755
259.021224
262.526122
265.744082
269.051429
272.445306
273.300816
274.020816
274.713878
275.430204
276.128571
276.859184
277.469388
278.284082
278.943673
279.400000
279.810204
280.746122
283.830975
287.373197
291.228345
294.527166
298.423175
301.220408
306.440000
308.388571
309.611202
310.718367
311.714467
314.407256
319.051020
320.856327
321.996735
323.284898
324.637143
328.715420
329.818639
330.720454
331.518639
