1.402041
4.060680
6.747755
9.323810
12.107347
14.721224
17.335102
20.265578
23.058912
26.054558
26.870612
29.537687
32.316054
34.856463
37.644762
40.280816
43.032109
45.891837
49.180680
52.260000
54.783946
57.291020
59.951156
62.660408
65.345306
68.014422
70.772245
73.375102
77.540000
78.891746
80.061451
81.397687
82.571973
83.968118
85.207755
88.453855
92.520000
93.460952
94.529796
95.241224
96.348118
97.049433
98.143311
99.060000
100.285261
101.190431
102.221995
103.178141
104.089796
105.047256
106.053741
107.121973
107.849932
109.040000
110.110431
111.127211
112.102358
113.045896
115.557098
120.016372
121.235556
122.169524
123.227302
124.128571
124.995556
126.140000
127.080000
128.126984
129.136825
130.180000
131.146667
132.114603
133.170998
134.188254
135.298707
136.130794
137.249229
138.282222
139.420000
140.246667
141.380000
144.561270
148.440000
150.291429
151.558730
152.661270
153.300000
154.624490
155.626984
156.910612
158.013878
158.560000
160.145624
161.574830
165.589252
166.832245
168.259864
169.617959
170.861361
171.920771
172.962041
174.025079
175.207937
176.361587
177.408254
178.577664
179.837778
180.958503
181.603810
182.228571
182.844490
183.437551
183.997143
184.657823
185.596825
186.793651
188.049206
189.421905
190.606667
191.660635
192.694286
193.870159
195.040952
196.229841
197.239048
198.460952
199.666349
200.801270
201.409524
202.054603
202.649841
203.237460
203.815556
204.468254
205.449388
206.709841
208.294921
211.262857
214.677143
215.504127
216.095510
216.665850
217.252154
217.733333
218.349841
219.118367
219.690249
220.286122
220.824127
221.490249
222.075737
222.673968
223.348503
223.918639
224.548299
225.147619
225.815873
226.492653
227.476327
228.837551
229.661633
230.293878
230.949388
231.666939
232.364444
233.080091
234.699456
237.190204
239.781633
240.498776
241.236327
241.937551
243.024490
245.574286
248.069796
248.820816
249.520000
250.221224
251.400000
252.741224
255.541224
258.244082
261.031429
264.225306
264.960816
265.660816
266.353878
267.090204
267.748571
268.479184
269.169388
269.988163
270.703673
271.453878
272.210204
273.326122
276.550975
279.393197
282.368345
285.327166
288.723175
293.500408
298.395283
299.748571
300.791202
301.838367
303.080000
306.487256
312.011020
313.556327
314.596735
315.884898
317.037143
322.115420
323.458639
324.160454
324.958639
