3.271020
6.060680
8.787755
11.543810
14.447347
17.261224
20.115102
23.105578
25.718912
28.654558
29.530612
32.357687
35.204218
38.016463
40.884762
43.740816
46.652109
49.611020
52.400680
55.320000
58.023946
60.651020
63.291156
66.060408
68.665306
71.394422
74.032245
76.575102
79.587891
80.640000
81.620000
82.580000
83.531973
84.508118
85.427755
87.493855
89.387937
91.460952
92.449796
93.301224
94.468118
95.129433
95.943311
96.730748
97.665261
98.530431
99.661995
100.498141
101.069796
102.007256
102.840000
103.561973
104.429932
105.280000
106.050431
107.007211
107.842358
108.500000
110.857098
113.860000
114.915556
115.860000
116.847302
117.568571
118.635556
119.433016
120.080000
120.946984
121.896825
123.040635
123.766667
124.374603
125.330998
126.188254
127.058707
127.890794
128.649229
129.462222
130.450159
131.286667
131.932381
134.641270
137.011111
138.851429
139.678730
140.840000
141.160000
142.364490
143.086984
144.030612
144.980000
146.101723
147.080000
148.114830
151.349252
152.392245
153.339864
154.317959
155.321361
156.460771
157.422041
158.305079
159.327937
160.321587
161.208254
162.217664
163.237778
164.098503
164.563810
165.048571
165.604490
166.020000
166.557143
167.057823
167.656825
168.400000
169.329206
170.381905
171.546667
172.460635
173.394286
174.330159
175.420952
176.349841
177.299048
178.380952
179.360000
180.200000
180.769524
181.274603
181.769841
182.177460
182.555556
183.188254
183.729388
184.689841
185.774921
186.922857
189.097143
189.584127
190.115510
190.645850
191.152154
191.633333
192.234921
192.900000
193.490249
194.066122
194.524127
195.210249
195.655737
196.273968
196.788503
197.298639
197.868299
198.407619
198.995873
199.592653
200.316327
201.237551
201.921633
202.473878
203.069388
203.626939
204.244444
204.880091
206.139456
208.630204
210.921633
211.660000
212.376327
213.077551
214.024490
216.594286
219.089796
219.800816
220.520000
221.201224
222.327755
223.221224
225.961224
228.724082
231.511429
234.285306
235.000816
235.780816
236.433878
237.110204
237.828571
238.539184
239.249388
240.004082
240.743673
241.573878
242.410204
243.306122
246.410975
249.533197
252.508345
255.467166
258.843175
261.980000
264.775283
266.448571
267.371202
268.558367
269.434467
271.587256
274.600000
275.496327
276.596735
277.804898
278.797143
282.435420
283.318639
284.140454
284.938639
