1.371020
4.000680
6.787755
9.543810
12.367347
15.021224
17.670204
20.425578
23.278912
26.434558
27.310612
29.917687
32.796054
35.416463
38.304762
41.060816
43.772109
46.591837
49.420680
52.760000
55.383946
58.051020
60.831156
63.580408
66.345306
69.014422
71.752245
74.255102
78.587891
79.931746
81.020000
82.197687
83.500000
84.608118
85.787755
88.193855
91.740000
93.520952
94.669796
95.821224
97.008118
98.029433
99.223311
100.250748
101.360000
102.450431
103.581995
104.738141
105.809796
106.907256
107.973741
109.061973
110.189932
111.466667
112.690431
113.867211
114.962358
115.925896
118.420000
123.120000
124.135556
125.309524
126.507302
127.688571
128.735556
130.013016
131.020000
132.186984
133.236825
134.540635
135.706667
136.614603
137.710998
138.908254
139.998707
141.070794
142.469229
143.702222
144.830159
145.986667
147.132381
150.021270
154.791111
156.071429
157.278730
158.501270
159.761224
161.044490
162.346984
163.550612
164.793878
166.041723
167.445624
169.034830
172.569252
174.612245
175.859864
177.017959
178.261361
179.340771
180.462041
181.585079
182.867937
184.141587
185.228254
186.397664
187.617778
189.078503
189.683810
190.288571
190.764490
191.320000
191.817143
192.437823
193.516825
194.853651
196.129206
197.341905
198.626667
199.680635
200.834286
201.850159
203.140952
204.409841
205.499048
206.680952
207.906349
209.341270
209.969524
210.574603
211.069841
211.637460
212.155556
212.748254
214.329388
215.629841
216.754921
218.122857
220.477143
221.064127
221.655510
222.225850
222.812154
223.413333
223.974921
224.558367
225.150249
225.726122
226.284127
227.010249
227.435737
228.053968
228.648503
229.198639
229.668299
230.267619
230.955873
231.512653
232.176327
233.097551
233.761633
234.353878
234.969388
235.486939
236.104444
236.760091
238.219456
240.850204
243.621633
244.398776
245.136327
245.877551
246.964490
249.594286
252.329796
253.120816
253.840000
254.581224
255.607755
256.741224
259.601224
262.344082
265.151429
268.205306
269.080816
269.780816
270.493878
271.190204
271.908571
272.599184
273.309388
274.104082
274.843673
275.633878
276.370204
277.446122
280.610975
283.573197
286.548345
289.447166
293.323175
298.500408
303.560000
304.908571
306.151202
307.418367
308.954467
312.967256
317.980000
319.336327
320.516735
321.824898
323.377143
327.275420
328.238639
329.060454
329.700000
