1.751020
4.500680
7.347755
10.043810
13.028163
15.981224
18.890204
21.925578
24.938912
28.154558
29.150612
32.057687
34.976054
37.876463
40.984762
43.960816
46.892109
49.911837
53.020680
56.521497
59.183946
61.851020
64.851156
67.600408
70.465306
73.314422
75.992245
78.575102
82.547891
83.771746
85.041451
86.280000
87.511973
88.908118
89.947755
92.060000
94.847937
96.740952
97.889796
98.881224
100.048118
101.018866
102.223311
103.170748
104.245261
105.410431
106.501995
107.758141
108.689796
109.767256
110.833741
111.881973
112.200000
112.666667
115.350431
116.387211
117.522358
118.665896
121.200000
125.996372
126.815556
127.869524
128.947302
130.028571
131.135556
132.293016
133.300000
134.426984
135.616825
136.800635
137.926667
138.934603
140.050998
141.308254
142.438707
143.490794
144.740000
145.942222
147.050159
148.280000
149.692381
153.461270
156.971111
159.031429
160.138730
161.261270
162.421224
163.664490
164.866984
166.090612
167.313878
168.481723
169.765624
171.134830
174.589252
175.652245
176.719864
177.877959
179.001361
180.080771
181.122041
182.185079
183.507937
184.701587
185.788254
186.897664
188.057778
189.278503
189.963810
190.528571
191.164490
191.817551
192.357143
192.977823
193.876825
194.593651
195.749206
196.961905
198.466667
199.500635
200.494286
201.550159
202.700952
204.069841
205.139048
206.280952
207.486349
208.821270
209.489524
210.074603
210.669841
211.297460
211.815556
212.468254
213.409388
214.669841
215.914921
217.322857
219.820000
220.424127
221.015510
221.605850
222.172154
222.753333
223.274921
224.078367
224.650249
225.266122
225.864127
226.480000
226.975737
227.573968
228.268503
228.858639
229.468299
230.027619
230.775873
231.332653
232.256327
233.257551
234.041633
234.653878
235.369388
236.006939
236.684444
237.400091
238.520000
241.330204
244.081633
244.898776
245.636327
246.397551
247.444490
250.254286
253.149796
253.980816
254.700000
255.441224
256.547755
257.841224
260.921224
263.944082
266.851429
270.005306
270.840816
271.580816
272.293878
273.070204
273.828571
274.579184
275.349388
276.204082
276.983673
277.853878
278.650204
280.586122
284.350975
287.453197
290.488345
293.607166
297.223175
299.700408
304.995283
306.648571
307.951202
309.018367
310.394467
313.107256
317.620000
318.896327
320.016735
321.184898
322.637143
326.955420
327.938639
328.800454
329.578639
