1.411020
4.380680
7.487755
10.503810
13.667347
16.681224
19.635102
22.725578
25.958912
29.234558
30.170612
33.177687
36.336054
39.376463
42.524762
45.560816
48.672109
52.011837
54.960680
58.281497
61.223946
64.311020
67.851156
70.680408
73.605306
76.654422
79.472245
81.915102
85.867891
87.151746
88.380000
89.517687
90.771973
91.948118
92.960000
95.813855
99.680000
101.180952
102.329796
103.541224
104.748118
105.929433
107.183311
108.370748
109.625261
110.810431
111.861995
113.058141
114.129796
115.287256
116.473741
117.561973
118.789932
120.206667
121.610431
122.847211
124.042358
125.365896
128.497098
133.976372
134.875556
136.089524
137.387302
138.828571
139.860000
141.133016
142.196825
143.446984
144.696825
145.920635
147.026667
148.094603
149.210998
150.408254
151.478707
152.750794
154.100000
155.442222
156.650159
157.846667
159.352381
162.580000
167.151111
169.311429
170.618730
171.961270
173.221224
174.684490
175.866984
177.150612
178.833878
179.901723
181.365624
182.734830
186.729252
188.212245
189.339864
190.497959
191.621361
192.660771
193.722041
194.785079
196.007937
197.321587
198.428254
199.617664
200.837778
202.238503
202.803810
203.288571
203.824490
204.377551
204.937143
205.537823
206.756825
207.913651
209.069206
210.341905
211.606667
212.680635
213.714286
214.750159
216.000952
217.389841
218.539048
219.740952
221.106349
222.481270
223.089524
223.594603
224.129841
224.757460
225.235556
225.828254
227.029388
228.269841
229.694921
231.002857
234.337143
234.884127
235.395510
235.905850
236.432154
236.873333
237.440000
238.020000
238.550249
238.966122
239.484127
240.150249
240.555737
241.173968
241.868503
242.258639
242.840000
243.367619
243.955873
244.612653
245.516327
246.197551
246.881633
247.353878
247.940000
248.446939
249.064444
249.760091
251.679456
254.690204
257.841633
258.578776
259.276327
259.997551
261.204490
264.274286
267.309796
268.080816
268.760000
269.460000
270.667755
272.381224
275.521224
278.724082
281.951429
285.345306
286.100816
286.860816
287.493878
288.250204
288.928571
289.659184
290.329388
291.104082
291.823673
292.533878
293.290204
294.500000
297.670975
301.053197
304.348345
307.667166
311.503175
316.300408
321.455283
322.908571
324.371202
325.698367
327.614467
330.727256
335.180000
337.196327
338.656735
340.264898
342.017143
346.635420
347.718639
348.560454
349.318639
