2.111020
5.260680
8.067755
10.963810
13.947347
16.981224
20.195102
23.705578
26.478912
29.654558
30.841224
33.857687
36.696054
39.576463
42.564762
45.640816
48.792109
52.311837
55.080680
58.781497
61.703946
64.791020
67.511156
70.520408
73.245306
76.134422
78.872245
81.315102
85.187891
86.411746
87.621451
89.037687
90.331973
91.680000
92.887755
95.493855
99.500000
100.880952
102.009796
103.121224
104.228118
105.289433
106.503311
107.660000
108.845261
110.010431
111.601995
112.878141
114.069796
115.307256
116.693741
117.781973
118.949932
120.426667
122.150431
123.447211
124.742358
126.025896
128.960000
133.920000
134.935556
136.149524
137.387302
138.548571
139.520000
140.913016
142.020000
143.266984
144.516825
146.040635
147.506667
148.694603
149.890998
151.348254
152.478707
154.170794
155.729229
157.262222
158.630159
160.006667
161.352381
164.561270
169.200000
170.491429
171.698730
172.921270
174.201224
175.424490
176.446984
177.670612
178.893878
180.181723
181.405624
182.954830
186.609252
187.852245
189.039864
190.517959
192.001361
193.280771
194.462041
195.825079
197.267937
198.681587
199.748254
201.317664
202.637778
204.098503
204.743810
205.248571
205.724490
206.237551
206.737143
207.257823
208.376825
209.793651
212.309206
213.701905
215.446667
216.900635
218.354286
219.790476
221.380952
222.849841
224.279048
225.820952
227.326349
228.961270
229.569524
230.094603
230.609841
231.097460
231.635556
232.188254
233.429388
235.229841
236.774921
238.062857
243.517143
244.064127
244.655510
245.225850
245.832154
246.393333
246.934921
247.518367
248.090249
248.526122
249.164127
249.850249
250.380000
250.973968
251.648503
252.198639
252.808299
253.427619
254.115873
254.732653
255.636327
256.597551
257.361633
258.033878
258.769388
259.366939
260.164444
260.860091
262.539456
265.590204
268.863265
269.618776
270.396327
271.137551
272.404490
275.454286
278.609796
279.440816
280.220000
280.901224
281.867755
283.521224
286.887347
290.084082
293.371429
296.525306
297.840816
298.640816
299.413878
300.210204
301.048571
301.839184
302.549388
303.624082
304.383673
305.193878
306.050204
307.286122
309.810975
313.373197
317.068345
320.667166
325.023175
328.980408
333.555283
335.828571
337.351202
338.878367
340.554467
345.007256
350.551020
352.216327
353.873469
355.924898
358.157143
363.135420
364.118639
364.920454
365.838639
