2.271020
4.900680
7.627755
10.343810
13.189388
15.921224
18.515102
21.165578
23.918912
26.954558
27.870612
30.457687
33.356054
35.996463
38.704762
41.380816
43.992109
46.671837
49.300680
52.541497
55.163946
57.711020
60.651156
63.080408
65.645306
68.154422
70.772245
73.015102
76.627891
77.891746
79.061451
80.397687
81.540000
82.908118
84.147755
87.113855
90.940000
92.220952
93.149796
94.281224
95.468118
96.609433
97.803311
98.870748
100.165261
101.250431
102.541995
103.658141
104.809796
105.987256
107.233741
108.301973
109.449932
110.540000
111.830431
113.087211
114.202358
115.505896
118.560000
123.140000
123.955556
125.089524
126.207302
127.388571
128.515556
129.733016
130.720000
131.966984
133.076825
134.480635
135.566667
136.694603
137.790998
139.128254
140.278707
141.630794
142.440000
143.702222
144.910159
146.126667
147.572381
150.781270
153.851111
155.511429
156.678730
157.841270
158.960000
160.064490
161.326984
162.470612
163.673878
164.801723
166.045624
167.254830
170.669252
171.912245
173.079864
174.237959
175.381361
176.440771
177.442041
178.425079
179.527937
180.621587
181.588254
182.697664
183.797778
185.098503
185.803810
186.408571
187.004490
187.637551
188.217143
188.857823
189.736825
190.833651
191.869206
192.820000
193.986667
195.000635
195.894286
196.850159
197.960952
199.189841
199.979048
201.060952
202.166349
203.421270
204.109524
204.694603
205.289841
205.877460
206.535556
207.188254
208.089388
209.249841
210.294921
211.400000
213.497143
214.124127
214.680000
215.245850
215.772154
216.373333
216.974921
217.618367
218.190249
218.866122
219.384127
219.990249
220.435737
221.053968
221.708503
222.238639
222.888299
223.467619
224.135873
224.692653
225.436327
226.257551
226.921633
227.533878
228.229388
228.826939
229.484444
230.200091
231.439456
233.890204
236.601633
237.318776
237.956327
238.597551
239.584490
242.174286
244.809796
245.540816
246.180000
246.820000
247.787755
249.161224
251.961224
254.664082
257.271429
260.085306
260.840816
261.480816
262.173878
262.810204
263.468571
264.139184
264.769388
265.604082
266.303673
267.033878
267.790204
268.546122
271.550975
274.533197
277.388345
280.327166
283.603175
286.920000
290.895283
292.148571
293.371202
294.518367
295.794467
298.707256
302.320000
303.556327
304.676735
305.904898
307.217143
310.895420
311.538639
312.340454
313.138639
