1.511020
4.200680
6.827755
9.383810
12.187347
14.821224
17.475102
20.105578
22.878912
25.898231
26.850612
29.577687
32.276054
34.936463
37.904762
40.560816
43.212109
45.971837
48.640680
51.801497
54.883946
57.651020
60.391156
63.220408
66.025306
68.774422
71.312245
73.895102
77.100000
78.411746
79.280000
80.500000
81.431973
82.600000
83.627755
87.053855
91.720000
93.000952
94.149796
94.921224
95.908118
96.889433
98.043311
99.010748
100.005261
101.050431
102.201995
103.058141
104.029796
105.047256
106.053741
106.921973
107.929932
108.966667
110.070431
111.047211
111.982358
113.185896
116.517098
122.576372
123.375556
124.529524
125.447302
126.268571
127.435556
128.373016
129.260000
130.246984
131.336825
132.580635
133.386667
134.314603
135.490998
136.288254
137.258707
138.240000
139.409229
140.282222
141.070159
142.226667
143.872381
147.301270
152.051111
153.971429
154.578730
155.801270
156.621224
157.980000
158.826984
159.810612
160.473878
161.800000
162.705624
164.254830
167.829252
169.132245
170.399864
171.557959
172.861361
173.980771
175.022041
176.165079
177.387937
178.561587
179.608254
180.777664
181.937778
183.098503
183.703810
184.248571
184.804490
185.317551
185.917143
186.533469
187.596825
188.773651
190.009206
191.521905
192.786667
193.960635
194.994286
196.210159
197.360952
198.669841
199.619048
200.880952
202.026349
203.261270
203.849524
204.394603
204.949841
205.517460
206.135556
206.728254
208.149388
209.609841
211.134921
212.842857
216.177143
216.784127
217.355510
217.925850
218.432154
218.913333
219.574921
220.138367
220.710249
221.326122
221.764127
222.400000
222.895737
223.513968
224.120000
224.638639
225.168299
225.807619
226.415873
227.000000
227.856327
228.797551
229.621633
230.333878
231.229388
232.006939
232.924444
234.000091
235.599456
238.710204
241.961633
242.818776
243.676327
244.497551
246.984490
250.254286
253.549796
254.400816
255.280000
256.041224
257.447755
259.901224
262.944898
265.924082
268.971429
272.245306
273.140816
273.980816
274.793878
275.630204
276.428571
277.239184
278.089388
278.956735
279.823673
280.633878
281.270204
282.446122
288.190975
291.153197
294.068345
297.007166
300.683175
305.680408
310.455283
312.088571
313.211202
314.138367
315.714467
318.667256
323.491020
324.716327
325.676735
326.620000
327.737143
332.595420
333.558639
334.340454
335.098639
