1.771020
4.640680
7.407755
10.303810
13.214694
16.221224
19.075102
21.845578
24.618912
27.694558
28.630612
31.537687
34.416054
37.296463
40.224762
43.200816
46.172109
49.251837
52.120680
55.581497
58.583946
61.391020
64.451156
67.460408
70.505306
73.474422
76.432245
79.215102
82.907891
84.331746
85.600000
86.977687
88.311973
89.628118
90.927755
94.593855
98.880000
100.260952
101.409796
102.521224
103.728118
104.949433
106.303311
107.510748
108.845261
110.130431
111.521995
112.958141
113.969796
115.307256
116.533741
117.761973
118.909932
120.326667
121.750431
123.027211
124.382358
125.645896
129.377098
135.496372
136.815556
138.069524
139.347302
140.448571
141.615556
142.953016
144.156825
145.426984
146.716825
148.160635
149.386667
150.574603
151.790998
153.048254
154.278707
155.330794
156.609229
157.982222
159.250159
160.466667
162.012381
165.501270
170.771111
172.911429
174.238730
175.741270
176.961224
178.304490
179.380000
180.590612
181.853878
183.160000
184.465624
185.894830
189.489252
190.732245
191.759864
192.917959
194.121361
195.180771
196.222041
197.325079
198.487937
199.721587
200.788254
201.997664
203.137778
204.378503
205.103810
205.808571
206.484490
207.137551
207.837143
208.577823
209.536825
210.733651
211.869206
213.001905
214.266667
215.360635
216.394286
217.490159
218.720952
219.969841
220.999048
222.180952
223.326349
224.601270
225.329524
226.014603
226.689841
227.437460
228.175556
228.908254
229.849388
231.369841
232.514921
233.682857
236.697143
237.404127
238.075510
238.705850
239.372154
239.893333
240.694921
241.378367
242.150249
242.766122
243.424127
244.130249
244.755737
245.473968
246.208503
246.838639
247.548299
248.247619
248.935873
249.672653
250.736327
251.637551
252.481633
253.153878
253.849388
254.466939
255.204444
255.980091
257.559456
260.570204
263.460000
264.318776
265.156327
265.997551
267.344490
270.234286
273.329796
274.180816
275.020000
275.841224
277.167755
278.561224
281.741224
284.964082
288.271429
291.845306
292.700816
293.500816
294.333878
295.170204
295.988571
296.839184
297.649388
298.556327
299.343673
300.213878
301.070204
302.746122
305.810975
309.033197
312.348345
315.727166
320.123175
325.200408
330.535283
332.508571
333.731202
334.978367
337.494467
339.927256
345.471020
347.656327
348.856735
351.064082
352.297143
356.595420
357.698639
358.480454
359.358639
