2.111020
5.203401
8.147755
11.043810
14.042041
17.221224
20.235102
23.505578
26.578912
30.394558
31.463673
34.437687
37.536054
40.576463
43.544762
46.740816
49.872109
53.491837
56.800680
60.981497
63.943946
66.871020
70.251156
72.960816
75.805306
78.914422
81.852245
84.335102
88.120000
89.291746
90.361451
91.557687
92.891973
93.908118
95.007755
97.860000
100.867937
101.940952
103.129796
104.221224
105.260000
106.349433
107.543311
108.650748
109.825261
111.070431
112.441995
113.638141
114.729796
115.907256
117.133741
118.221973
119.469932
120.906667
122.310431
123.467211
124.642358
125.865896
128.640000
133.356372
134.335556
135.509524
136.587302
137.688571
138.835556
140.013016
141.056825
142.226984
143.436825
144.920635
146.106667
147.214603
148.370998
149.628254
150.758707
152.013968
153.489229
154.782222
155.890159
157.160000
158.192381
161.461270
164.831111
166.491429
167.638730
168.881270
170.080000
171.444490
172.366984
173.690612
174.973878
176.321723
177.865624
178.714830
182.369252
183.612245
184.640000
185.517959
186.801361
187.880771
189.022041
190.165079
191.327937
192.461587
193.568254
194.717664
195.977778
197.278503
197.963810
198.528571
199.064490
199.597551
200.157143
200.697823
201.956825
203.153651
205.329206
206.461905
207.966667
209.040635
210.234286
211.430476
212.800952
214.189841
215.259048
216.640952
217.986349
219.481270
220.140000
220.714603
221.249841
221.760000
222.375556
222.928254
224.129388
226.969841
228.954921
230.262857
234.017143
234.684127
235.335510
235.945850
236.592154
237.093333
237.814921
238.518367
239.150249
239.766122
240.404127
241.010249
241.615737
242.233968
242.968503
243.578639
244.188299
244.727619
245.415873
246.112653
246.836327
247.657551
248.481633
249.093878
249.809388
250.406939
251.164444
251.800091
253.378367
256.590204
259.761633
260.438776
261.116327
261.777551
262.984490
266.374286
269.629796
270.320816
270.980000
271.581224
272.747755
274.681224
278.281224
281.497143
285.131429
288.785306
289.680816
290.240816
290.933878
291.730204
292.408571
293.139184
293.769388
294.684082
295.403673
296.233878
296.990204
298.426122
301.510975
305.073197
308.488345
311.807166
315.683175
319.700408
324.595283
326.228571
327.753605
329.278367
331.034467
335.367256
340.431020
342.276327
343.546939
345.484898
347.437143
352.715420
353.698639
354.520454
355.598639
