1.491020
4.560680
7.687755
10.503810
13.547347
16.321224
19.505306
22.685578
25.638912
29.094558
30.090612
33.117687
36.396054
39.276463
42.384762
45.500816
48.592109
51.951837
54.620680
58.241497
61.143946
64.311020
67.371156
70.240408
73.025306
76.094422
78.972245
81.435102
85.527891
86.911746
88.161451
89.437687
90.711973
92.028118
93.067755
96.113855
100.707937
102.620952
103.669796
104.861224
106.068118
107.100000
108.323311
109.370748
110.565261
111.770431
113.081995
114.318141
115.309796
116.427256
117.533741
118.621973
119.789932
121.166667
122.770431
123.907211
125.022358
126.205896
129.117098
134.736372
136.015556
137.049524
138.247302
139.488571
140.555556
141.733016
142.756825
143.926984
145.196825
146.480635
147.566667
148.614603
149.750998
150.948254
152.018707
153.110794
154.609229
156.002222
157.130159
158.286667
159.452381
163.021270
167.780000
169.691429
170.838730
172.001270
173.180000
174.444490
175.400000
176.670612
177.733878
179.040000
180.185624
181.554830
185.349252
186.652245
187.839864
188.937959
190.081361
191.140771
192.162041
193.125079
194.247937
195.361587
196.428254
197.497664
198.637778
199.678503
200.323810
200.888571
201.424490
201.940000
202.517143
203.037823
204.036825
205.213651
206.629206
207.741905
208.946667
210.040635
210.994286
212.010159
213.220952
214.349841
215.379048
216.500952
217.586349
218.681270
219.329524
219.914603
220.469841
221.037460
221.595556
222.168254
223.369388
224.959683
226.514921
227.922857
230.917143
231.524127
232.175510
232.817551
233.472154
234.033333
234.754921
235.458367
236.130249
236.846122
237.584127
238.250249
238.795737
239.413968
240.128503
240.718639
241.360000
241.987619
242.775873
243.472653
244.216327
245.037551
245.981633
246.733878
247.529388
248.246939
249.084444
249.900091
251.519456
254.730204
257.901633
258.618776
259.396327
260.117551
261.484490
264.614286
267.769796
268.520816
269.260000
269.981224
271.140000
273.001224
276.281224
279.280816
282.591429
285.865306
286.660816
287.420816
288.113878
288.830204
289.608571
290.359184
291.049388
291.844082
292.643673
293.453878
294.350204
295.966122
298.950975
302.433197
306.268345
309.547166
313.183175
316.940408
322.180000
324.288571
325.511202
326.778367
328.060000
331.427256
336.560000
338.496327
339.676735
340.964898
342.437143
347.395420
348.338639
349.240454
350.218639
