1.531020
4.380680
7.487755
10.563810
13.887347
16.901224
19.735102
22.745578
25.698912
28.834558
29.770612
32.757687
35.636054
38.816463
41.904762
45.020816
47.932109
50.931837
53.840680
57.201497
60.223946
63.011020
66.091156
69.000408
71.985306
74.854422
77.712245
80.395102
84.087891
84.880000
86.021451
87.040000
88.051973
89.048118
89.987755
93.233855
97.660000
98.920952
100.009796
101.141224
102.328118
103.400000
104.603311
105.610748
106.865261
107.950431
109.161995
110.178141
111.249796
112.347256
113.473741
114.561973
115.429932
116.766667
117.910431
119.127211
120.202358
121.525896
125.217098
131.140000
132.060000
133.229524
134.407302
135.608571
136.755556
137.973016
139.040000
140.146984
141.256825
142.460635
143.586667
144.534603
145.650998
146.840000
147.938707
149.190794
150.109229
151.302222
152.610159
153.506667
154.972381
158.801270
163.631111
165.251429
166.478730
167.881270
168.901224
170.264490
171.280000
172.490612
173.713878
174.881723
176.220000
177.614830
182.649252
183.912245
185.039864
186.197959
187.421361
188.440771
189.482041
190.565079
191.767937
192.821587
193.828254
194.897664
195.997778
196.958503
197.523810
198.028571
198.544490
199.037551
199.577143
200.097823
200.820000
201.973651
203.129206
204.321905
205.586667
206.640635
207.734286
208.750159
209.920952
211.129841
212.139048
213.200952
214.326349
215.321270
215.849524
216.374603
216.849841
217.217460
217.875556
218.408254
219.149388
220.389841
221.634921
222.822857
225.020000
225.644127
226.295510
226.905850
227.532154
228.033333
228.674921
229.478367
230.190249
230.726122
231.364127
232.020000
232.615737
233.273968
233.908503
234.518639
235.188299
235.867619
236.695873
237.312653
238.716327
239.537551
240.221633
240.893878
241.569388
242.186939
242.884444
243.640272
245.399456
248.490204
251.601633
252.398776
253.196327
253.977551
255.140000
258.008571
261.109796
261.860816
262.620000
263.341224
264.447755
265.901224
269.161224
272.304082
275.511429
278.885306
279.700816
280.440816
281.213878
282.070204
282.828571
283.539184
284.289388
285.124082
285.883673
286.693878
287.370204
288.326122
291.430975
294.713197
297.948345
301.107166
305.203175
309.580408
314.815283
317.028571
318.459229
320.698367
321.994467
325.667256
331.051020
332.676327
333.936735
335.264898
336.877143
341.755420
342.658639
343.460454
344.298639
