0.617551
1.129235
2.123764
3.101723
4.368571
7.787664
10.669524
14.198367
17.793741
22.090612
24.506939
28.045714
34.441224
36.980635
39.301905
42.995465
49.512063
51.558776
53.087619
54.469796
55.900272
57.281633
58.633810
60.127528
62.595510
66.801451
70.152698
73.995692
81.743175
82.829841
83.872381
84.924762
86.017823
87.075918
88.160317
89.186939
90.259048
91.303226
92.280816
93.444898
94.626667
95.694422
96.925397
98.095238
99.189932
100.323810
101.497687
102.650748
103.864626
105.243810
107.669592
110.286531
112.553333
114.925306
117.713243
120.213469
123.104444
126.655918
130.721995
134.307619
137.267256
139.301633
141.230612
142.931224
144.820317
147.390204
149.435556
151.509977
153.570159
155.511429
158.197143
160.720544
163.891973
166.557279
170.138639
172.633968
175.863628
178.496735
180.761905
183.165079
184.226667
185.271837
186.313651
187.514286
188.574603
189.648571
190.783810
191.983810
193.090582
194.147846
195.487664
196.776372
197.850249
199.045420
200.133243
201.242449
202.474150
203.671565
204.863643
205.883673
207.308980
208.631247
209.999955
211.251882
212.355420
213.503492
214.719320
216.114286
217.293469
218.495556
219.553469
220.780544
222.561587
226.912698
229.957551
233.362358
236.234286
239.250385
242.302358
245.071020
250.306485
254.579592
259.364490
264.607619
271.778776
275.363356
278.886122
282.082585
285.432698
288.906349
292.168435
295.744989
299.163583
303.126531
306.724399
310.374694
313.666939
317.637052
320.911746
324.334807
331.333243
