0.997551
1.692212
2.823764
3.981723
5.248571
7.687664
10.289524
13.318367
16.153741
19.510612
22.286939
25.565714
30.721224
32.880635
34.853968
37.177732
41.992063
43.958776
45.987619
47.989796
49.820272
51.881633
53.687619
55.615057
58.135510
61.321451
64.492698
67.755692
73.703175
74.969841
76.112381
77.289524
78.557823
79.735918
80.960317
82.166939
83.419048
84.642585
85.900816
87.164898
88.466667
89.654422
90.831349
92.075238
93.249932
94.463810
95.717687
96.930449
98.146156
99.423810
101.669592
104.566531
106.553333
109.005306
111.833243
114.293469
116.924444
119.355918
122.220998
123.942540
126.147256
127.981633
130.041224
131.702449
133.740317
136.310204
138.335556
140.069977
142.010159
143.711429
145.812381
148.080544
150.577324
152.851837
156.418639
158.953968
161.583628
163.976735
166.243810
168.845714
170.233333
171.551837
172.733651
174.034286
175.274603
176.428571
177.643810
178.923810
180.143492
181.367846
182.567664
183.969698
185.190249
186.312517
187.450649
188.522449
189.777075
190.951565
192.110930
193.203673
194.577959
195.731247
196.879955
198.091882
199.315420
200.443492
201.519320
202.878571
204.077823
205.275556
206.393469
207.560544
209.181587
212.472698
214.708776
217.202358
220.014286
223.270385
226.682358
228.611020
232.046485
235.036224
238.324490
241.607619
246.538776
249.343356
252.346122
254.730646
257.552698
260.243175
262.928435
265.784989
268.703583
271.559158
275.004399
278.854694
282.266939
285.757052
288.411746
291.254807
297.286621
