0.937551
1.783175
3.141882
4.101723
5.128571
8.027664
10.469524
13.058367
15.793741
19.830612
22.406939
25.625714
30.641224
32.620635
34.521905
37.017732
42.072063
43.798776
45.627619
47.269796
48.780272
50.261633
51.727619
53.007528
54.835510
57.921451
61.232698
64.435692
70.454392
71.469841
72.492381
73.464762
74.497823
75.475918
76.520317
77.466939
78.539048
79.574195
80.580816
81.504898
82.706667
83.667211
84.705397
85.853810
86.869932
87.987937
88.957687
90.116122
91.204626
92.563810
94.929592
97.766531
99.773333
102.225306
104.993243
107.553469
110.824444
113.955918
117.901995
120.102540
122.447256
124.541633
126.521224
128.422449
130.480317
133.110204
134.875556
136.289977
138.090159
139.491429
141.532381
143.500544
145.857324
148.091837
151.458639
153.773968
156.323628
158.576735
160.683810
162.645714
163.786667
164.871837
165.863413
167.034286
167.957460
169.128571
170.263810
171.343810
172.383492
173.427846
174.467664
175.496372
176.490249
177.432517
178.493243
179.422449
180.606017
181.502313
182.535847
183.483673
184.708980
185.767812
186.839955
187.951882
189.095420
190.023492
191.219320
192.454286
193.593469
194.675556
195.693469
196.820544
198.481587
201.712698
204.317551
207.022358
209.454286
212.110385
214.802358
217.311020
221.346485
224.919592
228.904490
232.747619
238.218776
241.264671
244.056531
246.772517
249.924233
252.897270
255.948435
259.324989
262.503583
265.906531
269.304399
272.774694
276.066939
279.597052
283.071746
286.314807
290.193243
