0.297551
0.991198
2.323764
3.341723
4.688571
7.207664
10.329524
13.858367
17.133741
22.670612
25.286939
28.765714
34.461224
37.100635
39.561905
42.697732
49.452063
51.338776
52.827619
54.494898
55.980272
57.561633
59.107619
60.767528
63.115510
66.081451
69.492698
73.075692
80.063175
81.229841
82.292381
83.364762
84.417823
85.415918
86.440317
87.446939
88.439683
89.402585
90.420816
91.424898
92.666667
93.638605
94.825397
95.875238
96.969932
98.043810
99.237687
100.312245
101.362313
102.663810
105.069592
108.106531
110.926667
113.705306
116.753243
119.493469
122.864444
125.975918
128.321995
131.222540
133.547256
135.801633
138.021224
140.022449
142.400317
144.750204
146.175556
147.609977
149.110159
150.531429
152.372381
154.040544
156.077324
158.331837
161.782537
163.453968
165.703628
167.856735
170.163810
172.685714
173.886667
175.111837
176.233651
177.494286
178.694603
179.868571
181.121905
182.343810
183.543492
184.827846
186.027664
187.194093
188.230249
189.352517
190.393243
191.342449
192.594150
193.671565
194.810930
195.843673
196.848980
198.111247
199.259955
200.331882
201.535420
202.523492
203.519320
204.650476
205.753469
206.795556
207.773469
208.880544
210.341587
213.552698
216.697551
219.662358
222.624762
225.690385
228.842358
231.611020
235.946485
240.099592
244.184490
248.787619
256.939388
260.423356
263.878017
266.922585
270.212698
273.586349
276.888435
280.104989
283.823583
287.466531
290.804399
294.434694
298.546939
302.277052
306.491746
309.674807
314.886485
