0.517551
1.187725
2.763764
4.050340
5.548571
8.587664
11.449524
15.178367
18.013741
21.370612
24.146939
27.845714
34.861224
37.500635
39.981905
43.557732
50.252063
52.278776
54.267619
56.149796
58.020272
59.941633
61.667619
63.487528
65.775510
68.741451
72.072698
76.255692
83.863175
85.269841
86.512381
87.804762
89.197823
90.495918
91.820317
93.146939
94.499048
95.782585
97.140816
98.464898
99.806667
101.034422
102.285397
103.555238
104.839864
106.123810
107.377687
108.652245
109.924626
111.263810
113.729592
116.586531
119.126667
122.045306
125.093243
128.373469
131.564444
134.675918
138.541995
140.982540
143.427256
145.821633
148.242449
150.362449
152.780317
155.530204
157.455556
159.509977
161.390159
163.171429
165.132381
167.460544
169.957324
172.391837
176.018639
178.653968
181.423628
183.736735
186.203810
188.885714
190.406667
191.851837
193.213651
194.674286
196.029206
197.348571
198.723810
200.143810
201.483492
202.855692
204.227664
205.596372
206.910249
208.197551
209.453243
210.682449
212.094150
213.451565
214.690930
215.923673
217.308980
218.551247
219.859955
221.191882
222.415420
223.603492
224.759320
226.074286
227.393469
228.595556
229.733469
230.940544
232.401587
234.639513
237.797551
240.542358
243.354286
246.250385
249.042358
252.191020
256.846485
261.659592
266.764490
272.235238
280.878776
284.143356
287.786122
290.882585
294.272698
297.726349
301.228435
304.864989
308.683583
312.786531
316.844399
320.914694
324.426939
327.817052
330.931746
334.094807
338.486621
