0.697551
1.460454
2.923764
4.161723
5.688571
8.587664
11.569524
15.218367
18.013741
21.350612
24.206939
27.465714
32.201224
35.040635
37.621905
40.917732
45.872063
47.594694
49.267619
51.009796
52.580272
54.281633
55.767619
57.407528
59.615510
62.641451
65.872698
69.435692
75.583175
76.889841
78.112381
79.404762
80.675646
81.875918
83.180317
84.366939
85.619048
86.802585
88.060816
89.244898
90.406667
91.454422
92.665397
93.835238
94.909932
96.143810
97.257687
98.312245
99.500771
100.663810
102.649592
105.166531
107.373333
109.785306
112.793243
115.373469
118.384444
121.415918
124.320665
126.302540
128.687256
130.961633
133.121224
135.302449
137.640317
139.970204
141.475556
142.969977
144.470159
145.851429
148.012381
150.060544
152.277324
154.431837
157.418639
159.493968
161.827256
164.036735
166.307619
168.705714
170.186667
171.531837
172.753651
174.054286
175.334603
176.568571
177.863810
179.183810
180.403492
181.607846
182.767664
183.945457
185.030249
186.152517
187.293243
188.402449
189.534150
190.686313
191.790930
192.894558
194.128980
195.211247
196.319955
197.433126
198.575420
199.663492
200.759320
201.887143
203.073469
204.195556
205.253469
206.460544
208.061587
210.212698
213.417551
216.262358
219.058571
222.290385
225.482358
228.231020
232.066485
235.739592
239.304490
243.367619
249.098776
252.243356
255.533061
258.602585
261.972698
265.306349
268.468435
271.704989
275.123583
278.706531
282.124399
285.654694
288.966939
292.437052
295.411746
298.614807
302.906621
