1.057551
1.963175
4.043764
5.261723
6.948571
9.547664
12.049524
15.558367
18.693741
22.630612
25.446939
28.605714
34.321224
36.680635
38.601905
41.077732
46.432063
48.218776
49.967619
51.269796
52.980272
54.501633
55.987619
57.347528
59.635510
62.521451
65.752698
69.475692
75.903175
77.129841
78.272381
79.424762
80.637823
81.815918
83.040317
84.166939
85.319048
86.431293
87.600816
88.684898
89.966667
90.994422
92.245397
93.435238
94.583311
95.743810
96.997687
98.192245
99.404626
100.823810
103.189592
106.566531
108.913333
111.325306
114.133243
116.773469
119.344444
122.355918
125.781995
127.702540
129.987256
132.241633
134.261224
136.036490
138.160317
140.610204
142.235556
143.769977
145.350159
146.731429
148.952381
151.100544
153.477324
155.597959
158.738639
160.993968
163.383628
165.456735
167.543810
169.945714
171.286667
172.591837
173.733651
175.114286
176.374603
177.628571
178.923810
180.223810
181.443492
182.667846
184.107664
185.336372
186.570249
187.672517
188.831081
189.902449
191.078830
192.331565
193.450930
194.623673
195.908980
197.351247
198.679955
199.991882
201.175420
202.343492
203.399320
204.594286
205.816735
206.955556
208.013469
209.205792
210.941587
214.692698
217.837551
220.782358
223.574286
226.530385
229.531179
232.251020
237.466485
241.339592
245.084490
249.522540
255.858776
258.863356
261.906122
264.594195
267.652698
270.533304
273.588435
276.524989
279.463583
282.533265
285.644399
288.574694
291.826939
295.257052
298.451746
301.924422
306.546621
