0.737551
1.703175
3.063764
4.061723
5.668571
8.627664
11.509524
15.078367
18.333741
22.870612
25.566939
29.125714
36.121224
38.500635
40.641905
43.577732
49.012063
51.398776
52.987619
54.489796
55.900272
57.401633
58.807619
60.387528
63.275510
66.761451
70.132698
73.807138
81.603175
82.729841
83.792381
84.844762
85.937823
86.995918
88.000317
89.006939
90.039048
91.042585
92.200816
93.364898
94.506667
95.614422
96.725397
97.787619
98.709932
99.883810
101.017687
102.052245
103.244626
104.683810
107.069592
109.886531
112.333333
114.845306
117.633243
120.313469
123.424444
126.595918
129.501995
132.502540
134.783628
136.781633
138.881224
140.902449
143.500317
146.210204
147.975556
149.629977
151.670159
153.351429
155.892381
158.420544
161.117324
163.451837
167.218639
169.693968
172.323628
174.616735
177.003810
179.685714
180.966667
182.051837
183.093651
184.174286
185.334603
186.368571
187.434603
188.583810
189.603492
190.667846
191.847664
193.016062
194.150249
195.172517
196.313243
197.362449
198.534150
199.691565
200.790930
201.703673
202.928980
204.091247
205.219955
206.351882
207.515420
208.620873
209.679320
210.854286
211.976735
213.115556
214.033469
215.200544
217.001587
220.632698
223.837551
226.781179
229.414286
232.130385
235.242358
237.911020
243.206485
247.599592
252.044490
256.787619
264.058776
267.123356
270.466122
273.042585
275.972698
279.026349
282.028435
285.344989
288.563583
291.886531
294.964399
298.154694
301.566939
305.017052
308.151746
311.354807
317.986621
