1.370159
5.572698
9.558141
10.242177
10.667075
11.175918
11.608707
12.080612
12.455680
12.978776
13.470612
16.182041
20.455782
25.247959
25.373827
25.942676
26.348934
26.783991
27.080816
27.607075
28.470431
29.416644
31.395283
35.710159
39.986122
40.456190
40.859944
41.247033
41.634286
42.072109
42.427166
42.860730
43.194966
44.078594
45.002449
45.303401
46.156599
46.738776
49.619819
52.464671
54.997823
56.909887
59.342041
61.958821
65.463401
70.206531
71.519683
72.832517
74.073061
75.279909
76.587710
77.790023
79.003311
80.252245
81.511247
82.794113
84.772018
86.116871
87.341905
88.652381
90.042449
91.337959
92.607211
93.900272
95.223810
96.559456
97.866395
98.972834
100.291066
101.678776
103.935964
107.024218
108.796720
110.471224
111.856644
113.355782
114.833968
116.612109
118.063356
119.584082
120.983583
122.609841
123.989660
125.685261
127.012245
129.560408
132.980181
136.812653
140.250068
142.693016
143.380327
143.771429
144.180571
144.639184
145.036939
145.401497
145.825578
146.225170
147.564490
149.074286
150.023356
150.566712
150.866470
151.440786
151.804010
152.259184
152.650930
153.163413
153.528934
154.419048
155.285941
157.304580
157.852336
158.400393
158.884172
159.362177
159.817324
160.226803
160.716599
161.180917
161.842585
162.903175
163.906667
165.304127
166.720635
168.971973
171.667302
173.985193
175.737279
177.991429
179.970612
182.369524
185.695873
186.945986
188.045714
189.222177
190.266417
191.428980
192.517551
193.753442
194.978639
196.025918
197.164898
198.234558
199.271973
200.345986
201.396463
202.543503
204.239728
205.495374
206.823946
208.182313
209.507619
210.895510
212.144218
213.399048
214.676463
216.060091
217.413878
218.775964
220.746349
222.667574
226.444444
230.685397
235.394286
