1.190476
5.792698
9.539380
10.142177
10.667075
11.237959
11.708707
12.242449
12.761633
13.278776
13.970612
16.742041
20.555782
25.327755
25.454680
25.980178
26.448934
26.930152
27.540816
28.347075
29.110431
30.036644
31.775283
36.190159
39.106122
39.736190
40.219048
40.737143
41.214286
41.692109
42.161497
42.648027
43.134966
44.315782
45.482449
45.883401
47.176599
47.838776
50.919819
54.184671
55.457837
57.269887
59.682041
62.938821
66.443401
69.806531
71.579683
74.872517
76.213061
77.699909
79.147710
80.590023
81.963311
83.392245
84.791247
86.190567
87.832018
89.076871
90.441905
91.772381
93.244898
94.688980
96.147211
97.560272
99.022857
100.479456
101.966395
103.052834
104.691066
106.158776
108.195964
112.004218
113.940317
115.662449
117.516644
119.094694
120.533968
122.272109
124.103356
125.384082
127.103583
128.949841
130.709660
132.405261
134.032245
136.460408
140.540181
144.792653
149.040136
151.633016
152.221633
152.811429
153.225714
153.719184
154.153878
154.641497
155.105578
155.765170
156.644490
157.874286
159.423356
160.006712
160.579410
161.084717
161.648073
162.179184
162.790930
163.273651
163.888934
164.679048
165.245941
167.544580
168.772336
169.462358
169.784172
170.362177
170.897324
171.446803
171.996599
172.508254
173.522585
175.003175
176.166667
177.484127
179.120635
181.731973
184.327302
186.029020
187.334558
189.531429
190.845306
192.329524
195.195873
196.537959
197.925714
199.282177
200.686417
202.008980
203.397551
204.847211
206.338639
207.745918
209.084898
210.394558
211.691973
213.045986
214.376463
215.754014
217.119728
218.415374
219.883946
221.262313
222.627619
224.111020
225.404218
226.799048
228.216463
229.720091
231.313878
232.975964
234.586349
236.887574
240.664444
244.505397
248.574286
