1.790159
5.092698
8.498141
9.662177
10.307075
10.855918
11.388707
11.882449
12.368163
12.898776
13.790612
15.062041
18.511927
22.746724
23.324444
23.982676
24.488934
25.003991
25.560816
26.367075
27.130431
27.936644
29.048365
31.870159
35.366122
36.058095
36.739048
37.275714
37.714286
38.232109
38.620748
39.120803
39.714966
40.595782
41.442449
41.823401
42.796599
43.438776
46.019819
49.144671
51.717823
53.989887
56.642041
59.378821
62.463401
65.706531
67.319683
68.572517
69.833061
71.079909
72.247710
73.590023
74.763311
75.992245
77.211247
78.490567
80.212018
81.536871
82.761905
83.972381
85.401224
86.688980
88.007211
89.481088
90.963810
92.339456
93.686395
94.892834
96.691066
98.218776
99.555964
102.424218
104.240317
105.862449
107.376644
108.878673
109.813968
111.592109
112.780671
114.044082
115.361791
116.869841
118.269660
119.905261
121.172245
122.820136
126.020181
129.012653
132.060136
134.213016
134.921633
135.331429
135.821429
136.259592
136.693878
137.101497
137.585578
138.225170
139.104490
140.874286
142.003356
142.706712
143.134201
143.564717
144.057615
144.519184
144.916770
145.446825
146.028934
147.159048
147.965941
150.364580
151.372336
152.142358
152.550695
153.042177
153.537324
154.006803
154.456599
154.962063
156.002585
157.203175
158.266667
159.644127
160.940635
163.731973
166.187302
169.160408
171.454558
174.311429
177.250612
179.769524
182.895873
184.097959
185.205714
186.362177
187.446417
188.488980
189.617551
190.747211
191.878639
193.045918
194.144898
195.294558
196.411973
197.685986
198.936463
200.274014
202.039728
203.315374
204.603946
205.922313
207.147619
208.495510
209.844218
211.239048
212.676463
214.040091
215.366939
216.775964
218.246349
220.127574
223.664444
228.265397
234.094286
