1.130159
5.412698
10.578141
11.542177
12.107075
12.735918
13.248707
13.822449
14.268163
14.938776
15.830612
17.842041
21.735782
25.747755
26.344444
26.862676
27.348934
27.821497
28.280816
28.807075
29.290431
29.782266
31.055283
35.810159
39.186122
39.858730
40.339905
40.811429
41.274286
41.832109
42.281497
42.734014
43.257483
44.095782
45.014150
45.291914
46.356599
46.978776
49.799819
53.124671
55.939637
58.409887
61.082041
63.858821
66.783401
71.006531
72.359683
73.712517
74.973061
76.219909
77.527710
78.810023
80.083311
81.392245
82.691247
84.030567
86.052018
87.556871
88.881905
90.392381
91.961224
93.428980
95.114422
96.680272
98.243810
99.759456
101.246395
102.572834
104.362132
105.978776
107.915964
112.664218
114.860317
116.822449
118.856644
120.854694
123.009841
125.792109
127.543356
129.744082
131.703583
134.089841
136.249660
138.325261
140.072245
143.000408
147.060181
151.692653
155.960136
160.073016
160.940327
161.351429
161.825714
162.259184
162.713878
163.121497
163.545578
164.265170
165.184490
166.771905
168.323356
169.026712
169.499410
170.124717
170.548073
171.099184
171.450930
172.013651
172.488934
173.319048
174.285941
176.064580
177.372336
178.222358
178.744172
179.282177
179.877324
180.426803
180.839150
181.317114
182.142585
183.183175
183.986667
185.104127
186.460635
189.191973
191.787302
194.476401
197.267279
199.791429
202.490612
205.109524
207.995873
209.377959
210.605714
211.942177
213.186417
214.448980
215.737551
217.007211
218.378639
219.625918
220.931224
222.194558
223.471973
224.805986
226.076463
227.454014
229.119728
230.655374
232.063946
233.582313
235.167619
236.775510
238.344218
239.979048
241.456463
242.960091
244.473878
246.055964
247.946349
251.033787
254.144444
258.685397
263.231429
