0.610159
5.072698
9.358141
10.022177
10.547075
10.995918
11.528707
11.982449
12.494082
12.978776
13.690612
15.802041
20.275782
24.347755
24.632222
25.202676
25.568934
25.995986
26.360816
26.787075
27.230431
28.036644
29.755283
33.710159
37.266122
37.776190
38.219048
38.658571
39.094286
39.498685
40.000748
40.448027
40.854966
41.755782
42.742449
43.123401
43.987320
44.518776
46.779819
49.484671
51.459208
54.189887
56.382041
58.678821
61.963401
65.386531
66.799683
68.172517
69.473061
70.839909
72.107710
73.470023
74.743311
76.112245
77.511247
78.850567
80.752018
81.976871
83.000381
84.192381
85.401224
86.628980
87.867211
89.100272
90.383810
91.679456
93.006395
94.072834
95.691066
97.118776
98.395964
101.404218
103.355040
105.302449
106.816644
108.413673
109.813968
111.692109
112.963356
114.681020
116.163583
118.069841
119.869660
121.565261
122.912245
125.660136
129.400181
133.652653
137.280136
139.333016
139.901633
140.331429
140.745714
141.219837
141.633878
142.101497
142.565578
143.125170
144.104490
146.239184
147.463356
147.926712
148.379410
148.824717
149.308073
149.699184
150.230930
150.693651
151.328934
152.219048
153.025941
155.864580
156.752336
157.322358
157.758417
158.282177
158.717324
159.166803
159.656599
160.084127
161.082585
162.323175
163.426667
164.704127
166.240635
169.351973
172.347302
174.900408
177.211519
179.391429
181.810612
183.989524
186.855873
188.157959
189.405714
190.642177
191.886417
193.088980
194.237551
195.487211
196.772880
197.965918
199.244898
200.474558
201.691973
202.965986
204.216463
205.517007
206.999728
208.175374
209.403946
210.722313
212.067619
213.475510
214.704218
215.918095
217.196463
218.580091
219.993878
221.395964
222.886349
225.347574
229.344444
234.179231
238.794286
