0.650159
4.632698
8.138141
8.942177
9.527075
10.035918
10.668707
11.262449
11.868163
12.478776
13.530612
15.922041
19.955782
23.849939
24.051605
24.662676
25.128934
25.611973
26.020816
26.467075
26.970431
27.616644
29.655283
33.870159
37.806122
38.321619
38.759048
39.271429
39.654286
40.092109
40.461497
40.908027
41.374966
42.374694
43.562449
44.003401
45.196599
46.198776
49.479819
52.864671
55.057823
57.729887
59.922041
62.898821
66.343401
70.006531
71.359683
72.776259
73.993061
75.259909
76.547710
77.770023
78.943311
80.162449
81.411247
82.830567
84.852018
86.156871
87.341905
88.712381
90.121224
91.488980
92.847211
94.220272
95.683810
97.079456
98.466395
99.552834
101.251066
102.718776
104.835964
108.204218
110.000317
111.702449
113.356644
114.894694
116.353968
118.092109
119.595420
121.104082
122.723583
124.409841
125.829660
127.545261
129.172245
131.980408
136.000181
141.052653
145.312740
147.773016
148.461633
148.971429
149.405714
149.899184
150.393878
150.821497
151.305578
151.985170
153.152245
154.974286
156.083356
156.646712
157.199410
157.744717
158.268073
158.819184
159.330930
159.893651
160.508934
161.339048
162.185941
164.220458
165.232336
165.922358
166.494724
167.082177
167.677324
168.346803
168.836599
169.408254
170.362585
171.623175
172.966667
174.424127
175.900635
178.491973
181.627302
184.300408
186.294558
188.491429
191.070612
193.329524
196.695873
197.977959
199.165714
200.502177
201.766417
203.048980
204.357551
205.707211
207.138639
208.465918
209.643557
210.794558
211.971973
213.245986
214.436463
215.694014
217.279728
218.615374
220.103946
221.462313
222.847619
224.335510
225.764218
227.276190
228.756463
230.180091
231.593878
232.975964
234.486349
236.607574
239.504112
241.685397
246.214286
