1.030159
5.452698
9.778141
10.482177
11.013537
11.555918
12.028707
12.521224
13.024082
13.598776
14.370612
17.442041
21.795782
26.009194
26.324444
27.000243
27.348934
27.901995
28.400816
29.987075
30.603381
31.336644
33.215283
37.390159
41.126122
41.679762
42.179864
42.751429
43.174286
43.712109
44.181497
44.628027
45.134966
45.915782
46.882449
47.403401
48.616599
49.338776
52.059819
55.164671
57.737823
60.449887
63.382041
66.558821
70.003401
74.086531
75.559683
76.834065
78.033061
79.279909
80.587710
81.870023
83.023311
84.352245
85.651247
86.870567
89.032018
90.416871
91.721905
93.072381
94.521224
95.888980
97.267211
98.680272
100.123810
101.638912
103.126395
104.292834
105.871066
107.376327
109.163855
113.424218
115.160317
116.882449
118.536644
120.254694
121.713968
123.652109
124.980336
126.504082
127.936717
129.589841
131.189660
132.925261
134.552245
137.800408
142.440060
147.152653
152.000136
155.553016
156.281633
156.671429
157.145714
157.619184
158.093878
158.561497
159.005578
159.545170
160.944490
162.798095
163.454452
164.066712
164.599410
165.104717
165.668073
166.199184
166.716977
167.253651
167.908934
168.779048
170.445941
172.884580
174.012336
174.822358
175.322086
175.942177
176.477324
177.126803
177.656599
178.128254
179.082585
180.163175
181.166667
182.344127
184.020635
187.011973
189.607302
192.640408
195.274558
197.711429
200.890612
203.529524
206.635873
207.817959
208.902857
210.022177
211.206417
212.288980
213.477551
214.607211
215.918639
217.065918
218.242449
219.294558
220.411973
221.525986
222.636463
223.904671
225.539728
226.915374
228.143946
229.482313
230.847619
232.335510
233.644218
235.079048
236.496463
238.020091
239.553878
241.135964
243.026349
245.487574
249.324444
254.525397
259.254286
