1.330159
5.212698
9.018141
9.882177
10.307075
10.915918
11.348707
11.902449
12.364082
13.018776
13.650612
16.182041
20.375782
24.067755
24.764444
25.362676
25.928934
26.431973
27.740816
28.507075
29.270431
30.216644
32.035283
35.150159
38.486122
39.139238
39.599048
40.131429
40.574286
41.032109
41.420748
41.948027
42.314966
43.115782
43.922449
44.287800
45.104575
45.638776
48.379819
51.484671
54.157823
56.329887
58.382041
61.538821
65.103401
69.326531
70.779683
72.128129
73.333061
74.699909
76.107710
77.450023
78.703311
80.012245
81.351247
82.650567
84.372018
85.516871
86.661905
87.852381
89.221224
90.488980
91.814422
93.180272
94.527619
95.859456
97.106395
98.192834
99.651066
100.918776
102.555964
107.869524
110.680317
112.882449
115.336644
117.618776
119.633968
122.192109
124.143356
126.384082
128.423583
130.958095
133.549660
135.425261
137.052245
140.160408
144.100181
148.912653
153.660136
157.693016
158.421633
158.811429
159.305714
159.719184
160.093878
160.441497
160.885578
161.245170
162.424490
164.524286
165.283356
165.886712
166.379410
166.784717
167.168073
167.619184
167.990930
168.401241
168.753787
169.319048
170.105941
172.284580
173.432336
174.100472
174.624172
175.140363
175.717324
176.186803
176.716599
177.300917
178.262585
179.563175
180.766667
182.124127
184.040635
187.331973
190.527302
193.151487
195.474558
197.711429
200.410612
202.469524
206.235873
207.857959
209.145714
210.802177
212.226417
213.508980
215.077551
216.427211
217.918639
219.205918
220.504898
221.814558
223.111973
224.325986
225.536463
226.734014
228.223288
229.415374
230.603946
232.002313
233.347619
234.775510
236.004218
237.299048
238.556463
239.880091
241.153878
242.515964
244.486349
246.627574
250.484444
253.745397
257.654286
