2.470159
5.892698
9.554422
10.522177
11.247075
11.995918
12.748707
13.542449
14.228163
14.958776
16.010612
20.222041
23.955782
28.069751
28.784444
29.502676
30.228934
30.891973
31.580816
32.287075
33.030431
34.036644
37.575283
41.050159
44.726122
45.516190
46.239048
46.957857
47.654286
48.352109
49.081497
49.808027
50.614966
51.655782
53.002449
53.403401
54.476599
55.718776
58.999819
62.604671
65.877823
68.889887
72.642041
76.298821
80.123401
83.646531
84.899683
86.272517
87.433061
88.699909
89.947710
91.230023
92.383311
93.672245
94.951247
96.310567
98.512018
99.836871
101.161905
102.452381
103.861224
105.268980
106.574422
107.960272
109.323810
110.599456
111.926395
113.032834
114.691066
116.058776
117.275964
120.024218
121.520317
123.062449
124.436644
125.874694
127.233968
128.812109
130.183356
131.572041
133.063583
134.509841
135.869660
137.385261
138.704082
141.093401
144.600181
148.272653
152.100136
154.993016
156.061633
156.871429
157.685714
158.459184
159.173878
159.901497
160.665578
161.456293
162.484490
164.014286
165.243356
166.326712
167.179410
167.864717
168.548073
169.199184
169.910930
170.633651
171.448934
172.919048
173.725941
175.764580
177.292336
178.282358
179.004172
179.782177
180.377324
181.146803
181.796599
182.488254
183.702585
185.183175
186.206667
187.704127
189.980635
193.151973
196.327302
199.860408
202.234558
205.111429
208.050612
210.869524
213.455873
214.637959
215.825714
217.042177
218.246417
219.448980
220.597551
221.907211
223.218639
224.405918
225.652449
226.794558
228.011973
229.225986
230.456463
231.654014
233.379728
234.835374
236.123946
237.542313
238.927619
240.295510
241.644218
242.939048
244.436463
245.780091
247.173878
248.635964
249.906349
251.892511
254.904444
259.445397
261.634286
