1.310159
5.592698
9.038141
10.122177
10.787075
11.335918
11.888707
12.482449
13.082721
13.698776
14.670612
17.562041
21.875782
25.207755
25.932889
26.742676
27.288934
27.831973
28.280816
28.667075
29.210431
30.336644
32.635283
36.910159
40.266122
41.016190
41.459048
42.051429
42.414286
42.892109
43.400094
43.728027
44.554966
45.971429
47.162449
47.543401
48.462766
49.018776
52.239819
55.384671
58.337823
60.809887
63.402041
66.758821
69.963401
73.766531
75.219683
76.572517
77.933061
79.259909
80.647710
81.970023
83.203311
84.512245
85.851247
87.131701
88.812018
90.056871
91.341905
92.692381
94.121224
95.488980
96.787211
98.080272
99.363810
100.699456
102.026395
103.132834
104.611066
106.018776
107.475964
111.304218
113.260317
114.840816
116.556644
118.014694
119.153968
120.772109
121.723356
123.212041
124.423583
125.884921
127.049660
128.445261
129.532245
131.220408
134.580030
137.612653
141.120068
143.753016
144.620408
145.111429
145.625714
146.079184
146.553878
146.973832
147.465578
148.045170
149.564490
152.234286
154.083356
155.046712
155.759410
156.341572
156.948073
157.539184
158.070930
158.673651
159.388934
161.039048
162.645941
164.924580
166.072336
166.962358
167.464172
168.142177
168.597324
169.186803
169.676599
170.180917
171.482585
173.063175
174.486667
176.364127
178.640635
181.651973
184.967302
187.960408
190.514558
192.931429
195.930612
198.489524
201.735873
202.997959
204.205714
205.402177
206.646417
207.828980
209.117551
210.623605
211.698639
212.778435
214.004898
215.114558
216.315986
217.485986
218.636463
219.914014
221.519728
222.795374
224.023946
225.422313
226.787619
228.195510
229.524218
230.938095
232.376463
233.680091
235.013878
236.511927
238.066349
241.207574
245.384444
250.225397
254.614286
