1.910159
5.292698
9.058141
10.022177
10.707075
11.355918
11.928707
12.462449
13.028163
13.629388
14.610612
16.922041
20.955782
24.847755
25.524444
26.142676
26.668934
27.211973
27.660816
28.327075
29.250431
30.196644
32.075283
36.670159
42.006122
42.776190
43.339048
43.911429
44.454286
44.898685
45.413832
45.908027
46.314165
47.115782
47.935612
48.191914
48.928299
49.438776
52.619274
56.744671
60.197823
63.069887
65.903822
69.498821
73.363401
76.326531
77.739683
80.272517
81.493061
82.599909
83.787710
85.010023
86.203311
87.472245
88.771247
89.950567
91.852018
93.196871
94.381905
95.692381
97.041224
98.348980
99.627211
101.040272
102.303810
103.579456
104.926395
105.992834
107.511066
108.958776
110.115964
114.144218
116.220317
118.122449
119.816644
121.274694
122.513968
124.272109
125.441119
126.944082
128.257655
129.849841
131.529660
132.845261
134.252245
136.540408
140.460181
144.512653
148.080136
150.946032
151.861633
152.451429
153.065714
153.639184
154.173878
154.681497
155.205578
155.805170
157.244490
159.294286
160.843356
161.526712
162.059410
162.604717
163.188073
163.679184
164.250930
164.773651
165.348934
166.239048
168.165941
170.164580
171.392336
172.082358
172.684172
173.182177
173.757324
174.166803
174.799320
175.248254
176.342585
177.643175
178.606667
180.624127
181.380635
184.651973
187.627302
190.743356
193.354558
195.791429
198.590612
201.509524
204.766208
205.977959
207.245714
208.542177
209.846417
211.128980
212.317551
213.707211
215.058639
216.265918
217.464898
218.634558
219.811973
221.005986
222.176463
223.394014
224.859728
226.195374
227.383946
228.662313
229.967619
231.315510
232.704218
234.059048
235.376463
236.740091
238.073878
239.415964
240.866349
242.987574
246.944444
252.865397
257.694286
