0.570159
4.872698
9.178141
10.022177
10.667075
11.275918
11.948707
12.602449
13.268163
13.918776
14.790612
16.422041
20.375782
24.247755
24.690444
25.342676
25.848934
26.371973
26.820816
27.367075
27.850431
28.696644
30.195283
33.750159
37.406122
37.956190
38.419048
38.911429
39.374286
39.846054
40.321497
40.768027
41.238993
41.915782
42.842806
42.903401
43.776599
44.318776
47.299819
50.964671
53.257823
56.029887
59.062041
62.498821
66.203401
70.506531
72.059683
73.472517
74.833061
76.159909
77.527710
78.870023
80.203311
81.572245
82.951247
84.270567
86.372018
87.656871
88.841905
90.052381
91.261224
92.548980
93.847211
95.120272
96.443810
97.719456
99.086395
100.252834
101.711066
103.078776
105.019637
108.424218
110.600317
112.482449
114.436644
116.154694
117.673968
119.592109
121.423356
122.848027
124.251940
126.029841
127.549660
129.245261
130.672245
133.300408
137.120181
141.752653
147.420136
151.138095
152.601633
153.071429
153.585714
154.059184
154.533878
154.961497
155.445578
155.985170
157.264490
158.990612
160.423356
160.986712
161.479410
161.944717
162.424036
162.939184
163.390930
163.913651
164.488934
165.359048
166.665941
169.124580
170.092336
170.702358
171.184172
171.662177
172.197324
172.586803
173.336599
173.748254
174.682585
175.543175
176.466667
177.744127
179.240635
182.391973
185.907302
188.980408
191.434558
194.251429
197.230612
200.284762
203.775873
205.137959
206.405714
207.822177
209.166417
210.508980
211.857551
213.247211
214.579546
215.905918
217.244898
218.634558
219.931973
221.285986
222.616463
224.054014
226.079728
227.315374
228.523946
229.842313
231.109206
232.415510
233.704218
235.039048
236.316463
237.620091
238.933878
240.595964
241.886349
244.507574
248.504444
252.745397
257.474286
