0.810159
4.772698
9.178141
9.962177
10.387075
10.915918
11.368707
11.842449
12.308163
12.918776
13.730612
15.002041
19.215782
22.850968
23.084444
23.782676
24.228934
24.751973
25.196163
25.687075
26.180948
26.856644
28.795283
33.450159
38.206122
38.779048
39.199048
39.658571
40.074286
40.592109
40.940748
41.368027
41.814966
42.735782
43.782449
44.163401
45.196599
45.838776
48.599819
51.684671
54.717823
57.909887
60.442041
63.598821
67.243401
70.906531
72.339683
73.612517
74.873061
76.159909
77.487710
78.770023
79.943311
81.212245
82.491247
83.610567
85.392018
86.796871
88.101905
89.432381
90.881224
92.268980
93.687211
95.140816
96.563810
97.899456
99.206395
100.452834
101.951066
103.278776
104.555964
106.924218
109.060317
110.702449
112.716644
114.437347
115.933968
117.512109
119.083356
120.480680
121.863583
123.329841
124.729660
126.146315
127.372245
129.380408
133.000181
137.692653
140.960136
143.693016
144.441633
144.871429
145.325714
145.739184
146.193878
146.561497
147.005578
147.445170
148.244490
149.818095
150.843356
151.346712
151.799410
152.284717
152.748073
153.279184
153.750930
154.213651
154.708934
155.519048
156.325941
157.924580
159.212336
159.762358
160.284172
160.802177
161.337324
161.926803
162.456599
162.738866
163.782585
164.923175
165.946667
167.064127
168.420635
171.231973
174.487302
177.780408
180.954558
183.251429
186.470612
188.769524
192.355873
193.717959
194.985714
196.282177
197.526417
198.788980
199.997551
201.327211
202.618639
203.845918
205.084898
206.294558
207.451973
208.645986
209.796463
211.031338
212.479728
213.715374
214.903946
216.202313
217.527619
218.915510
220.224218
221.619048
222.976463
224.300091
225.593878
227.035964
228.326349
230.407574
234.264444
238.805397
243.034286
