1.450159
5.092698
8.238141
8.962177
9.487075
10.035918
10.548707
11.122449
11.588163
12.178776
12.850612
15.042041
18.715782
22.007755
22.804444
23.342676
24.008934
24.391973
24.960816
25.847075
26.610431
27.556644
29.475283
32.690159
36.586122
37.236190
37.699048
38.121039
38.614286
39.152109
39.901497
40.908027
41.854966
42.775782
43.782449
44.163401
45.236599
45.878776
48.339819
51.684671
53.977823
55.949887
57.961020
60.498821
63.423401
67.986531
69.239683
70.552517
71.633061
72.799909
74.009237
75.170023
76.203311
77.572245
78.651247
79.670189
81.272018
82.496871
83.481905
84.672381
85.881224
86.988980
88.187211
89.400272
90.603810
91.759456
92.953197
93.952834
95.731066
97.598776
99.035964
101.884218
103.470159
105.162449
106.616644
108.034939
109.413968
111.252109
112.803356
114.062041
115.463583
117.069841
118.609660
120.045261
121.292245
123.220408
126.801552
130.172653
134.060136
137.113016
137.781633
138.211429
138.665714
139.079184
139.573878
139.961497
140.425578
141.045170
142.504490
144.414286
145.523356
146.135571
146.539902
147.044717
147.471009
147.939184
148.358704
148.893651
149.428934
150.579048
151.565941
153.424580
154.172336
155.002358
155.424172
155.962177
156.477324
156.966803
157.456599
157.957114
158.982585
160.703175
161.746667
162.968254
164.500635
167.691973
170.647302
173.248735
175.654558
177.611429
180.323537
182.149524
184.755873
186.157959
187.405714
188.622177
189.846417
191.008980
192.197551
193.387211
194.718639
195.985918
197.304898
198.574558
199.831973
201.105986
202.336463
203.614014
204.959728
206.055374
207.183946
208.342313
209.627619
210.795510
212.044218
213.339048
214.576463
215.760091
216.973878
218.235964
219.366349
221.707574
225.524444
228.445397
233.174286
