3.510159
7.192698
10.738141
11.582177
12.267075
12.975918
13.648707
14.342449
15.008163
15.698776
16.650612
18.262041
22.255782
25.955989
26.504444
27.202676
27.848934
28.511973
29.120816
29.787075
30.430431
31.196644
32.969410
36.730159
40.726122
41.408095
42.099048
42.791429
43.334286
43.952109
44.520748
45.168027
45.834966
46.775782
47.862449
48.243401
49.356599
50.038776
53.499819
57.124671
60.297823
63.569887
66.522041
69.998821
73.281134
75.946531
77.319683
78.490839
79.653061
80.799909
81.987710
83.090023
84.203311
85.332245
86.571247
87.790567
89.664036
90.916871
92.001905
93.172381
94.521224
95.808980
97.027211
98.220272
99.463810
100.739456
102.006395
103.092834
104.531066
105.938776
106.682053
108.804218
110.700317
112.182449
113.856644
115.398673
116.953968
118.732109
120.143356
121.472041
123.263583
124.949841
126.289660
127.925261
129.412245
131.320408
134.640181
137.672653
141.200136
143.853016
144.641633
145.271429
145.905714
146.539184
147.213878
147.781497
148.425578
149.165170
150.084490
151.801767
152.143356
152.866712
153.499916
154.144717
154.728073
155.339184
155.950930
156.593651
157.217787
157.919048
158.725941
160.444580
161.392336
162.022358
162.624172
163.202177
163.817324
164.426803
164.996599
165.608254
166.702585
167.883175
168.986667
170.464127
172.260635
175.331973
178.807302
181.820408
184.814558
187.551429
190.570612
193.269524
195.735873
196.757959
197.805714
198.942177
199.946417
201.008980
202.017551
203.069070
204.158639
205.185918
206.204150
207.274558
208.460665
209.285986
210.316463
211.354014
212.559728
213.755374
214.943946
216.162313
217.387619
218.675510
219.784218
220.839048
222.096463
223.320091
224.493878
225.795964
226.986349
229.041262
232.524444
236.625397
240.494286
