1.410159
5.952698
11.078141
11.962177
12.467075
12.895918
13.501741
13.942449
14.434816
15.038776
15.890612
18.282041
23.575782
27.327755
28.144444
28.922676
29.748934
30.382395
30.820816
31.287075
32.050431
32.836644
34.575283
39.690159
44.226122
44.876190
45.219048
45.811429
46.178095
46.692109
47.120499
47.588027
48.034966
49.687347
51.342449
51.723401
53.376599
54.158776
57.759819
61.784671
64.037823
66.269887
69.722041
73.378821
77.323401
80.926531
82.139683
83.292517
84.373061
85.499909
86.687710
87.870023
88.943311
90.126122
91.291247
92.590567
94.792018
96.213741
97.721905
99.152381
100.626122
102.188980
103.683265
105.320272
106.867619
108.459456
109.986395
111.352834
113.193197
114.718776
116.695964
119.804218
121.740317
123.442449
124.956644
126.414694
127.793968
129.652109
130.846412
132.272963
133.703583
135.349841
136.909660
138.345261
139.732245
142.400408
146.780181
151.452653
155.520136
158.173016
158.921633
159.411429
159.905714
160.389592
160.833878
161.281497
161.765578
162.305170
163.784490
165.174286
166.203356
166.826712
167.319410
167.784717
168.244036
168.719184
169.170930
169.693651
170.208934
171.399048
172.205941
174.424097
175.572336
176.202358
176.804172
177.322177
177.917324
178.346803
178.816599
179.272550
180.282585
181.683175
182.706667
184.464127
186.220635
189.351973
193.107302
195.324626
197.334558
200.011429
202.602902
204.929524
207.715873
208.762566
209.745714
210.862177
211.966417
213.028980
214.117551
215.287211
216.558639
217.611480
218.780980
219.854558
220.931973
222.101497
223.196463
224.474014
226.439728
228.115374
229.483946
231.002313
232.447619
234.075510
235.564218
237.157143
238.736463
240.420091
241.993878
243.535964
245.606349
248.387574
252.104444
257.206984
262.454286
