1.750159
5.712698
10.086047
10.902177
11.627075
12.335918
13.048707
13.762449
14.428163
15.198776
16.210612
18.642041
22.835782
27.747755
28.484444
29.222676
29.888934
30.571973
31.260816
31.947075
32.650431
33.516644
36.875283
41.710159
47.526122
48.276190
48.979683
49.655714
50.354286
51.032109
51.721497
52.388027
53.234966
54.574558
55.602449
55.963401
56.956599
57.678776
60.579819
64.364671
67.717823
70.629887
73.282041
76.558821
79.743401
83.606531
84.949841
86.232517
87.373061
88.579909
89.807710
91.030023
92.223311
93.412245
94.691247
95.950567
97.812018
99.036871
100.141905
101.332381
102.561224
103.748980
104.927211
106.220272
107.443810
108.639456
109.806395
110.732834
112.231066
113.458776
114.499423
117.524218
119.900317
121.802449
123.796644
125.594694
127.253968
128.832109
130.423356
131.864082
133.263583
134.569841
136.049660
137.325261
138.612245
141.040408
145.400181
150.092653
154.660136
158.753016
159.581633
160.271429
160.965714
161.659184
162.373878
163.001497
163.705578
164.465170
165.824490
168.074286
169.823356
170.546712
171.239410
171.904717
172.588073
173.239184
173.970930
174.653651
175.508934
176.539048
177.365941
180.024580
181.132336
181.742358
182.544172
183.222177
183.917324
184.626803
185.356599
185.908254
187.042585
188.223175
189.506667
191.124127
193.280635
196.931973
201.054603
204.260408
207.469116
210.211429
213.410612
216.409524
219.215873
220.497959
221.685714
222.922177
224.146417
225.368980
226.597551
227.907211
229.098639
230.232959
231.424898
232.634558
233.831973
235.065986
236.316463
237.714014
239.559728
240.715374
241.823946
243.102313
244.227619
245.455510
246.624218
247.839048
249.076463
250.280091
251.486939
252.655964
254.026349
255.987574
259.364444
263.705397
267.434286
