0.730159
5.032698
9.338141
10.182177
10.687075
11.195918
11.688707
12.162449
12.602721
13.158776
13.750612
17.402041
22.195782
26.925986
27.144444
27.842676
28.268934
28.701710
29.220816
30.487075
31.170431
32.116644
34.235283
38.990159
43.966122
44.616190
45.019048
45.511429
45.914286
46.361345
46.721497
47.188027
47.574966
48.255782
49.162449
49.543401
50.456599
51.098776
53.159819
55.784671
57.655692
60.009887
62.282041
64.526274
67.013629
71.466531
72.799683
74.112517
75.298265
76.599909
77.847710
79.090023
80.243311
81.504082
82.631247
83.950567
85.892018
87.216871
88.581905
89.932381
91.363673
92.728980
94.027211
95.400272
96.767619
98.138912
99.526395
100.632834
102.193197
103.818776
105.055964
108.244218
109.780317
111.402449
112.696644
114.278231
115.653968
117.372109
118.883356
120.402041
121.877264
123.629841
124.929660
126.525261
127.872245
130.220204
134.240181
138.072653
142.040136
144.753016
145.561633
146.031429
146.525714
147.047199
147.373878
147.761497
148.165578
148.605170
149.344490
150.934286
152.023356
152.586712
153.079410
153.564717
154.009615
154.439184
154.910930
155.373651
155.828934
156.659048
157.465941
159.304580
160.112336
160.822358
161.304172
161.862177
162.257324
162.846803
163.216599
163.715465
164.602585
165.743175
166.806667
168.304127
169.920635
172.291973
174.827302
176.960408
179.054558
181.551429
183.970612
185.829524
188.775873
189.957959
191.085714
192.262177
193.433209
194.548980
195.697551
196.907211
198.158639
199.285918
200.424898
201.534558
202.511973
203.662599
204.676463
205.794014
207.259728
208.595374
209.943946
211.384626
212.747619
214.235510
215.524218
216.839048
218.196463
219.560091
220.913878
222.255964
223.926349
226.327574
230.704444
234.805397
239.554286
