0.550159
4.532698
8.518141
9.262177
9.867075
10.495918
11.108707
11.682449
12.308163
12.958776
13.930612
18.242041
22.467891
26.389679
26.944444
27.562676
28.148934
28.731973
29.280816
29.847075
31.430431
32.396644
35.515283
40.210159
44.046122
44.796190
45.379048
45.997143
46.554286
47.152109
47.721497
48.288027
48.994966
49.915782
51.002449
51.351701
52.676599
53.318776
56.319819
59.864671
62.857823
65.789887
68.222041
71.378821
75.063401
79.306531
80.839683
82.232517
83.513061
84.859909
86.187710
87.490023
88.703311
89.952245
91.231247
92.570567
94.312018
95.716871
96.881905
98.272381
99.761224
101.248980
102.667211
104.181905
105.783810
107.159456
108.566395
109.632834
111.271066
112.638776
114.131927
117.044218
118.537188
120.222449
121.716644
123.090671
124.373968
126.192109
127.183356
128.767347
130.043583
131.749841
133.289660
135.225261
136.692245
138.900408
142.100181
145.392653
148.860136
151.373016
152.141633
152.731429
153.305714
153.899184
154.473878
155.001497
155.605578
156.445170
157.764490
159.834286
160.763356
161.486712
162.099803
162.724717
163.254036
163.839184
164.390930
165.033651
165.788934
166.739048
168.305941
170.924580
172.032336
172.782358
173.361043
173.982177
174.577324
175.215601
175.836599
176.508254
177.702585
179.323175
180.346667
182.804127
184.700635
188.671973
192.567302
195.500408
198.474558
200.681270
203.970612
207.229524
209.995873
211.337959
212.605714
213.902177
215.246417
216.488980
217.777551
219.047211
220.438639
221.625918
222.904898
224.031519
225.231973
226.425986
227.616463
229.054014
231.439728
232.975374
234.303946
235.682313
237.107619
238.655510
240.024218
241.579048
243.076463
244.480091
245.873878
247.355964
248.766349
251.087574
253.744444
256.885397
264.014286
