0.770159
4.252698
7.978141
8.621088
9.107075
9.515918
10.048707
10.502449
11.008163
11.376252
12.090612
13.902041
17.575782
21.507755
22.004444
22.720535
23.148934
23.591973
24.080816
24.527075
25.030431
25.856644
27.517642
31.250159
35.563061
36.076190
36.499683
36.904286
37.354286
37.772109
38.261497
38.502676
39.147483
39.895782
40.722449
41.063401
41.989787
42.478776
45.519819
49.004671
51.517823
53.809887
56.422041
59.218821
62.423401
67.086531
68.419683
69.792517
70.953061
72.199909
73.467710
74.690023
75.883311
77.092245
78.351247
79.597642
81.212018
82.576871
83.781905
85.072381
86.441224
87.748980
89.107211
90.500272
91.823810
93.178912
94.466395
95.592834
96.811066
98.218776
99.775964
103.524218
105.380317
106.982449
108.556644
110.224898
111.653968
113.472109
114.803356
116.411020
118.031791
119.869841
121.409660
123.105261
124.512245
127.040204
130.260181
134.172653
138.200136
141.233016
141.781633
142.191429
142.600519
142.959184
143.433878
143.861497
144.285578
144.882585
145.924490
147.699816
148.303356
148.826712
149.239410
149.704717
150.108073
150.519184
150.978186
151.436825
151.828934
152.899048
153.145941
155.104580
156.312336
156.842358
157.198869
157.662177
158.177324
158.546803
158.995320
159.397354
160.102585
160.983175
161.906667
163.104127
165.100635
168.357993
171.707302
173.797872
176.677279
179.411429
182.010612
184.509841
187.963968
189.157959
190.305714
191.542177
192.733209
193.948980
195.177551
196.367211
197.658639
198.825918
199.994966
201.154558
202.311973
203.442993
204.556463
205.714014
207.059728
208.275374
209.463946
210.822313
212.087619
213.415510
214.784218
216.159048
217.556463
218.840091
220.153878
221.475964
223.052698
225.207574
229.044444
233.245397
237.974286
