2.150159
6.092698
9.938141
10.722177
11.127075
11.655918
12.048707
12.562449
12.948163
13.438776
13.970612
16.462041
20.715782
24.608776
24.964444
25.462676
25.868934
26.331973
27.380816
28.107075
28.685215
29.596644
31.395283
34.870159
39.003061
39.287128
39.299985
39.471429
39.859365
40.252109
40.847341
40.902676
41.674966
42.595782
43.642449
44.083401
45.196599
45.998776
48.799819
51.564671
53.737823
56.489887
58.822041
61.578821
64.463401
67.586531
70.519683
71.773129
72.873061
74.079909
75.247710
76.490023
77.543311
78.712245
79.891247
81.070567
82.852018
84.116871
85.401905
86.752381
88.202449
89.548980
90.927211
92.300272
93.623810
94.979456
96.246395
97.292834
98.851066
100.258776
101.935964
106.699048
109.360159
111.102449
112.916644
114.194694
115.533968
117.452109
118.776671
120.192816
121.803583
123.569841
125.129660
126.965261
127.812245
130.240408
134.100181
138.252653
142.040136
144.733016
145.480163
145.891429
146.325714
146.789017
147.173878
147.601497
148.072789
148.585170
149.904490
151.734286
153.463356
153.986712
154.499410
155.044717
155.448073
155.939184
156.250930
156.782730
157.328934
158.159048
158.925941
161.104580
162.172336
162.502358
162.842086
163.242177
163.637324
164.006803
164.396599
164.588254
165.582585
167.003175
168.146667
169.564127
171.200635
174.011973
176.827302
179.640408
181.994558
184.451429
187.150612
189.423175
192.275873
193.457959
194.565714
195.722177
196.866417
197.968980
199.074388
200.167211
201.278639
202.585918
203.708980
204.794558
205.871973
207.080748
208.136463
209.334014
210.879728
212.155374
213.523946
214.942313
216.307619
217.795510
219.044218
220.419048
221.756463
223.140091
224.453878
225.735964
228.206349
231.087574
234.664444
238.045397
242.774286
