1.270159
4.792698
8.678141
9.422177
9.907075
10.535918
11.008707
11.582449
12.168163
12.758776
13.470612
15.762041
19.595782
24.011218
24.342716
25.002676
25.448934
26.067999
26.460816
27.187075
28.170431
29.226576
31.115283
34.490159
38.406122
38.996190
39.499048
40.051429
40.554286
41.092109
41.621497
42.188027
42.754966
43.695782
44.562449
44.943401
46.016599
46.638776
49.219819
52.384671
54.087855
56.649887
59.142041
62.018821
65.403401
69.006531
70.419683
73.092517
74.293061
75.499909
76.707710
78.030023
79.203311
80.472245
81.731247
83.150567
85.252018
86.576871
87.741905
89.052381
90.441224
91.748980
93.087211
94.500272
95.883810
97.199456
98.606395
99.652834
101.171066
102.498776
104.315964
109.904218
112.400635
114.782449
117.256644
119.558673
121.833968
123.932109
125.714452
127.664082
129.523583
131.549841
133.149660
134.945261
136.332245
139.140408
143.440181
148.212653
152.640136
155.999048
156.720816
157.219143
157.725714
158.319184
158.833878
159.341497
159.785578
160.545170
161.964490
164.134286
165.763356
166.386712
166.879410
167.384717
167.948073
168.399883
168.978186
169.453651
170.028934
171.519048
172.325941
174.840127
175.372336
176.022358
176.584172
177.062177
177.577324
178.066803
178.636599
179.308254
180.042585
181.363175
182.006667
183.104127
184.420635
186.762993
189.427302
191.005051
193.414558
196.463810
199.570612
201.089524
203.475873
204.728980
205.905714
207.102177
208.346417
209.568980
210.717551
211.967211
213.278639
214.465918
215.744898
216.894558
218.051973
219.245986
220.416463
221.714014
223.459728
224.795374
225.983946
227.242313
228.587619
229.915510
231.224218
232.639048
233.976463
235.320091
236.646939
238.255964
239.926349
243.127574
247.344444
253.625397
258.414286
