0.910794
4.892698
9.449070
10.202177
10.787075
11.415918
12.068707
12.682449
13.296054
14.038776
14.970612
17.662041
22.035782
26.486750
26.924444
27.602676
28.268934
28.891973
29.560816
30.207075
30.870431
31.716644
34.675283
38.810159
43.446122
44.168095
44.779048
45.391429
46.034286
46.636054
47.241497
47.908027
48.574966
49.398946
50.402449
50.783401
51.796599
52.438776
55.639819
59.104671
62.437823
65.749887
68.642041
72.418821
76.143401
79.906531
81.119683
82.332517
83.433061
84.559909
85.747710
86.945011
88.063311
89.312245
90.531247
91.750567
93.512018
94.816871
96.001905
97.372381
98.741224
99.908980
101.107211
102.360272
103.523810
104.779456
106.006395
107.092834
108.431066
109.558776
111.015964
114.284218
115.960317
117.531224
118.896644
120.398673
121.913968
123.592109
124.883356
126.391020
127.723583
129.269841
130.669660
132.165261
133.552245
135.700408
139.140181
143.272653
147.700136
150.873016
151.681633
152.291429
152.925714
153.579184
154.233878
154.801497
155.445578
156.085170
157.364490
159.534286
160.683356
161.306712
161.959410
162.544717
163.144036
163.759184
164.370930
165.033651
165.668934
166.559048
167.365941
169.864580
171.064112
171.742358
172.324172
172.902177
173.537324
174.126803
174.756599
175.368254
176.162585
177.323175
178.326667
179.504127
181.060635
184.171973
187.407302
191.080408
194.494558
197.491429
201.770612
205.329524
208.555873
209.837959
210.945714
212.087392
213.166417
214.248980
215.337551
216.407211
217.498639
218.685918
219.824898
220.934558
222.031973
222.885986
224.256463
225.466803
226.839728
228.195374
229.443946
230.722313
232.027619
233.355510
234.564218
235.839048
237.072925
238.400091
239.673878
240.915964
242.006349
243.887574
248.164444
254.185397
259.340000
