1.470159
5.492698
9.558141
10.242177
10.747075
11.255918
11.708707
12.242449
12.634816
13.158776
13.870612
15.282041
19.335782
22.987755
23.804444
24.582676
25.088934
25.491973
26.140816
26.467075
27.170431
27.636644
29.035283
32.830159
36.363480
36.776190
37.499048
38.291429
38.894286
39.297370
39.781497
40.061605
40.634966
41.355782
42.262449
42.463401
43.307431
43.598776
45.999819
48.264671
50.410522
52.444943
54.691020
57.418821
60.543401
63.986531
65.539365
67.052517
68.453061
69.939909
71.387710
72.830023
74.243311
75.712245
77.151247
78.830567
80.812018
82.056871
83.301905
84.612381
85.981224
87.288980
88.574422
89.880272
91.203810
92.419456
93.586395
94.572834
96.011066
97.358776
98.875964
102.004218
104.020317
106.022449
107.936644
109.434694
110.973968
112.992109
114.423356
116.084082
117.823583
119.569841
121.049660
122.805261
124.172245
126.400408
129.580181
133.372653
137.420136
140.073016
140.741633
141.151429
141.545714
142.019184
142.453878
142.861497
143.305578
143.885170
144.704490
146.354286
147.243356
147.786712
148.319410
148.764717
149.268073
149.759184
150.310930
150.813651
151.588934
152.419048
153.225941
154.884580
155.932336
156.522358
156.984172
157.482177
158.067486
158.506803
158.916599
159.353651
160.202585
161.263175
162.286667
163.244127
164.320635
166.991973
169.831217
172.145179
173.914558
175.791429
177.743981
179.529524
181.715873
183.037959
184.305714
185.602177
186.886417
188.208980
189.457551
190.747211
192.138639
193.405918
194.741633
195.994558
197.291973
198.625986
199.976463
201.454014
203.119728
204.295374
205.583946
206.902313
208.075873
209.495510
210.744218
212.079048
213.296463
214.540091
215.774776
217.275964
218.626349
220.727574
224.724444
229.385397
234.114286
