1.990159
5.492698
9.098141
9.742177
10.287075
10.795918
11.268707
11.802449
12.308163
12.898776
13.790612
15.942041
19.735782
23.470228
23.704444
24.402676
24.888934
25.391973
25.860816
26.347075
26.910431
27.636644
30.115283
33.830159
37.826122
38.516190
38.959048
39.451429
39.914286
40.512109
40.901497
41.408027
41.914966
42.815782
43.842449
44.223401
45.496599
46.578776
49.459819
52.472336
55.157823
57.209887
59.862041
62.778821
66.103401
69.666531
71.179683
72.572517
73.886122
75.199909
76.507710
77.850023
79.143311
80.472245
81.831247
83.250567
85.152018
86.456871
87.641905
88.892381
90.221224
91.468980
92.727211
94.040272
95.303810
96.539456
97.806395
98.832834
100.291066
101.638776
102.875964
106.364218
108.160317
109.762449
111.136644
112.694694
114.073968
115.772109
117.014452
118.743010
119.963583
121.469841
123.049660
124.625261
126.052245
128.420408
131.620181
134.952653
138.680136
141.313016
141.980816
142.451429
142.885714
143.379184
143.816939
144.341497
144.782789
145.365170
146.322245
147.614286
148.423356
149.086712
149.519410
150.044717
150.493615
150.999184
151.450930
151.973651
152.488934
153.559048
154.645941
155.864580
156.972336
157.540590
158.064172
158.602177
159.126221
159.566803
160.056599
160.608254
161.542585
162.623175
163.646667
164.764127
166.180635
168.851973
171.887302
174.600018
176.894558
179.451429
182.250612
185.001587
188.015873
189.357959
190.665714
192.042177
193.406417
194.768980
196.077551
197.433605
198.878639
200.192959
201.624898
202.854558
204.311973
205.445986
206.676463
208.154014
210.359728
211.635374
212.963946
214.242313
215.547619
216.895510
218.124218
219.419048
220.724116
221.920091
223.170776
224.435964
225.946349
228.227574
232.004444
236.845397
241.754286
