1.210159
4.932698
8.878141
9.582177
10.107075
10.615918
11.148707
11.702449
12.208163
12.778776
13.550612
14.802041
18.635782
22.568776
22.844444
23.402676
23.908934
24.411973
24.880816
25.387075
25.915215
26.576644
27.935283
31.710159
36.182041
36.756190
37.239048
37.731429
38.214286
38.712109
39.241497
39.688027
40.214966
40.815782
41.422449
41.723401
42.546478
42.858776
44.899819
47.684671
50.137823
52.709887
55.302041
58.018821
61.583401
65.626531
66.849841
68.056259
69.173061
70.379909
71.667710
72.790023
73.903311
75.072245
76.311247
77.590567
79.352018
80.576871
81.821905
83.172381
84.561224
85.968980
87.367211
88.900272
90.323810
91.659456
93.006395
94.052834
95.711066
97.118776
98.735964
101.164218
103.040317
104.780816
106.436644
107.914939
109.393968
111.192109
112.585839
114.044082
115.570299
117.204921
118.549660
120.225261
121.404082
123.760408
127.760181
132.152653
136.100136
139.053016
139.901633
140.391429
140.925714
141.469592
141.953878
142.441497
142.945578
143.505170
144.304490
145.981020
146.323356
146.866712
147.359803
147.924717
148.356024
148.859184
149.358488
149.913651
150.428934
151.259048
152.151882
154.301061
154.592336
155.302358
155.844172
156.422177
156.917324
157.506803
158.016599
158.508254
159.352517
160.223175
161.106667
161.964127
163.260635
165.311973
167.467302
169.626041
172.554558
175.091429
177.430612
179.821905
182.655873
183.837959
185.025714
186.162177
187.346417
188.428980
189.597551
190.811803
192.058639
193.185918
194.384898
195.457279
196.691973
197.965986
199.136463
200.354014
201.639728
202.935374
204.243946
205.542313
206.807619
208.195510
209.384218
210.639048
211.956463
213.260091
214.553878
215.815964
216.846349
218.707574
222.464444
225.765397
230.234286
