0.830159
4.783175
8.678141
9.331088
9.867075
10.415918
10.908707
11.442449
11.944082
12.538776
13.210612
16.582041
20.955782
25.569796
25.920889
26.462676
27.048934
27.451973
27.950408
28.407075
28.910431
29.556644
33.195283
36.855079
40.746122
41.336190
41.799048
42.258571
42.714286
43.178685
43.641497
44.088027
44.794966
46.426259
47.462449
47.843401
48.796599
49.438776
51.839819
54.304671
56.737823
58.729887
60.922041
63.469410
66.163401
69.826531
71.219683
72.592517
73.833061
75.259909
76.647710
78.050023
79.283311
80.592245
81.951247
83.390567
85.532018
86.856871
87.861905
89.452381
90.781224
92.188980
93.507211
94.800272
96.143810
97.517823
98.806395
99.992834
101.491066
102.898776
104.395964
108.344218
110.440317
112.182449
113.976644
115.794694
117.353968
119.252109
121.003356
122.844082
124.523583
126.509841
128.129660
129.925261
131.352245
133.803401
137.620181
141.472653
145.500136
148.913016
149.601633
150.051429
150.500816
150.979184
151.533878
151.920748
152.365578
152.845170
154.044490
155.834286
156.703356
157.306712
157.819410
158.324717
158.868073
159.299184
159.890930
160.433651
161.108934
162.099048
162.905941
164.784580
165.943084
166.582358
167.114724
167.662177
168.317324
168.906803
169.496599
170.035296
170.982585
172.123175
172.986667
174.104127
175.220635
177.865986
180.617460
183.640408
185.154558
187.291429
189.810612
191.709524
194.275873
195.597959
196.805714
198.122177
199.386417
200.648980
201.837551
203.127211
204.498639
205.805918
206.964898
208.154558
209.351973
210.585986
211.756463
212.994014
214.499909
215.735374
216.983946
218.322313
219.567619
220.915510
222.124218
223.459048
224.696463
226.100091
227.393878
228.775964
230.146349
232.607574
236.404444
243.025397
248.554286
