2.074830
3.862721
5.184354
6.526349
8.372063
10.006259
11.346621
12.839161
14.301610
15.662766
17.035918
18.580952
20.055238
21.408254
22.954603
24.390476
26.260408
27.940317
29.335918
30.809796
32.369932
33.680680
35.320363
36.713787
38.249796
39.599184
40.986803
42.382449
43.836190
45.148571
46.670476
48.172063
49.652245
51.164082
52.631429
54.102041
55.959592
57.572653
59.195692
60.787302
62.404535
63.999683
65.581383
67.156190
68.726122
70.275102
71.839592
73.259184
75.085714
76.460816
78.051383
79.554785
81.201224
82.897143
84.609705
86.619184
88.818776
91.347937
93.246939
94.990476
96.800408
98.578776
100.631293
102.300952
104.147302
105.685306
107.421633
109.102177
111.388571
113.139184
114.752245
116.523220
118.212358
119.790612
121.579955
123.285170
125.057460
126.995238
128.697460
130.434104
132.362313
134.240680
136.052630
137.731043
139.568980
141.323673
143.086349
144.861270
146.526667
148.175238
150.642177
152.446259
154.489206
156.280272
158.156463
159.943946
162.333197
164.097778
166.045306
167.826349
169.810748
171.511837
173.223492
174.881361
176.524762
178.190340
179.888980
181.562857
183.408980
185.595646
188.527483
190.885170
193.378367
195.703537
198.220000
200.983220
204.082494
207.177460
211.611020
213.235011
214.904263
216.366621
218.060408
219.547075
221.059184
222.644626
224.148254
225.758730
227.328571
228.799592
230.273016
231.747619
233.325397
234.891429
236.514603
238.071429
239.633152
241.343673
242.888299
244.474558
245.958503
247.515238
249.077370
250.598776
252.088571
253.666939
255.187891
256.700907
258.213605
259.815510
261.272744
262.821633
264.382948
265.831927
267.372200
268.902313
270.340499
271.894966
273.333787
274.793424
276.304989
277.801633
279.506122
281.564762
283.028571
284.845760
286.860045
288.923401
292.025351
294.060000
295.828299
297.620317
299.377551
301.217823
303.162857
304.965986
306.591927
308.482177
310.553741
312.744762
315.251973
316.983810
318.802222
320.665714
322.735556
324.745760
326.342857
328.149116
330.230794
332.138730
334.062857
335.738730
337.634603
339.446667
341.160635
342.812381
344.636190
346.313016
348.752698
350.574422
352.478095
354.322721
356.245714
358.195374
360.556145
362.304580
364.217778
366.025714
367.781633
369.489388
371.062041
372.740408
374.458367
376.222857
378.013878
380.176735
383.377551
385.576327
388.045714
390.424490
393.184082
395.847755
398.926122
402.212653
406.880000
409.116553
410.807120
412.414785
413.924399
415.432063
416.968435
418.749977
420.406984
422.058503
423.737143
425.630159
427.203039
429.002540
430.986984
432.944762
434.904444
437.458730
439.302540
441.243492
442.919683
444.276508
446.589841
448.467755
450.221270
451.845986
453.876236
455.575873
457.346531
459.351111
461.264444
463.050794
464.773333
466.576825
468.162540
470.053333
472.373333
474.227937
476.166349
