0.194830
6.822721
8.104354
9.446349
10.700635
11.928753
13.306621
14.539161
16.041610
17.482766
18.955918
20.340952
21.735238
23.148254
24.574603
26.030476
27.940000
29.620317
30.915918
32.269796
33.549932
34.825170
36.340363
37.653787
39.049796
40.319184
41.786803
43.262449
44.696190
46.188571
47.790476
49.352063
50.892245
52.404082
53.751429
55.262041
56.759592
58.152653
59.635692
61.067302
62.464535
63.839683
65.221383
66.736190
68.166122
69.635102
71.099592
72.719184
74.485714
75.960816
77.391383
78.934785
80.461224
81.877143
83.389705
84.899184
87.138776
88.687937
91.126939
92.830476
94.460408
95.978776
97.631293
99.360952
101.421905
103.045306
104.761633
106.462177
108.608571
110.319184
111.892245
113.583220
115.292358
116.830612
118.479955
119.945170
121.797460
123.415238
125.177460
126.534104
128.542313
130.520680
132.272630
133.631043
135.548980
137.103673
138.586349
140.081270
141.566667
142.955238
145.222177
146.886259
148.449206
149.940272
151.556463
153.283946
154.673197
156.097778
157.445306
158.841587
160.130748
161.671837
163.023492
164.481361
165.844762
167.330340
168.688980
170.222857
171.668980
173.215646
175.707483
177.640000
179.618367
181.523537
183.171746
185.580000
187.542494
189.620000
192.320000
193.595011
195.064263
196.291655
197.680408
199.147075
200.419184
201.744626
203.048254
204.438730
205.788571
207.219592
208.653016
210.103810
211.505397
212.897143
214.334603
215.720000
217.113152
218.623673
220.148299
221.654558
223.158503
224.635238
226.237370
227.678776
229.208571
230.753469
232.227891
233.860907
235.333605
236.875510
238.392744
239.841633
241.462948
242.971927
244.452200
245.982313
247.520000
249.014966
250.593787
252.073424
253.704989
255.321633
257.106122
258.904762
260.448571
262.265760
263.980045
265.743401
268.045351
269.551655
272.048299
273.840317
275.477551
276.957823
278.442857
280.265986
282.431927
284.262177
286.073741
287.904762
290.291973
292.003810
293.562222
295.125714
296.915556
298.605760
299.962857
301.529116
303.550794
305.318730
307.082857
308.518730
310.254603
311.766667
313.200635
314.652381
316.316190
317.713016
319.912698
321.614422
323.460000
324.922721
326.645714
328.235374
329.816145
331.364580
332.897778
334.385714
336.001633
337.469388
338.982041
340.520408
342.078367
343.482857
345.053878
346.572245
348.997551
351.060000
352.945714
354.724490
356.804082
358.727755
360.760000
362.652653
365.360000
367.116553
368.627120
370.020000
371.244399
372.712063
374.048435
375.400000
376.826984
378.098503
379.597143
381.390159
382.600000
383.822540
385.326984
386.824762
388.484444
390.698730
392.042540
393.543492
394.760000
395.916508
397.389841
398.827755
400.101270
401.365986
403.016236
404.615873
406.160408
407.440000
408.044444
409.320000
410.686667
412.180000
413.502540
415.173333
417.013333
418.307937
420.146349
