0.234830
2.042721
3.244354
4.746349
6.140635
7.448753
8.726621
9.939161
11.101610
12.242766
13.380000
14.500952
15.595238
16.788254
17.954603
19.090476
21.260408
22.980317
24.175918
25.409796
26.889932
28.185170
29.480363
30.793787
32.029796
33.259184
34.406803
35.542449
36.716190
37.848571
39.150476
40.852063
42.092245
43.384082
44.631429
45.942041
47.639592
49.012653
50.275692
51.567302
52.884535
54.159683
55.401383
56.636190
57.946122
59.255102
60.579592
61.979184
63.445714
64.800816
66.151383
67.594785
69.101224
70.637143
72.129705
73.879184
75.938776
78.347937
81.166939
82.830476
84.360408
85.998776
87.731293
89.540952
91.927302
93.685306
95.761633
97.642177
100.068571
101.959184
103.792245
105.563220
107.152358
108.790612
110.619955
112.365170
114.212381
115.995238
117.637460
119.234104
121.302313
123.540680
125.352630
127.084172
129.168980
130.803673
132.426349
133.961270
135.686667
137.195238
139.482177
141.186259
143.029206
144.560272
146.256463
148.003946
150.033197
151.717778
153.285306
154.861587
156.370748
157.911837
159.403492
160.941361
162.464762
164.030340
165.528980
167.122857
168.768980
170.455646
173.327483
175.785170
178.198367
180.480000
182.920000
185.403220
187.880000
190.417460
194.011020
195.395011
196.844263
198.051655
199.360000
200.627075
201.959184
203.204626
204.368254
205.678730
207.048571
208.419592
209.753016
210.980000
212.165397
213.397143
214.754603
215.991429
217.273152
218.643673
220.008299
221.320000
222.638503
223.895238
225.237370
226.578776
227.868571
229.193469
230.487891
231.900907
233.273605
234.635510
236.012744
237.461633
238.962948
240.371927
241.672200
243.042313
244.340499
245.734966
247.093787
248.373424
249.724989
251.021633
252.586122
254.564762
256.068571
257.785760
259.620045
261.303401
263.305351
265.491655
268.188299
269.880317
271.437551
272.977823
274.782857
276.445986
278.831927
280.702177
282.793741
284.744762
287.411973
289.363810
291.182222
293.005714
294.915556
296.705760
298.422857
300.109116
302.130794
304.078730
305.942857
307.738730
309.714603
311.386667
313.020635
314.552381
316.356190
317.933016
320.252698
322.014422
323.798095
325.442721
327.205714
328.935374
331.076145
332.644580
334.237778
335.785714
337.381633
338.969388
340.482041
342.040408
343.600000
345.162857
346.833878
348.572245
351.357551
354.016327
356.245714
358.420000
360.804082
363.147755
365.686122
368.472653
372.694694
376.356553
377.900000
379.120000
380.524399
381.692063
382.848435
384.169977
385.706984
386.918503
388.240000
389.870159
391.223039
392.802540
394.526984
396.284762
398.184444
400.638730
402.362540
404.203492
405.559683
406.716508
408.169841
409.687755
411.081270
412.465986
413.876236
415.415873
417.000408
418.491111
419.960000
421.450794
422.926667
424.476825
426.002540
427.593333
429.593333
431.607937
433.006349
