0.194830
3.142721
5.224354
6.606349
7.980635
9.408753
10.866621
12.119161
13.561610
14.882766
16.255918
17.580952
19.035238
20.668254
22.174603
23.550476
25.440408
27.140317
28.455918
29.849796
31.249932
32.585170
34.220363
35.533787
36.989796
38.399184
39.766803
41.202449
42.616190
44.048571
45.510476
46.972063
48.372245
49.864082
51.171429
52.702041
54.459592
55.972653
57.695692
58.987302
60.364535
61.699683
63.081383
64.456190
65.926122
67.335102
68.839592
70.339184
71.925714
73.240816
74.651383
75.894785
77.341224
78.857143
80.389705
81.919184
83.698776
85.680000
87.606939
89.190476
90.600408
91.978776
93.371293
94.920952
96.887302
98.225306
99.441633
100.962177
102.688571
104.319184
105.912245
107.503220
109.032358
110.530612
112.319955
113.905170
115.357460
116.955238
118.417460
119.940000
121.742313
123.540680
125.052630
126.451043
128.248980
129.623673
131.166349
132.701270
134.106667
135.595238
137.782177
139.706259
141.289206
142.740272
144.156463
145.643946
147.173197
148.597778
149.985306
151.421587
152.810748
154.331837
155.603492
157.041361
158.444762
159.840000
161.268980
162.582857
164.108980
165.715646
168.127483
170.425170
172.438367
174.403537
176.551746
179.043220
181.162494
183.600000
186.851020
188.235011
189.624263
190.851655
192.220408
193.607075
194.859184
196.164626
197.428254
198.818730
200.148571
201.559592
203.013016
204.363810
205.745397
207.097143
208.494603
209.851429
211.133152
212.523673
213.948299
215.354558
216.718503
218.115238
219.477370
220.878776
222.220000
223.633469
225.047891
226.520907
227.953605
229.335510
230.710975
232.161633
233.662948
235.131927
236.512200
237.922313
239.240499
240.694966
242.133787
243.493424
244.964989
246.441633
248.266122
250.244762
251.788571
253.405760
255.200045
256.663401
258.445351
260.371655
262.228299
263.760317
265.377551
266.800000
268.282857
269.740000
271.491927
273.302177
275.213741
276.884762
278.731973
280.323810
281.782222
283.425714
285.115556
286.825760
288.302857
289.869116
291.750794
293.498730
295.040000
296.398730
298.054603
299.566667
301.020635
302.532381
304.096190
305.613016
307.772698
309.654422
311.100000
312.682721
314.360000
315.595374
316.996145
318.424580
319.917778
321.205714
322.761633
324.189388
325.562041
326.920408
328.358367
329.802857
331.233878
332.892245
335.677551
337.976327
340.185714
342.144490
344.384082
346.520000
348.706122
351.332653
354.454694
356.160000
357.567120
359.054785
360.404399
361.672063
363.168435
364.489977
365.846984
367.258503
368.577143
370.090159
371.443039
372.922540
374.346984
375.984762
377.624444
379.758730
381.262540
382.903492
384.099683
385.536508
387.060000
388.327755
389.580000
391.045986
392.436236
393.900000
395.360408
396.700000
397.704444
399.230794
400.586667
401.696825
403.002540
404.393333
406.333333
407.967937
409.466349
