5.648299
18.842721
20.244354
21.446349
22.920635
24.148753
34.126621
35.419161
36.881610
38.242766
39.595918
41.060952
42.515238
44.008254
45.509206
47.050476
48.900408
50.860317
52.335918
53.849796
55.329932
56.645170
58.140363
59.413787
60.969796
62.339184
63.766803
65.162449
66.656190
68.128571
69.710476
71.432063
72.972245
74.484082
75.911429
77.442041
78.960000
80.512653
81.995692
83.407302
84.824535
86.219683
87.561383
89.036190
90.506122
91.995102
93.519592
95.059184
96.805714
98.260816
99.691383
101.274785
102.901224
104.537143
106.089705
107.679184
109.778776
111.727937
113.446939
115.130476
116.680408
118.478776
119.991293
121.600952
123.380000
124.885306
126.481633
128.062177
130.228571
131.919184
133.472245
135.043220
136.732358
138.130612
139.699955
141.245170
142.877460
144.475238
145.917460
147.414104
149.242313
151.020680
152.592630
154.031043
155.908980
157.543673
159.026349
160.501270
162.106667
163.715238
165.842177
167.526259
169.169206
170.760272
172.496463
174.143946
175.733197
177.297778
178.745306
180.201587
181.670748
183.111837
184.563492
186.041361
187.544762
189.110340
190.608980
192.102857
193.648980
195.455646
198.067483
200.340000
202.438367
204.620000
206.700000
209.023220
211.282494
213.620000
216.600000
218.075011
219.684263
220.931655
222.360408
223.747075
225.160000
226.584626
227.988254
229.538730
231.008571
232.419592
233.833016
235.203810
236.565397
237.997143
239.434603
240.831429
242.193152
243.603673
245.068299
246.474558
247.898503
249.315238
250.777370
252.218776
253.668571
255.033469
256.487891
257.960907
259.373605
260.735510
262.092744
263.561633
265.042948
266.631927
268.072200
269.562313
271.000499
272.474966
273.933787
275.373424
276.884989
278.341633
279.846122
281.664762
283.048571
284.760000
286.700045
288.423401
290.605351
292.511655
294.488299
296.120317
297.717551
299.277823
300.942857
302.365986
304.211927
305.822177
307.653741
309.124762
311.271973
312.943810
314.542222
316.105714
317.875556
319.525760
320.882857
322.509116
324.390794
326.018730
327.642857
329.158730
331.094603
332.726667
334.140635
335.652381
337.316190
338.973016
341.032698
342.834422
344.578095
346.182721
347.985714
349.595374
351.196145
352.764580
354.257778
355.825714
357.381633
358.969388
360.422041
361.940000
363.438367
365.042857
366.693878
368.432245
371.177551
373.716327
375.680000
377.904490
380.024082
382.527755
384.346122
386.632653
389.400000
391.580000
392.847120
394.254785
395.404399
396.832063
398.428435
399.709977
401.166984
402.460000
403.920000
405.410159
406.883039
408.442540
410.066984
411.724762
413.464444
415.778730
417.202540
418.743492
420.079683
421.576508
423.009841
424.407755
425.801270
427.165986
428.836236
430.400000
431.800408
433.331111
434.364444
435.830794
437.126667
438.676825
439.062540
440.793333
442.873333
444.487937
446.026349
