0.234830
2.042721
3.244354
4.486349
6.260635
7.528753
8.946621
10.219161
11.641610
12.962766
14.315918
15.700952
17.015238
18.308254
19.594603
20.870476
22.840408
24.100317
25.335918
26.689796
28.509932
29.665170
31.000363
32.353787
33.729796
35.159184
36.466803
37.762449
39.156190
40.488571
41.950476
43.332063
44.712245
46.184082
47.491429
48.902041
50.719592
52.192653
53.595692
54.907302
56.244535
57.579683
58.881383
60.196190
61.546122
62.895102
64.439592
66.039184
68.017143
69.860816
71.311383
73.054785
74.761224
76.477143
78.049705
79.939184
82.558776
84.500000
87.086939
88.750476
90.260408
91.818776
93.551293
95.400952
97.607302
99.565306
101.341633
103.022177
105.608571
107.279184
108.880000
110.463220
112.012358
113.490612
115.159955
116.745170
118.657460
120.395238
121.957460
123.434104
125.662313
127.680680
129.412630
130.911043
132.888980
134.443673
135.946349
137.401270
138.906667
140.395238
143.062177
144.686259
146.349206
147.960272
149.576463
151.163946
152.740000
154.357778
155.705306
157.121587
158.520000
160.071837
161.363492
162.761361
164.144762
165.590340
166.908980
168.322857
169.808980
171.455646
174.527483
176.965170
179.440000
182.163537
185.111746
187.963220
190.800000
193.557460
197.551020
199.155011
200.564263
201.711655
203.080408
204.467075
205.699184
207.044626
208.368254
209.758730
211.168571
212.559592
213.953016
215.303810
216.705397
218.117143
219.594603
220.951429
222.313152
223.663673
224.988299
226.294558
227.638503
228.915238
230.277370
231.578776
232.868571
234.233469
235.527891
236.800907
238.173605
239.475510
240.772744
242.160000
243.442948
244.671927
245.932200
247.182313
248.440499
249.740000
251.033787
252.233424
253.480000
254.760000
256.546122
258.724762
260.508571
262.285760
264.240045
266.103401
268.665351
271.011655
273.628299
275.380317
276.937551
278.477823
280.322857
282.265986
284.439637
286.422177
288.473741
290.444762
293.131973
295.003810
296.682222
298.345714
300.315556
302.025760
303.462857
305.089116
307.230794
309.098730
310.842857
312.418730
314.074603
315.566667
317.060635
318.452381
320.132381
321.713016
324.232698
325.934422
327.520000
329.022721
330.540000
332.255374
333.936145
335.324580
336.877778
338.305714
339.741633
341.209388
342.542041
343.980408
345.398367
346.802857
348.333878
349.952245
352.897551
355.556327
358.225714
360.724490
363.584082
366.167755
368.920000
371.560000
375.594694
378.616553
380.087120
381.134785
382.104399
383.692063
385.108435
386.549977
388.006984
389.538503
391.077143
393.210159
394.463039
396.082540
397.726984
399.464762
401.364444
404.138730
405.682540
407.183492
408.479683
409.896508
411.429841
412.727755
414.161270
415.525986
416.996236
418.515873
419.880408
421.380000
422.724444
424.240000
425.406667
426.720000
428.082540
429.893333
431.693333
434.267937
436.346349
