0.194830
2.702721
4.827891
6.626349
8.200635
10.108753
11.666621
13.239161
15.101610
16.602766
18.135918
19.860952
21.615238
23.148254
24.754603
26.330476
28.060408
29.900317
31.435918
33.049796
35.009932
36.325170
38.180363
39.733787
41.369796
42.959184
44.466803
45.982449
47.776190
49.268571
50.790476
52.412063
54.052245
55.944082
57.331429
58.982041
60.699592
62.472653
64.035692
65.807302
67.404535
69.059683
70.681383
72.436190
74.126122
75.755102
77.459592
79.139184
81.085714
82.580816
84.231383
85.994785
87.861224
89.737143
91.469705
93.259184
95.358776
97.187937
99.386939
101.310476
102.940408
104.658776
106.311293
107.980952
109.907302
111.601224
113.541633
115.282177
117.648571
119.539184
121.312245
123.203220
124.892358
126.710612
128.739955
130.585170
132.497460
134.095238
136.217460
138.034104
139.962313
141.900680
143.692630
145.191043
147.388980
149.063673
150.686349
152.381270
154.186667
155.895238
157.962177
159.686259
161.489206
163.020272
164.756463
166.603946
168.273197
169.917778
171.545306
173.141587
174.790748
176.531837
178.223492
179.981361
181.664762
183.350340
184.968980
186.722857
188.488980
190.435646
193.227483
195.885170
198.138367
200.763537
203.691746
206.263220
209.062494
211.720000
215.551020
217.395011
219.124263
220.691655
222.420408
224.087075
225.659184
227.264626
228.728254
230.518730
232.108571
233.699592
235.333016
236.863810
238.425397
239.977143
241.534603
243.071429
244.653152
246.363673
247.928299
249.594558
251.198503
252.795238
254.557370
256.078776
257.628571
259.293469
260.887891
262.440907
264.053605
265.635510
267.312744
268.841633
270.502948
272.103855
273.732200
275.342313
276.920499
278.554966
280.161361
281.800272
283.384989
285.001633
286.906122
289.164762
290.868571
292.865760
294.680045
296.483401
298.465351
300.531655
302.848299
304.700317
306.477551
308.097823
309.822857
311.365986
313.631927
315.582177
317.873741
320.084762
323.011973
325.023810
326.862222
328.705714
330.735556
332.765760
334.482857
336.309116
338.210794
340.038730
341.882857
343.458730
345.414603
347.206667
348.940635
350.552381
352.556190
354.193016
356.352698
358.254422
359.958095
361.602721
363.465714
365.135374
366.916145
368.644580
370.357778
371.985714
373.701633
375.409388
377.102041
378.780408
380.458367
382.122857
383.833878
385.564490
388.157551
390.536327
392.845714
394.740000
397.404082
399.947755
402.106122
404.812653
408.034694
411.536553
413.327120
414.414785
415.944399
417.700317
419.388435
421.109977
422.746984
424.518503
426.117143
428.190159
429.723039
431.322540
432.906984
434.584762
436.344444
438.918730
440.582540
442.443492
444.059365
445.420000
447.569841
449.167755
450.901270
452.605986
454.296236
456.295873
458.140408
459.671111
461.324444
462.870794
464.446667
466.056825
467.422540
469.273333
471.353333
473.507937
475.386349
