0.194830
2.642721
4.004354
5.806349
7.200635
8.508753
9.926621
11.159161
12.261610
13.502766
14.675918
16.020952
17.375238
18.768254
20.154603
21.590476
23.840408
25.900317
27.115918
28.369796
29.849932
31.245170
32.700363
33.973787
35.229796
36.459184
37.686803
39.022449
40.576190
41.968571
43.390476
44.932063
46.352245
47.804082
49.171429
50.742041
52.599592
54.192653
55.735692
57.087302
58.424535
59.719683
60.961383
62.216190
63.606122
65.035102
66.459592
67.899184
69.725714
71.300816
72.911383
74.694785
76.581224
78.677143
80.549705
82.659184
85.218776
87.427937
89.806939
91.490476
93.760408
95.478776
97.251293
98.980952
101.447302
103.045306
104.741633
106.462177
109.528571
111.499184
113.292245
115.383220
117.472358
119.150612
121.099955
122.985170
125.657460
127.515238
129.417460
131.314104
133.964626
136.100680
137.912630
139.622086
142.228980
143.843673
145.566349
147.261270
149.146667
150.895238
154.202177
156.126259
158.389206
160.420272
162.396463
164.323946
166.333197
167.957778
169.445306
170.961587
172.710748
174.391837
176.183492
177.861361
179.564762
181.270340
182.948980
184.622857
186.468980
188.455646
192.387483
195.205170
198.118367
200.763537
203.751746
206.863220
210.082494
213.657460
218.531020
220.215011
221.944263
223.300000
224.740408
226.187075
227.439184
228.824626
230.140000
231.498730
232.828571
234.339592
235.753016
237.123810
238.565397
239.917143
241.334603
242.811429
244.319456
245.883673
247.368299
248.854558
250.298503
251.735238
253.237370
254.738776
256.188571
257.633469
259.127891
260.600907
262.073605
263.515510
265.072744
266.601633
268.222948
269.751927
271.292200
272.782313
274.320499
275.894966
277.473787
278.953424
280.544989
282.161633
284.286122
286.744762
288.208571
290.185760
292.140045
294.423401
297.265351
299.391655
301.848299
303.600317
305.897551
307.557823
309.402857
311.045986
313.335782
315.302177
318.034966
320.384762
323.571973
325.723810
327.766667
329.825714
332.415556
334.605760
336.402857
338.229116
341.190794
343.198730
345.082857
346.958730
349.434603
351.206667
352.980635
354.812381
356.827619
358.813016
362.312698
364.174422
366.478095
368.602721
370.565714
372.435374
374.456145
376.104580
377.757778
379.385714
381.201633
383.049388
384.682041
386.340408
388.018367
389.682857
391.533878
393.572245
397.477551
400.276327
403.145714
405.744490
409.284082
412.347755
415.906122
419.412653
424.154694
427.636553
429.207120
430.754785
432.264399
433.912063
435.508435
437.009977
438.526984
439.998503
441.437143
443.170159
444.543039
446.142540
447.906984
449.844762
451.924444
455.138730
456.842540
458.663492
460.179683
461.696508
463.289841
464.967755
466.441270
468.005986
469.576236
471.175873
472.860408
474.471111
476.104444
477.710794
479.306667
481.156825
482.907619
484.813333
486.913333
489.047937
491.066349
