0.194830
2.582721
3.804354
7.026349
8.240635
9.468753
11.246621
12.779161
14.401610
15.942766
17.435918
19.060952
20.635238
22.248254
23.854603
25.550476
27.400408
28.660317
29.955918
31.509796
33.889932
35.165170
37.060363
38.587574
40.169796
41.659184
43.266803
44.782449
46.396190
47.868571
49.390476
51.052063
52.512245
54.124082
55.591429
57.162041
58.739592
60.332653
61.915692
63.427302
64.964535
66.499683
67.841383
69.476190
71.066122
72.495102
74.039592
75.579184
77.345714
79.020816
80.548299
82.434785
84.161224
85.837143
87.569705
89.439184
91.538776
92.987937
95.146939
96.630476
98.120408
99.618776
101.120000
102.720952
104.627302
106.385306
108.101633
109.782177
111.808571
113.359184
114.820000
116.520000
118.212358
119.660000
121.319955
122.965170
124.697460
126.475238
128.117460
129.614104
131.462313
133.160680
134.892630
136.411043
138.346939
139.923673
141.426349
143.041270
144.806667
146.115238
148.682177
150.426259
152.029206
153.600272
155.060000
156.543946
158.053197
159.597778
161.005306
162.441587
163.890748
165.311837
166.783492
168.321361
169.784762
171.290340
172.708980
174.182857
175.708980
177.475646
180.447483
182.420000
184.398367
185.960000
188.240000
190.263220
192.522494
194.817460
197.471020
199.095011
200.704263
202.131655
203.640408
205.107075
206.679184
208.244626
209.668254
211.278730
212.868571
214.359592
215.893016
217.383810
218.825397
220.377143
221.914603
223.331429
224.873152
226.343673
227.868299
229.394558
230.778503
232.175238
233.697370
235.238776
236.688571
238.213469
239.647891
241.060907
242.593605
244.035510
245.372744
246.681633
248.422948
249.991927
251.332200
252.802313
254.180499
255.774966
257.113787
258.553424
259.984989
261.441633
262.846122
264.284762
265.600000
267.245760
269.220045
270.920000
272.685351
274.131655
276.328299
277.920317
279.417551
280.877823
282.322857
283.905986
285.771927
287.662177
289.520000
291.124762
293.011973
294.643810
296.202222
298.025714
299.835556
301.485760
303.002857
304.689116
306.720000
308.378730
309.962857
311.478730
313.194603
314.686667
316.260635
317.832381
319.496190
321.093016
323.252698
324.934422
326.578095
328.062721
329.625714
330.760000
332.556145
334.004580
335.397778
336.985714
338.501633
340.029388
341.482041
342.940408
344.438367
345.902857
347.513878
349.212245
352.357551
354.376327
356.520000
358.144490
360.524082
362.600000
364.780000
366.880000
369.534694
372.476553
374.207120
375.494785
376.824399
378.492063
380.108435
381.689977
383.426984
385.078503
386.677143
388.770159
389.960000
391.562540
393.246984
395.004762
396.944444
399.738730
401.382540
403.103492
404.539683
405.976508
407.609841
409.247755
410.580000
411.985986
413.576236
415.100000
416.440408
418.080000
419.424444
421.230794
422.786667
424.236825
425.842540
427.333333
429.373333
430.887937
432.786349
