0.194830
2.762721
3.964354
7.446349
8.720635
10.108753
11.506621
12.979161
14.361610
15.842766
17.175918
18.700952
20.255238
21.844762
23.434603
24.970476
27.100408
29.480317
30.855918
32.249796
33.649932
35.025170
36.480363
37.913787
39.389796
40.838367
42.346803
43.822449
45.476190
46.837143
48.470476
50.112063
51.552245
53.264082
54.671429
56.262041
57.999592
59.592653
61.075692
62.467302
63.844535
65.179683
66.621383
68.056190
69.706122
71.255102
72.759592
74.459184
76.505714
78.080816
79.551383
81.254785
82.901224
84.617143
86.169705
87.859184
90.098776
92.367937
95.026939
96.670476
98.300408
99.938776
101.671293
103.480952
105.587302
107.925306
109.541633
111.342177
114.028571
115.899184
117.672245
119.563220
121.272358
122.970612
124.979955
126.825170
128.877460
130.695238
132.517460
134.314104
136.722313
138.720680
140.652630
142.271043
144.368980
146.043673
147.766349
149.601270
151.306667
152.815238
155.682177
157.406259
159.229206
160.920272
162.596463
164.303946
165.993197
167.637778
169.185306
170.721587
172.250748
173.871837
175.403492
176.981361
178.624762
180.301361
181.788980
183.382857
185.048980
186.975646
190.327483
192.925170
195.598367
198.103537
200.911746
203.563220
206.362494
209.377460
213.451020
214.995011
216.604263
217.871655
219.400408
220.827075
222.279184
223.684626
225.068254
226.618730
228.048571
229.539592
231.033016
232.403810
233.925397
235.457143
237.074603
238.551429
240.053152
241.603673
243.088299
244.674558
246.138503
247.615238
249.252109
250.798776
252.348571
253.853469
255.407891
256.960907
258.433605
259.875510
261.132744
262.500000
264.622948
266.071927
267.552200
269.062313
270.620499
272.134966
273.813787
275.360272
276.904989
278.581633
280.306122
282.024762
283.528571
285.245760
287.120045
288.783401
291.185351
293.491655
296.048299
297.620317
299.337551
300.897823
302.642857
304.465986
306.811927
308.762177
310.933741
313.144762
315.851973
317.743810
319.542222
321.605714
323.935556
325.785760
327.502857
329.369116
331.690794
333.738730
335.602857
337.278730
339.334603
341.166667
342.780635
344.692381
346.572381
348.513016
351.092698
352.894422
354.798095
356.442721
358.245714
359.995374
361.736145
363.404580
365.117778
366.745714
368.301633
370.009388
371.502041
373.080408
374.658367
376.222857
377.873878
379.852245
383.037551
385.760000
388.365714
390.864490
393.704082
396.607755
399.146122
402.140000
405.900000
408.476553
410.067120
411.254785
412.624399
414.112063
415.588435
416.969977
418.606984
420.178503
421.717143
423.950159
425.483039
427.102540
428.806984
430.784762
432.784444
435.778730
437.522540
439.023492
440.499683
442.076508
443.649841
445.247755
447.081270
448.545986
450.436236
452.035873
453.440408
455.091111
456.744444
458.270794
459.546667
460.940000
462.142540
463.953333
465.940000
467.487937
469.246349
