0.254830
2.402721
3.744354
5.366349
7.161270
8.688753
10.066621
11.559161
12.981610
14.502766
16.015918
17.460952
18.995238
20.448254
21.934603
23.390476
25.240408
26.940317
28.275918
29.709796
31.109932
32.485170
34.040363
35.573787
36.949796
38.479184
40.026803
41.402449
42.936190
44.308571
45.790476
47.272063
48.652245
50.064082
51.331429
52.742041
54.199592
55.572653
56.935692
58.227302
59.560000
60.979683
62.321383
63.616190
65.046122
66.435102
67.919592
69.519184
71.285714
72.740816
74.191383
75.654785
77.121224
78.697143
80.149705
81.679184
83.658776
85.040000
87.306939
88.930476
90.460408
91.858776
93.300000
94.660952
96.667302
97.845306
99.521633
101.022177
103.168571
105.000000
106.580000
108.123220
109.672358
111.090612
112.759955
114.260000
115.917460
117.655238
119.157460
120.654104
122.382313
124.160680
125.712630
127.071043
129.026939
130.543673
132.006349
133.481270
134.986667
136.515238
138.762177
140.486259
142.069206
143.560000
145.016463
146.683946
148.113197
149.517778
150.845306
152.161587
153.490748
154.851837
156.100000
157.401361
158.684762
159.990340
161.288980
162.602857
163.948980
165.435646
167.487483
169.560000
171.720000
173.903537
175.780000
178.163220
180.902494
183.577460
186.931020
188.595011
190.284263
191.691655
193.220408
194.667075
195.999184
197.364626
198.728254
200.278730
201.808571
203.199592
204.573016
205.943810
207.305397
208.717143
210.194603
211.531429
212.953152
214.463673
215.908299
217.314558
218.758503
220.135238
221.657370
223.058776
224.368571
225.873469
227.287891
228.740907
230.133605
231.495510
232.912744
234.281633
235.602948
237.091927
238.552200
239.942313
241.300499
242.734966
244.153787
245.533424
246.964989
248.321633
249.826122
251.324762
252.548571
254.145760
255.860045
257.323401
259.345351
260.891655
263.208299
264.820317
266.337551
267.717823
269.202857
270.505986
272.131927
274.202177
276.413741
278.564762
280.991973
282.620000
284.222222
285.705714
287.415556
289.085760
290.462857
292.009116
293.750794
295.478730
297.142857
298.498730
300.474603
302.006667
303.380635
304.852381
306.396190
308.073016
310.012698
311.794422
313.420000
315.022721
316.380000
318.055374
319.496145
320.864580
322.217778
323.565714
325.001633
326.369388
327.562041
328.900408
330.258367
331.582857
333.013878
334.312245
336.257551
338.380000
340.265714
341.920000
344.204082
346.567755
348.866122
351.212653
354.774694
357.296553
358.707120
360.234785
361.444399
363.052063
364.588435
366.049977
367.546984
369.038503
370.497143
372.330159
373.803039
375.402540
376.920000
378.464762
380.144444
382.458730
383.982540
385.663492
387.079683
388.596508
390.149841
391.627755
392.920000
394.245986
395.716236
397.395873
399.080408
400.591111
402.264444
403.990794
405.326667
406.876825
408.362540
410.153333
411.693333
413.687937
415.326349
