0.274830
2.082721
4.064354
5.526349
6.740635
7.928753
9.186621
10.459161
11.701610
13.042766
14.355918
15.780952
17.175238
18.608254
19.954603
21.350476
23.240408
25.160317
26.395918
27.649796
28.989932
30.285170
31.780363
33.053787
34.349796
35.718367
37.126803
38.482449
39.896190
41.208571
42.711429
44.272063
45.672245
47.064082
48.371429
49.822041
51.339592
52.812653
54.215692
55.567302
56.804535
58.139683
59.441383
60.776190
62.126122
63.495102
64.979592
66.359184
68.085714
69.440816
70.731383
72.254785
73.561224
74.857143
76.249705
77.719184
79.938776
82.027937
84.300000
85.790476
87.320408
88.758776
90.251293
91.840952
93.927302
95.525306
97.366531
99.142177
101.868571
103.819184
105.592245
107.063220
108.732358
110.290612
112.099955
113.565170
115.537460
117.035238
118.637460
120.034104
122.022313
123.920680
125.672630
127.091043
129.128980
130.663673
132.126349
133.461270
134.986667
136.455238
139.122177
140.646259
142.069206
143.400272
144.756463
146.163946
147.513197
148.797778
150.105306
151.441587
152.830748
154.211837
155.543492
156.861361
158.124762
159.470340
160.748980
161.900000
163.268980
164.775646
167.567483
169.685170
171.580000
173.243537
175.591746
177.543220
179.502494
181.417460
184.760000
185.995011
187.484263
188.580000
189.940408
191.327075
192.719184
193.744626
194.988254
196.358730
197.628571
199.199592
200.493016
201.803810
203.225397
204.517143
205.934603
207.251429
208.593152
210.003673
211.368299
212.694558
214.078503
215.355238
216.777370
218.158776
219.548571
220.913469
222.307891
223.640907
225.053605
226.395510
227.560000
228.801633
230.522948
231.731927
233.112200
234.482313
235.660499
237.074966
238.473787
239.773424
241.160000
242.521633
244.166122
245.804762
247.248571
248.965760
250.740045
252.363401
254.705351
257.051655
259.648299
261.200317
262.737551
264.197823
265.642857
267.285986
269.251927
271.142177
273.113741
275.104762
277.931973
279.700000
281.322222
282.845714
284.635556
286.005760
287.602857
288.929116
290.870794
292.898730
294.682857
296.278730
298.483810
300.066667
301.480635
302.852381
304.416190
305.853016
308.312698
310.114422
311.480000
313.020000
314.280000
315.795374
316.756145
318.404580
319.797778
321.125714
322.501633
323.949388
325.082041
326.380408
327.700000
329.042857
330.533878
331.932245
334.557551
336.640000
338.705714
340.244490
342.464082
344.687755
346.600000
349.080000
351.734694
354.756553
356.167120
357.314785
358.764399
360.332063
361.488435
362.909977
364.346984
365.598503
367.077143
368.650159
370.120000
371.222540
372.546984
374.244762
376.164444
378.778730
380.202540
381.803492
382.860000
384.156508
385.769841
387.160000
388.380000
389.765986
390.996236
392.400000
393.420408
394.920000
395.964444
397.490794
398.846667
400.040000
401.462540
402.433333
404.453333
405.800000
406.946349
