0.194830
2.922721
4.224354
7.806349
9.160635
10.588753
12.066621
13.659161
15.121610
16.562766
17.935918
19.480952
21.015238
22.588254
24.114603
25.750476
27.820408
29.840317
31.215918
32.849796
34.349932
35.805170
37.320363
38.873787
40.449796
41.879184
43.446803
44.902449
46.556190
48.048571
49.650476
51.232063
52.792245
54.284082
55.691429
57.182041
58.959592
60.452653
61.975692
63.367302
64.984535
66.499683
67.901383
69.316190
70.946122
72.395102
74.039592
75.560000
77.825714
79.180816
80.591383
82.094785
83.641224
85.277143
86.929705
88.639184
90.598776
92.480000
94.206939
95.890476
97.420408
98.938776
100.571293
102.120952
103.767302
105.305306
106.921633
108.582177
110.868571
112.699184
114.312245
116.063220
117.712358
119.330612
121.059955
122.725170
124.437460
126.055238
127.637460
129.174104
130.922313
132.740680
134.152630
135.631043
137.688980
139.183673
140.666349
142.261270
143.766667
145.255238
147.622177
149.446259
151.129206
152.660272
154.236463
155.743946
157.253197
158.757778
160.165306
161.701587
163.130748
164.611837
166.163492
167.601361
169.104762
170.650340
172.168980
173.662857
175.248980
176.895646
179.447483
182.005170
184.598367
186.880000
189.640000
192.143220
194.922494
197.797460
201.511020
202.795011
204.364263
205.731655
207.300408
208.827075
210.239184
211.764626
213.168254
214.658730
216.148571
217.639592
219.153016
220.523810
221.925397
223.357143
224.894603
226.291429
227.873152
229.343673
230.888299
232.474558
233.978503
235.435238
236.997370
238.538776
240.128571
241.653469
243.107891
244.760907
246.313605
247.855510
249.292744
250.921633
252.562948
254.051927
255.552200
257.102313
258.600499
260.094966
261.653787
263.153424
264.704989
266.201633
267.826122
269.664762
271.428571
273.385760
275.740045
277.663401
280.005351
281.631655
283.928299
285.680317
287.357551
288.977823
290.662857
292.385986
294.531927
296.422177
298.513741
300.604762
303.171973
305.003810
306.782222
308.605714
310.535556
312.245760
314.002857
315.809116
317.750794
319.438730
320.942857
322.438730
324.414603
326.086667
327.600635
329.172381
330.976190
332.613016
334.812698
336.614422
338.498095
340.062721
341.765714
343.355374
345.016145
346.564580
348.077778
349.585714
351.201633
352.729388
354.202041
355.700408
357.258367
358.702857
360.253878
361.912245
364.377551
366.936327
368.985714
371.204490
373.564082
376.040000
378.400000
381.152653
384.794694
386.936553
388.347120
389.974785
391.204399
392.532063
394.108435
395.409977
396.606984
398.018503
399.337143
400.990159
402.283039
403.682540
405.226984
406.744762
408.504444
410.560000
412.202540
413.703492
415.099683
416.596508
418.169841
419.727755
421.161270
422.645986
424.136236
425.395873
427.060408
428.591111
430.184444
431.730794
433.226667
434.580000
436.082540
437.733333
439.633333
441.787937
443.706349
