0.194830
2.962721
4.244354
6.986349
8.260635
9.708753
11.226621
12.639161
14.141610
15.622766
17.095918
18.820952
20.595238
22.261270
23.934603
25.690476
27.680408
29.400317
30.931837
32.429796
34.309932
35.705170
37.320363
38.641361
40.169796
41.715102
43.486803
45.142449
46.796190
48.468571
50.390476
52.092063
53.752245
55.444082
57.051429
58.742041
60.759592
62.272653
64.175692
66.107302
67.484535
69.039683
70.641383
72.276190
73.906122
75.555102
77.639592
79.379184
81.905714
83.660816
85.431383
87.174785
89.081224
91.077143
93.009705
95.137551
97.857551
100.107937
102.706939
104.670476
106.700408
108.558776
110.371293
112.200952
114.334603
116.405306
118.481633
120.402177
122.948571
124.839184
126.732245
128.563220
130.372358
131.970612
133.899955
135.745170
137.677460
139.595238
141.517460
143.154104
145.382313
147.460680
149.572630
151.311043
153.388980
155.043673
156.766349
158.501270
160.386667
162.135238
164.602177
166.426259
168.289206
169.960272
171.796463
173.623946
175.313197
177.077778
178.705306
180.321587
182.030748
183.711837
185.323492
186.981361
188.604762
190.230340
191.828980
193.482857
195.208980
197.115646
200.227483
203.165170
206.058367
208.903537
211.951746
215.443220
218.422494
221.797460
226.051020
227.455011
229.144263
230.791655
232.320408
233.907075
235.319184
236.844626
238.368254
239.878730
241.468571
242.999592
244.533016
246.103810
247.745397
249.297143
250.834603
252.351429
253.933152
255.583673
257.148299
258.794558
260.398503
261.975238
263.657370
265.398776
267.008571
268.633469
270.207891
271.860907
273.553605
275.175510
276.812744
278.561633
280.422948
281.971927
283.732200
285.462313
287.180499
288.874966
290.553787
292.193424
293.924989
295.761633
297.566122
299.724762
301.528571
303.405760
305.800045
308.003401
310.605351
312.991655
316.148299
318.140317
320.037551
321.897823
323.822857
325.845986
328.191927
330.144354
332.721224
335.084762
338.091973
340.083810
341.902222
343.785714
345.975556
348.065760
349.762857
351.649116
353.830794
355.978730
357.942857
359.898730
361.858413
363.606667
365.243175
367.152381
369.158095
371.053016
373.572698
375.374422
377.278095
379.022721
380.905714
382.615374
384.456145
386.164580
387.977778
389.825714
391.581633
393.289388
395.002041
396.620816
398.278367
400.062857
401.973878
403.812245
406.797551
409.756327
412.485714
415.224490
418.064082
421.555510
424.746122
427.972653
431.994694
434.540000
436.127120
437.834785
439.444399
441.092063
442.773741
444.549977
446.366984
448.038503
449.597143
451.930159
453.463039
455.162540
456.946984
459.204762
461.604444
465.118730
467.022540
468.803492
470.239683
471.336508
473.529841
475.327755
476.881270
478.605986
480.356236
481.955873
483.640408
485.391111
487.064444
488.630794
490.346667
492.016825
493.162540
495.013333
497.213333
499.400000
500.966349
