0.794830
3.082721
4.424354
5.626349
6.820635
8.048753
9.326621
10.479161
11.741610
13.082766
14.335918
15.600952
16.855238
18.088254
19.374603
20.690476
22.660408
24.760317
26.015918
27.349796
28.769932
30.065170
31.480363
32.773787
34.069796
35.336735
36.606803
37.842449
39.316190
40.608571
42.150476
43.692063
45.092245
46.528163
47.851429
49.322041
51.199592
52.672653
54.055692
55.347302
56.604535
57.919683
59.201383
60.396190
61.746122
63.115102
64.559592
66.059184
68.031429
69.540816
71.211383
72.734785
74.221224
75.917143
77.589705
79.399184
81.498776
83.967937
86.866939
88.530476
90.160408
91.798776
93.431293
95.100952
97.167302
98.825306
100.781633
102.642177
104.948571
106.819184
108.672245
110.603220
112.392358
114.030612
115.979955
117.725170
119.837460
121.655238
123.337460
125.034104
127.282313
129.500680
131.352630
132.891043
134.946939
136.523673
137.986349
139.541270
141.246667
142.755238
145.262177
147.046259
148.769206
150.340272
152.256463
153.923946
155.240000
156.757778
158.325306
160.281587
161.690748
163.191837
164.663492
166.121361
167.624762
169.170340
170.648980
172.142857
173.788980
175.355646
178.207483
180.465170
183.018367
185.363537
187.951746
190.383220
192.962494
195.577460
199.651020
201.355011
203.244263
204.611655
206.080408
207.467075
208.759184
210.004626
211.388254
212.718730
214.108571
215.519592
216.973016
218.303810
219.705397
221.037143
222.454603
223.871429
225.273152
226.663673
228.148299
229.574558
230.918503
232.415238
233.837370
235.318776
236.748571
238.193469
239.567891
241.120907
242.493605
243.895510
245.292744
246.861633
248.322948
249.871927
251.352200
252.842313
254.300499
255.774966
257.193787
258.613424
260.064989
261.521633
263.326122
265.304762
266.908571
268.885760
271.020045
273.023401
275.545351
278.011655
281.288299
283.420317
284.937551
286.497823
288.222857
289.825986
292.011927
293.922177
295.953741
298.084762
300.651973
302.563810
304.402222
306.345714
308.395556
310.145760
311.822857
313.529116
315.810794
317.958730
319.942857
321.478730
323.538413
325.106667
326.560635
328.112381
329.736190
331.353016
333.712698
335.574422
337.438095
339.222721
341.065714
342.895374
344.936145
346.564580
348.017778
349.565714
351.101633
352.749388
354.162041
355.720408
357.240000
358.822857
360.453878
362.072245
364.417551
366.776327
369.045714
371.264490
373.804082
376.360000
378.726122
381.532653
386.074694
390.236553
391.887120
393.454785
394.944399
396.532063
398.125306
399.649977
401.286984
402.878503
404.437143
406.570159
408.123039
409.782540
411.426984
413.124762
414.924444
417.398730
419.022540
420.663492
422.079683
423.636508
425.269841
426.847755
428.361270
429.965986
431.516236
433.135873
434.860000
436.371111
438.044444
439.530794
441.066667
442.576825
444.182540
445.733333
447.813333
449.907937
451.626349
