0.374830
2.242721
3.584354
4.906349
6.140635
7.368753
8.560000
9.759161
10.681610
12.142766
13.315918
14.560952
15.935238
17.288254
18.734603
20.090476
21.680408
23.300317
24.595918
25.949796
27.689932
28.985170
30.360363
31.633787
32.749796
33.979184
35.206803
36.422449
37.696190
38.928571
40.150476
41.692063
43.012245
44.364082
45.591429
46.902041
48.319592
49.692653
50.995692
52.287302
53.604535
54.939683
56.301383
57.636190
58.906122
60.115102
61.399592
62.639184
64.205714
65.520816
66.811383
68.074785
69.721224
71.717143
73.289705
75.359184
77.658776
78.707937
82.646939
84.510476
86.300408
87.758776
89.411293
90.920952
92.807302
94.425306
96.321633
98.162177
101.548571
103.439184
105.212245
107.683220
109.332358
111.130612
113.079955
114.785170
117.197460
118.975238
120.937460
122.934104
125.062313
126.940680
128.652630
130.351043
132.528980
134.083673
135.706349
137.461270
139.366667
140.775238
144.662177
146.386259
148.249206
149.780272
151.456463
153.163946
154.720000
156.237778
157.625306
158.921587
160.190748
161.571837
162.963492
164.381361
165.684762
167.030340
168.348980
169.602857
170.968980
172.535646
176.247483
179.285170
182.078367
184.803537
187.831746
190.963220
194.162494
198.117460
204.231020
207.535011
209.644263
211.191655
212.640408
214.187075
215.519184
216.924626
218.248254
219.598730
221.088571
222.479592
223.973016
225.303810
226.625397
227.957143
229.334603
230.731429
232.193152
233.563673
234.908299
236.234558
237.458503
238.735238
240.077370
241.438776
242.708571
244.053469
245.427891
246.760907
248.073605
249.475510
250.792744
251.941633
253.222948
254.711927
256.152200
257.482313
258.660499
259.994966
261.693787
262.933424
263.824989
265.241633
266.486122
267.924762
269.028571
270.685760
272.500045
274.450204
276.765351
279.091655
281.848299
284.020317
285.697551
287.157823
288.822857
290.285986
292.131927
294.022177
296.473741
298.864762
302.031973
304.303810
306.282222
308.625714
310.975556
312.937279
314.728571
316.669116
318.630794
320.518730
322.282857
323.958730
325.934603
327.526667
329.040635
330.632381
332.556190
334.553016
337.772698
339.414422
341.138095
342.982721
344.845714
346.700000
348.316145
349.684580
351.097778
352.545714
354.141633
355.560000
356.942041
358.280408
359.758367
361.080000
362.593878
364.364490
368.257551
371.516327
374.865714
378.544490
382.064082
386.187347
389.926122
394.732653
399.674694
402.516553
404.047120
405.414785
406.884399
408.512063
409.928435
411.289977
412.606984
414.218503
415.677143
417.850159
419.383039
421.102540
422.846984
424.634286
426.864444
429.958730
431.802540
433.623492
434.800000
436.176508
437.829841
439.547755
440.881270
442.445986
443.996236
445.595873
447.280408
448.820000
449.764444
451.350794
452.926667
454.556825
455.742540
457.553333
459.513333
461.727937
464.386349
