0.154830
2.822721
4.084354
5.326349
6.520635
7.768753
9.346621
10.898322
12.401610
13.822766
15.215918
16.820952
18.275238
19.768254
21.354603
22.950476
25.020408
26.880317
28.571020
30.129796
31.389932
32.785170
34.380363
35.873787
37.389796
38.875918
40.346803
41.882449
43.536190
45.048571
46.630476
48.332063
49.812245
51.404082
52.971429
54.562041
56.319592
58.032653
59.615692
61.267302
62.784535
64.517143
65.921383
67.444762
69.146122
70.775102
72.559592
74.299184
76.305714
77.740816
79.451066
81.174785
82.921224
84.637143
86.249705
88.259184
90.338776
92.527937
94.686939
96.410476
98.000408
99.598776
101.191293
102.800952
104.727302
106.105306
107.761633
109.482177
111.868571
113.799184
115.472245
117.303220
119.052358
120.750612
122.779955
124.405170
126.272381
128.055238
129.757460
131.394104
133.262313
135.120000
136.712630
138.251043
140.308980
141.983673
143.506349
145.101270
146.766667
148.335238
150.562177
152.146259
153.689206
155.080272
156.636463
158.103946
159.573197
161.197778
162.625306
164.101587
165.570748
167.091837
168.523492
170.061361
171.604762
173.110340
174.668980
176.202857
177.748980
179.435646
182.127483
184.740000
187.078367
189.423537
192.180000
194.783220
197.522494
200.457460
204.831020
206.295011
207.944263
209.351655
211.060408
212.567075
214.099184
215.664626
217.148254
218.718730
220.228571
221.799592
223.459048
224.803810
226.265397
227.817143
229.294603
230.711429
232.353152
233.963673
235.508299
237.174558
238.638503
240.215238
241.857370
243.438776
245.088571
246.753469
248.267891
249.920907
251.613605
253.295510
254.752744
256.301633
258.162948
259.751927
261.332200
263.022313
264.480499
266.194966
267.813787
269.393424
271.044989
272.621633
274.346122
276.424762
278.088571
280.445760
282.620045
284.643401
286.985351
289.071655
291.388299
293.220317
294.877551
296.477823
298.242857
299.885986
302.231927
304.022177
306.253741
308.444762
311.191973
313.143810
314.962222
316.765714
318.655556
320.385760
322.002857
323.589116
325.490794
327.438730
329.062857
330.818730
332.814603
334.566667
336.100635
337.732381
339.476190
341.173016
343.192698
344.814422
346.500000
347.922721
349.225714
350.955374
352.596145
354.064580
355.617778
357.245714
358.641633
360.169388
361.662041
363.160408
364.658367
366.162857
367.733878
369.392245
372.097551
374.556327
376.980000
379.304490
381.884082
384.307755
387.086122
390.032653
394.494694
397.416553
399.027120
400.614785
401.784399
403.272063
404.728435
406.169977
407.426984
408.938503
410.300000
411.990159
413.423039
415.042540
416.586984
418.264762
419.844444
422.138730
423.682540
425.283492
426.739683
428.236508
429.849841
431.227755
432.781270
434.285986
435.656236
437.515873
439.080408
440.631111
442.384444
443.930794
445.606667
447.020000
448.622540
450.433333
452.433333
454.307937
455.320000
