0.194830
1.882721
3.044354
4.226349
5.460635
6.628753
7.766621
9.019161
10.201610
11.402766
12.535918
13.800952
15.015238
16.268254
17.494603
18.710476
20.500408
22.480317
23.615918
24.789796
26.049932
27.285170
28.520000
29.753787
31.049796
32.239184
33.446803
34.642449
35.936190
37.168571
38.652381
40.232063
41.592245
42.944082
44.251429
45.682041
47.359592
48.852653
50.295692
51.607302
53.004535
54.339683
55.561383
56.856190
58.226122
59.575102
61.159592
62.679184
64.542857
65.980816
67.411383
68.754785
70.381224
72.017143
73.489705
75.159184
77.258776
78.907937
81.306939
82.910476
84.440408
85.918776
87.451293
89.120952
91.127302
92.785306
94.481633
96.182177
98.428571
100.299184
101.972245
103.703220
105.372358
106.910612
108.679955
110.425170
112.317460
114.095238
115.657460
117.314104
119.382313
121.140680
122.852630
124.351043
126.268980
127.803673
129.366349
130.901270
132.666667
134.235238
136.902177
138.706259
140.429206
141.920272
143.576463
145.163946
146.873197
148.537778
150.045306
151.601587
153.170748
154.731837
156.303492
157.841361
159.304762
160.830340
162.368980
163.862857
165.468980
167.175646
169.567483
171.965170
174.060000
176.340000
178.520000
180.923220
183.322494
185.580000
189.531020
190.935011
192.444263
193.751655
195.120408
196.427075
197.719184
199.044626
200.288254
201.678730
203.088571
204.479592
205.873016
207.163810
208.445397
209.797143
211.334603
212.671429
214.053152
215.500000
216.888299
218.340000
219.718503
221.095238
222.517370
223.958776
225.368571
226.813469
228.167891
229.640907
231.093605
232.555510
233.912744
235.441633
237.002948
238.311927
239.692200
241.182313
242.600499
244.074966
245.533787
246.933424
248.424989
249.901633
251.606122
253.344762
254.948571
256.765760
258.500045
260.103401
262.265351
263.311655
266.088299
267.760317
269.417551
270.857823
272.602857
274.285986
276.311927
278.182177
280.273741
282.384762
284.871973
286.663810
288.462222
290.385714
292.395556
294.225760
295.802857
297.589116
299.650794
301.578730
303.162857
304.718730
306.734603
308.306667
309.820635
311.392381
313.356190
315.033016
317.672698
319.554422
321.198095
322.842721
324.505714
326.235374
327.996145
329.624580
331.217778
332.845714
334.341633
335.969388
337.382041
338.860408
340.458367
341.962857
343.553878
345.292245
347.837551
350.336327
352.545714
354.904490
357.484082
359.847755
362.080000
364.480000
368.394694
372.036553
373.627120
374.940000
376.024399
377.532063
378.888435
380.389977
381.906984
383.158503
384.557143
386.350159
387.743039
389.262540
390.766984
392.324762
394.064444
396.318730
397.922540
399.643492
401.039683
402.420000
403.909841
405.487755
406.961270
408.045986
409.596236
411.240000
412.640408
414.160000
415.564444
417.150794
418.606667
419.996825
421.402540
422.973333
424.873333
426.367937
428.046349
