0.194830
2.142721
3.424354
4.666349
5.980635
7.308753
8.606621
9.919161
11.261610
12.462766
13.635918
14.880952
16.175238
17.468254
18.714603
20.030476
21.800408
23.660317
24.935918
26.349796
27.649932
28.925170
30.340363
31.633787
33.049796
34.259184
35.526803
36.782449
38.096190
39.348571
40.670476
42.172063
43.592245
45.044082
46.411429
47.822041
49.659592
51.152653
52.595692
53.947302
55.324535
56.779683
58.121383
59.596190
60.986122
62.395102
64.059592
65.599184
67.825714
69.720816
71.391383
73.034785
74.781224
76.817143
78.709705
80.939184
83.438776
86.287937
89.626939
91.390476
93.320408
95.038776
97.011293
98.720952
100.747302
102.485306
104.341633
106.122177
108.888571
110.799184
112.632245
114.560000
116.172358
117.770612
119.779955
121.645170
123.657460
125.355238
126.937460
128.654104
130.882313
132.700680
134.452630
136.191043
138.408980
139.983673
141.506349
143.041270
144.706667
146.555238
149.162177
150.726259
152.689206
154.380272
156.116463
157.763946
159.453197
161.057778
162.605306
164.081587
165.530748
166.971837
168.523492
170.001361
171.464762
172.950340
174.428980
175.982857
177.468980
179.375646
182.967483
186.825170
190.098367
193.483537
197.111746
201.103220
204.842494
209.457460
214.731020
216.175011
217.584263
218.871655
220.260408
221.687075
223.039184
224.364626
225.708254
227.098730
228.408571
229.839592
231.233016
232.563810
233.925397
235.317143
236.814603
238.031429
239.493152
240.843673
242.208299
243.594558
244.898503
246.195238
247.617370
249.018776
250.348571
251.773469
253.180000
254.600907
255.993605
257.455510
258.772744
260.281633
261.722948
263.231927
264.492200
265.882313
267.120499
268.614966
270.013787
271.353424
272.764989
274.181633
275.786122
277.564762
279.168571
280.885760
282.960045
284.923401
287.925351
290.591655
293.708299
295.400317
297.437551
299.137823
301.002857
302.905986
305.291927
307.182177
309.733741
312.044762
315.091973
317.023810
318.862222
320.685714
322.695556
324.445760
325.982857
327.709116
329.950794
331.778730
333.742857
335.578730
337.794603
339.466667
340.960635
342.552381
344.676190
346.233016
348.812698
350.454422
352.358095
354.162721
355.965714
357.655374
359.556145
361.044580
362.597778
364.205714
365.581633
367.029388
368.422041
369.880408
371.338367
372.862857
374.433878
376.152245
379.637551
383.616327
386.897143
390.504490
394.104082
397.707755
401.326122
405.372653
411.394694
414.976553
416.467120
417.754785
419.004399
420.592063
421.868435
423.389977
424.766984
426.318503
427.817143
429.970159
431.423039
433.162540
434.906984
437.064762
438.904444
441.838730
443.542540
445.143492
446.459683
447.976508
449.609841
451.107755
452.541270
454.145986
455.716236
457.160000
458.640408
460.151111
461.684444
463.210794
464.726667
466.256825
468.222540
470.293333
473.073333
475.667937
477.586349
