0.194830
2.062721
3.404354
4.686349
6.100635
7.528753
8.946621
10.379161
11.621610
12.822766
14.035918
15.420952
17.035238
18.588254
20.174603
21.850476
24.320408
26.300317
27.635918
29.009388
30.409932
31.705170
33.180363
34.581361
35.849796
37.059184
38.426803
39.842449
41.256190
42.568571
43.970476
45.532063
47.004490
48.564082
49.951429
51.422041
53.159592
54.652653
56.095692
57.527302
59.124535
60.579365
62.081383
63.476190
64.986122
66.575102
68.039592
69.499184
71.385714
73.160816
74.751383
76.654785
78.821224
80.705714
82.589705
84.739184
87.878776
90.087937
92.806939
94.550476
96.920408
98.918776
100.971293
102.860952
105.033016
107.045306
109.241633
111.282177
114.148571
116.259184
118.292245
120.363220
122.472358
124.330612
126.539955
128.445170
130.797460
132.715238
134.637460
136.634104
139.422313
141.480680
143.292630
145.051043
147.508980
149.323673
151.172698
153.041270
154.786667
157.035238
160.922177
163.206259
165.469206
167.300272
169.556463
171.523946
173.573197
175.377778
176.985306
178.581587
180.330748
182.191837
183.903492
185.601361
187.324762
189.090340
190.808980
192.482857
194.448980
196.715646
200.587483
203.645170
206.318367
209.080000
212.191746
215.383220
218.342494
221.677460
225.911020
227.635011
229.844263
231.191655
232.740408
234.307075
235.619184
237.024626
238.468254
239.878730
241.348571
242.739592
244.173016
245.503810
246.925397
248.357143
249.814603
251.211429
252.733152
254.303673
255.828299
257.374558
258.878503
260.375238
262.017370
263.618776
265.108571
266.653469
268.127891
269.820907
271.353605
272.875510
274.432744
276.121633
277.742948
279.411927
280.872200
282.462313
284.040499
285.654966
287.253787
288.793424
290.344989
291.901633
294.086122
296.884762
298.388571
300.345760
302.500045
304.663401
307.745351
310.111655
313.348299
315.100317
317.637551
319.657823
321.562857
323.905986
326.451927
328.422177
330.953741
333.624762
337.031973
339.483810
341.582222
343.925714
346.335556
348.085760
350.317143
352.349116
355.130794
357.498730
359.522857
361.258730
364.063810
365.806667
367.642540
369.472381
371.736190
373.725079
377.672698
380.014422
382.398095
384.222721
386.305714
388.395374
390.496145
392.184580
393.877778
395.545714
397.421633
399.069388
400.702041
402.360408
404.038367
405.782857
407.573878
409.892245
413.757551
416.576327
419.305714
422.024490
424.924082
427.847755
430.906122
434.212653
438.794694
441.936553
443.360000
444.774785
446.264399
447.872063
449.548435
451.109977
452.626984
454.098503
455.557143
457.430159
458.843039
460.502540
462.406984
464.444762
466.564444
469.918730
471.722540
473.543492
475.059683
476.636508
478.149841
479.827755
481.261270
482.745986
484.336236
485.595873
487.340408
488.871111
490.304444
491.950794
493.766667
495.116825
496.902540
498.853333
500.900000
502.107937
503.366349
