0.194830
1.722721
2.864354
4.000000
5.060635
6.288753
7.466621
8.679161
9.841610
11.022766
12.275918
13.520952
14.695238
15.848254
17.094603
18.490476
20.300408
22.120317
23.295918
24.529796
25.769932
26.965170
28.180363
29.413787
30.549796
31.739184
32.926803
34.082449
35.376190
36.568571
37.870476
39.332063
40.612245
41.924082
43.151429
44.562041
46.219592
47.592653
48.975692
50.267302
51.644535
52.979683
54.301383
55.596190
56.926122
58.215102
59.539592
60.959184
62.805714
64.300816
65.731383
67.274785
68.941224
70.557143
72.049705
73.659184
75.818776
77.727937
80.366939
81.830476
83.180408
84.558776
86.091293
87.720952
89.627302
91.225306
92.841633
94.442177
96.668571
98.659184
100.432245
102.283220
103.892358
105.470612
107.379955
109.045170
110.777460
112.475238
114.057460
115.654104
117.742313
119.800680
121.732630
123.251043
125.068980
126.603673
128.126349
129.681270
131.306667
132.755238
134.962177
136.586259
138.269206
139.680272
141.356463
143.023946
144.713197
146.377778
147.885306
149.421587
150.910748
152.451837
154.060000
155.601361
157.104762
158.610340
160.048980
161.582857
163.148980
164.835646
167.147483
170.065170
172.658367
175.343537
178.271746
181.023220
183.782494
186.957460
191.311020
193.055011
194.764263
196.151655
197.560408
198.947075
200.219184
201.664626
203.028254
204.458730
205.908571
207.279592
208.713016
210.003810
211.345397
212.817143
214.414603
215.751429
217.213152
218.703673
220.208299
221.654558
223.138503
224.555238
226.077370
227.518776
228.928571
230.353469
231.747891
233.160907
234.613605
235.975510
237.372744
238.921633
240.362948
241.831927
243.272200
244.762313
246.140499
247.594966
249.053787
250.453424
251.904989
253.361633
254.946122
256.484762
257.828571
259.485760
261.200045
262.780000
265.185351
267.191655
269.948299
271.540317
273.097551
274.597823
276.382857
277.905986
280.371927
282.182177
284.273741
286.304762
288.871973
290.703810
292.542222
294.105714
295.935556
297.580000
299.202857
300.849116
302.790794
304.738730
306.582857
308.138730
309.954603
311.466667
313.000635
314.452381
316.056190
317.613016
319.872698
321.514422
323.218095
324.762721
326.605714
328.355374
330.176145
331.764580
333.377778
334.965714
336.581633
338.129388
339.682041
341.140408
342.658367
344.182857
345.773878
347.472245
349.977551
352.736327
355.465714
358.324490
361.464082
364.547755
367.486122
371.332653
376.114694
379.416553
380.907120
382.414785
383.884399
385.392063
386.988435
388.589977
390.246984
391.858503
393.417143
395.370159
396.863039
398.502540
400.166984
402.004762
403.864444
406.338730
408.402540
410.323492
411.780000
413.236508
414.909841
416.667755
418.201270
419.785986
421.356236
422.875873
424.500408
426.020000
427.640000
429.090794
430.706667
432.316825
433.982540
435.753333
437.893333
440.067937
441.720000
