0.174830
1.922721
3.064354
4.266349
5.460635
6.628753
7.846621
8.999161
10.221610
11.422766
12.655918
13.900952
15.115238
16.388254
17.694603
19.070476
20.960408
22.900317
24.135918
25.389796
26.649932
27.885170
29.240363
30.413787
31.729796
33.119184
34.426803
35.762449
37.216190
38.568571
40.090476
41.692063
43.132245
44.544082
45.931429
47.526122
49.299592
50.892653
52.475692
53.827302
55.204535
56.679683
58.082766
59.456190
60.906122
62.335102
63.779592
65.239184
67.265714
69.043265
70.831383
72.614785
74.621224
76.437143
78.129705
79.959184
82.198776
84.427937
87.226939
88.870476
90.360408
91.858776
93.671293
95.340952
97.307302
98.865306
100.761633
102.502177
105.048571
107.119184
109.192245
111.103220
113.032358
114.750612
117.039955
119.005170
121.157460
123.095238
124.917460
126.794104
129.122313
131.480680
133.392630
135.031043
137.088980
138.783673
140.526349
142.321270
144.206667
145.995238
148.562177
150.566259
152.449206
154.160272
155.976463
158.023946
159.853197
161.737778
163.385306
165.121587
166.810748
168.531837
170.243492
172.121361
173.784762
175.490340
177.148980
178.842857
180.608980
182.395646
185.147483
188.045170
190.538367
193.103537
195.811746
198.523220
201.122494
204.097460
208.151020
209.895011
211.664263
213.051655
214.560408
215.987075
217.359184
218.744626
220.148254
221.618730
223.068571
224.499592
225.973016
227.383810
228.845397
230.437143
232.054603
233.471429
235.053152
236.703673
238.288299
239.894558
241.438503
243.035238
244.657370
246.298776
247.948571
249.593469
251.207891
252.860907
254.553605
256.195510
257.752744
259.221633
261.122948
262.771927
264.412200
266.042313
267.660499
269.414966
271.073787
272.773424
274.444989
276.101633
277.906122
279.664762
281.288571
283.365760
285.300045
287.143401
289.445351
291.791655
295.188299
296.880317
298.557551
300.137823
302.222857
304.065986
306.491927
308.482177
310.753741
312.884762
315.631973
317.683810
319.662222
321.645714
323.755556
325.745760
327.422857
329.229116
331.590794
333.858730
335.902857
337.618730
339.554603
341.186667
342.840635
344.452381
346.316190
347.993016
350.572698
352.734422
354.858095
356.722721
358.805714
360.915374
363.056145
364.864580
366.637778
368.345714
370.261633
372.049388
373.762041
375.520408
377.218367
378.902857
380.613878
382.452245
385.217551
388.136327
390.665714
393.164490
395.944082
398.687755
401.426122
404.352653
408.874694
412.136553
413.687120
415.294785
416.744399
418.332063
419.948435
421.489977
423.126984
424.778503
426.377143
428.550159
430.103039
431.842540
433.606984
435.564762
437.624444
440.158730
442.142540
444.003492
445.539683
447.176508
448.809841
450.527755
452.101270
453.705986
455.356236
456.975873
458.620816
460.331111
462.064444
463.710794
465.346667
467.016825
468.662540
470.533333
473.253333
475.587937
477.020000
