0.194830
14.562721
15.784354
16.986349
20.080635
21.808753
23.586621
25.299161
26.981610
28.542766
30.075918
31.680952
33.155238
34.808254
36.374603
37.890476
39.700408
41.680317
43.615918
45.069796
46.469932
48.225170
50.040363
51.613787
53.389796
55.079184
56.766803
58.362449
60.096190
61.742857
63.490476
65.312063
67.092245
68.784082
70.571429
72.242041
74.139592
75.812653
77.455692
79.307302
80.904535
82.579683
84.181383
85.916190
87.706122
89.475102
91.259592
92.999184
95.065714
96.740816
98.911383
100.563492
102.261224
104.077143
106.129705
108.179184
110.490204
112.467937
114.626939
116.350476
118.200408
120.135102
121.791293
123.580952
125.547302
127.365306
129.441633
131.202177
134.568571
136.419184
138.292245
140.423220
142.392358
144.170612
146.259955
148.265170
150.377460
152.355238
154.177460
156.394104
158.442313
160.360680
162.452630
164.331043
166.508980
168.327347
170.246349
172.061270
174.166667
176.035238
178.242177
180.226259
182.009206
183.880272
185.716463
187.523946
189.413197
191.277778
193.025306
194.801587
196.630748
198.531837
200.303492
201.961361
203.724762
205.550340
207.228980
209.002857
210.968980
213.035646
216.447483
218.780000
221.138367
223.363537
225.680000
228.463220
231.202494
233.460000
238.111020
239.895011
241.584263
243.211655
244.800408
246.587075
248.259184
250.069252
251.648254
253.598730
255.208571
257.318367
258.933016
260.563810
262.365397
263.957143
265.834603
267.391429
269.093152
270.843673
272.448299
274.314558
275.918503
277.635238
279.337370
281.118776
282.808571
284.513469
286.227891
287.880907
289.693605
291.395510
293.192744
294.941633
296.582948
298.271927
300.032200
301.662313
303.380998
305.014966
306.833787
308.453424
310.244989
312.041633
313.806122
315.568571
317.388571
319.485760
321.860045
323.763401
326.245351
328.071655
330.508299
332.520317
334.277551
336.331293
338.182857
339.965986
342.191927
344.182177
346.493741
349.124762
351.611973
353.403810
355.542222
357.405714
359.395556
361.305760
363.302857
365.329116
367.330794
369.558730
371.382857
373.238730
375.394603
377.306667
379.120635
381.132381
383.036190
385.133016
387.392698
389.494422
391.478095
393.302721
395.405714
396.975374
398.956145
400.824580
402.717778
404.425714
406.401633
408.209388
409.904082
411.640408
413.398367
415.262857
417.193878
419.332245
423.317551
425.776327
428.405714
430.704490
433.384082
436.027755
438.926122
442.020000
446.274694
449.616553
451.027120
452.454785
453.984399
455.792063
457.428435
458.989977
460.706984
462.358503
463.957143
465.990159
467.483039
469.442540
471.406984
473.816190
476.484444
479.858730
481.602540
483.323492
484.879683
486.676508
488.309841
489.987755
491.621270
493.365986
495.036236
496.995873
498.660408
500.331111
502.004444
503.650794
505.486667
507.216825
508.982540
510.853333
512.893333
514.987937
516.906349
