0.194830
6.849932
8.424354
9.846349
11.423810
13.048753
14.446621
15.834966
17.361610
18.782766
20.195918
21.660952
23.155238
24.528254
25.954603
27.470476
29.420408
31.080317
32.515918
33.949796
35.329932
36.625170
38.380363
39.673787
41.289796
42.796735
44.306803
45.742449
47.316190
48.688571
50.150476
51.592063
53.032245
54.584082
56.031429
57.462041
59.019592
60.572653
62.035692
63.507302
64.949070
66.399683
67.921383
69.356190
70.926122
72.415102
73.919592
75.599184
77.405714
78.920816
80.451383
82.114785
83.901224
85.637143
87.269705
89.119184
91.538776
93.887937
96.586939
98.350476
99.920408
101.518776
103.020000
104.620952
106.567302
108.165306
109.961633
111.622177
114.068571
116.039184
117.792245
119.563220
121.332358
122.970612
124.799955
126.605170
128.477460
130.255238
131.937460
133.660000
135.742313
137.940680
139.832630
141.431043
143.548980
145.403673
147.006349
148.641270
150.406667
152.095238
154.522177
156.206259
157.749206
159.220272
160.756463
162.363946
163.953197
165.557778
167.085306
168.661587
170.370748
172.111837
173.723492
175.301361
176.884762
178.490340
180.048980
181.602857
183.188980
185.115646
188.247483
190.565170
192.838367
195.083537
197.471746
199.923220
202.360000
205.080000
208.991020
210.840045
212.484263
213.891655
215.360408
216.867075
218.279184
219.764626
221.228254
222.658730
224.048571
225.439592
226.953016
228.363810
229.785397
231.237143
232.674603
234.071429
235.533152
237.023673
238.528299
239.974558
241.438503
242.915238
244.457370
245.918776
247.388571
248.833469
250.287891
251.760907
253.273605
254.755510
256.212744
257.701633
259.042948
260.611927
262.172200
263.642313
265.080499
266.534966
268.033787
269.453424
270.924989
272.421633
274.126122
275.924762
277.368571
279.265760
281.160045
282.963401
285.385351
287.751655
291.048299
292.820317
294.377551
295.897823
297.402857
299.125986
301.231927
303.082177
305.193741
307.344762
309.971973
311.983810
313.802222
315.665714
317.675556
319.405760
321.322857
323.049116
325.130794
327.118730
329.022857
330.698730
332.694603
334.466667
336.080635
337.692381
339.456190
341.073016
343.372698
345.094422
346.578095
348.062721
349.625714
351.195374
352.796145
354.404580
356.057778
357.645714
359.301633
360.889388
362.422041
363.900408
365.478367
367.022857
368.713878
370.532245
373.455102
375.656327
378.000000
380.304490
382.864082
385.367755
387.766122
390.712653
394.714694
398.236553
399.707120
401.274785
402.484399
403.992063
405.428435
406.929977
408.646984
409.998503
411.497143
413.390159
414.903039
416.482540
418.126984
419.934286
422.184444
424.778730
426.562540
428.223492
429.579683
431.156508
432.849841
434.347755
435.841270
437.405986
438.976236
440.515873
442.140000
443.571111
445.124444
446.650794
448.206667
449.460000
451.022540
452.713333
454.733333
457.007937
459.186349
