0.234830
2.342721
3.644354
4.966349
6.220635
7.448753
8.706621
9.939161
11.201610
12.442766
13.715918
15.180000
17.575238
54.288254
58.274603
70.790476
74.580408
76.500317
78.023673
79.340000
81.449932
83.005170
84.800363
86.393787
88.129796
89.759184
91.486803
92.942449
94.696190
96.308571
97.910476
99.832063
101.432245
103.144082
104.751429
106.442041
108.219592
109.992653
111.635692
113.267302
114.864535
116.399683
118.121383
119.756190
121.266122
122.855102
124.519592
126.239184
128.065714
129.600816
131.111383
132.894785
134.301224
135.957143
137.489705
139.119184
140.938776
142.647937
144.586939
146.270476
147.880408
149.458776
150.991293
152.660952
154.487302
156.105306
157.861633
159.442177
161.728571
163.459184
164.952245
166.723220
168.272358
169.830612
171.519955
173.185170
175.017460
176.695238
178.337460
179.874104
181.802313
183.660680
185.412630
186.951043
188.888980
190.523673
191.966349
193.641270
195.306667
196.895238
198.822177
200.466259
202.169206
203.620272
205.256463
206.843946
208.373197
209.957778
211.525306
213.081587
214.610748
216.251837
217.783492
219.321361
220.864762
222.390340
223.848980
225.422857
226.948980
228.635646
231.007483
233.125170
235.218367
237.263537
239.420000
241.563220
243.822494
246.300000
249.011020
250.335011
252.044263
253.791655
255.380408
257.007075
258.619184
260.184626
261.768254
263.338730
265.028571
266.619592
268.273016
269.763810
271.345397
273.017143
274.614603
276.211429
277.753152
279.443673
281.028299
282.654558
284.298503
285.775238
287.457370
288.998776
290.628571
292.213469
293.707891
295.340907
296.933605
298.495510
299.958231
301.601633
303.162948
304.811927
306.352200
307.942313
309.500499
311.034966
312.653787
314.213424
315.804989
317.421633
319.086122
320.784762
322.368571
324.125760
325.900045
327.383401
329.125351
331.051655
332.860000
334.580317
336.217551
337.797823
339.602857
341.045986
343.171927
344.962177
346.733741
348.424762
350.871973
352.603810
354.222222
355.985714
357.615556
359.345760
360.902857
362.589116
364.410794
366.158730
367.942857
369.558730
371.394603
373.106667
374.640635
376.332381
378.036190
379.653016
381.732698
383.374422
384.978095
386.622721
388.285714
389.775374
391.356145
392.964580
394.597778
396.125714
397.721633
399.229388
400.742041
402.260408
403.780000
405.362857
407.013878
408.512245
410.937551
413.056327
415.265714
417.444490
419.664082
421.887755
424.006122
426.520000
429.734694
432.256553
433.507120
434.934785
436.304399
438.012063
439.688435
441.329977
443.086984
444.738503
446.457143
448.330159
449.760000
451.382540
453.026984
454.664762
456.304444
458.638730
460.382540
462.303492
463.859683
465.596508
467.349841
469.047755
470.641270
472.285986
474.156236
475.755873
477.440408
478.951111
480.664444
482.330794
483.986667
485.676825
487.102540
488.913333
490.833333
492.840000
493.926349
