0.194830
6.202721
8.066122
11.166349
12.480635
14.037506
15.586621
17.119161
18.681610
20.202766
21.735918
23.300952
24.835238
26.308254
27.814603
29.290476
30.940000
32.460317
33.935918
35.889388
37.589932
38.965170
40.620363
41.973787
43.649796
45.116735
46.646803
48.102449
49.636190
51.048571
52.570476
54.232063
55.632245
57.224082
58.731429
60.222041
61.979592
63.492653
64.935692
66.467302
67.864535
69.519683
70.881383
72.396190
74.026122
75.515102
77.118776
78.679184
80.565714
82.080816
83.651383
85.334785
87.081224
88.957143
90.629116
92.359184
94.618776
96.800000
99.166939
100.930476
102.620408
104.278776
105.891293
107.440952
109.314603
111.005306
112.701633
114.422177
116.528571
118.319184
120.372245
121.960000
123.272358
124.850612
126.499955
128.105170
129.917460
131.655238
133.277460
134.894104
136.742313
138.740680
140.472630
141.991043
143.748980
145.383673
146.986349
148.661270
150.246667
151.785714
154.142177
156.066259
157.829206
159.400272
160.996463
162.603946
164.393197
166.057778
167.545306
169.081587
170.650748
172.251837
173.783492
175.341361
176.904762
178.450340
179.948980
181.522857
183.188980
184.775646
187.487483
189.805170
191.718367
193.663537
195.980000
198.023220
200.120000
202.377460
205.571020
206.995011
208.604263
209.991655
211.660408
213.187075
214.559184
216.084626
217.588254
219.058730
220.608571
221.999592
223.553016
225.043810
226.505397
228.077143
229.614603
231.051429
232.573152
234.083673
235.568299
237.074558
238.518503
240.015238
241.497370
242.998776
244.468571
245.953469
247.367891
248.920907
250.393605
251.915510
253.272744
254.841633
256.342948
257.771927
259.252200
260.722313
262.160499
263.674966
265.173787
266.653424
268.184989
269.740000
271.586122
273.524762
275.068571
276.725760
278.500045
280.163401
282.465351
284.411655
287.008299
288.640317
290.080000
291.217823
293.148571
295.125986
297.311927
299.122177
300.973741
302.924762
305.051973
306.883810
308.602222
310.345714
312.115556
313.865760
315.442857
317.189116
319.230794
321.218730
323.062857
324.738730
326.554603
328.166667
329.700635
331.472381
333.056190
334.693016
336.952698
338.794422
340.738095
342.222721
343.925714
345.535374
347.376145
349.044580
350.677778
352.265714
353.901633
355.589388
357.002041
358.540408
360.118367
361.742857
363.433878
365.052245
367.897551
370.076327
372.265714
374.040000
376.444082
378.787755
380.766122
382.852653
387.234694
390.816553
392.407120
393.954785
395.484399
396.752063
398.308435
399.869977
401.466984
403.058503
404.617143
406.570159
408.123039
409.742540
411.406984
413.164762
415.044444
417.038730
418.762540
420.523492
421.919683
423.476508
425.129841
426.667755
428.221270
429.805986
431.336236
432.935873
434.500408
436.031111
437.644444
439.290794
440.866667
442.316825
443.462540
445.273333
447.373333
449.567937
451.486349
