0.454830
2.262721
3.504354
4.866349
6.220635
7.608753
8.806621
10.116644
11.461610
12.782766
14.115918
15.500952
16.915238
18.361270
19.854603
21.450476
23.180408
24.560317
25.935918
27.789796
29.169932
30.465170
31.840363
33.133787
34.500000
35.799184
37.186803
38.602449
39.996190
41.268571
42.730476
44.236190
45.632245
47.064082
48.471429
50.002041
51.619592
52.992653
54.835692
56.487302
58.024535
59.559683
61.121383
62.516190
64.066122
65.535102
67.099592
68.579184
70.685714
72.141633
73.811383
75.414785
77.161224
78.857143
80.429705
82.199184
84.298776
86.327937
88.746939
90.430476
91.980408
93.518776
94.991293
96.660952
98.967302
100.705306
102.441633
104.122177
107.188571
109.079184
111.492245
113.003220
114.292358
115.810612
117.659955
119.325170
121.117460
122.875238
124.477460
126.134104
128.062313
130.020680
131.632630
133.051043
135.088980
136.503673
137.946349
139.601270
141.206667
142.775238
145.222177
146.886259
148.509206
149.880272
151.416463
152.963946
154.453197
155.957778
157.465306
158.921587
160.370748
161.871837
163.523492
165.081361
166.674286
168.270340
169.788980
171.282857
172.888980
174.675646
178.167483
180.645170
182.698367
185.043537
187.491746
189.883220
192.282494
195.037460
199.351020
201.115011
202.784263
204.171655
205.700408
207.307075
208.639184
210.084626
211.428254
214.218730
235.317143
253.848571
280.258095
300.643810
306.765397
311.277143
354.954603
356.711429
359.533152
371.767347
374.834694
391.734558
471.799592
495.860952
503.499002
509.036735
521.074286
528.038776
552.287891
558.560907
569.273605
587.624490
611.672744
613.281633
615.582948
621.691927
631.512200
635.702313
644.620499
646.334966
647.833787
662.773424
672.244853
725.441633
775.466122
783.224762
788.808571
818.445760
831.020045
899.389252
918.825351
921.171655
949.128299
965.920317
994.257551
998.057823
1001.902857
1003.725986
1092.276735
1117.022177
1139.883265
1305.384762
1326.431973
1332.243810
1334.182222
1336.245714
1337.895556
1339.805760
1347.565714
1353.929116
1359.432381
1363.318730
1365.862857
1367.798730
1369.394603
1371.526667
1373.200635
1374.752381
1376.616190
1378.253016
1380.812698
1382.934422
1384.998095
1386.282721
1387.785714
1389.615374
1391.416145
1393.180000
1396.557778
1398.825714
1400.641633
1402.289388
1403.662041
1404.942449
1408.878367
1410.682857
1412.353878
1414.132245
1416.597551
1427.416327
1455.565714
1458.584490
1528.377143
1552.467755
1559.286122
1569.432653
1574.394694
1575.036553
1576.547120
1577.654785
1580.464399
1582.252063
1585.228435
1595.979365
1600.393651
1609.498503
1611.677143
1618.141270
1620.701270
1623.302540
1625.686984
1627.464762
1629.484444
1632.038730
1633.882540
1635.703492
1636.319683
1636.836508
1638.329841
1639.220000
1639.460000
1640.745986
1642.376236
1643.695873
1645.320408
1646.851111
1648.504444
1650.030794
1651.846667
1653.716825
1656.162540
1658.353333
1660.493333
1670.078730
1676.126349
