0.550113
3.497098
6.648624
9.293741
12.702993
16.490159
20.327211
23.995510
27.732245
30.039410
33.467347
36.114785
39.617971
42.803696
46.124263
49.160454
52.489342
55.622483
58.713016
62.292744
65.766032
69.562540
74.090136
76.975102
79.805374
82.266395
84.837778
87.442653
90.005510
92.653719
95.344603
97.851361
100.399819
103.052630
105.192585
107.542812
109.640635
112.004785
114.015646
115.831066
118.003039
119.981088
121.995646
124.275646
126.292517
128.323265
130.389819
132.501931
134.542290
136.439977
138.488730
140.229388
142.715896
145.073469
147.370635
149.837188
152.352494
156.342630
159.179592
161.938526
164.578844
167.271542
170.059546
172.627778
175.345533
178.013379
180.494717
182.846780
185.068005
187.141519
189.503265
192.634739
195.692971
198.889524
202.887800
206.482283
209.559388
214.394671
217.991111
222.970794
225.780000
229.061905
231.875011
234.638050
237.759048
240.950068
243.965714
248.029206
250.996825
253.690431
256.350159
259.076508
261.829524
264.543492
267.244853
269.987347
272.642993
275.144127
277.834240
280.278413
282.799592
285.274467
287.872744
290.219433
292.796440
295.373946
297.809841
300.190159
302.405283
304.856259
307.128730
309.393696
311.716667
314.245193
316.786145
319.127959
321.565714
323.930272
326.440454
328.868957
331.220907
333.718095
336.023492
337.976327
339.970340
342.018005
343.985692
345.747211
347.537098
349.399660
351.193946
352.987619
354.805079
357.001950
360.210053
363.060635
365.480952
368.359365
371.107619
374.341270
379.883175
384.281746
388.004762
391.094603
394.751950
397.678413
400.640952
403.511429
406.898730
410.758730
417.093968
420.444603
423.453333
426.030658
429.776190
432.701270
435.442857
438.906803
442.068571
444.869070
448.482063
451.372721
454.870930
461.447098
464.545420
467.721179
471.198050
474.556508
477.898889
480.716440
483.793923
486.834399
490.168005
492.704807
495.063492
497.167619
499.935646
503.502676
506.989138
510.208277
513.608277
516.884490
520.417460
523.230907
525.723673
528.495374
533.181905
537.069524
544.209796
547.765850
551.105850
553.990385
558.525034
562.202177
565.336327
569.608027
573.127347
576.690839
580.333741
584.719728
587.809524
591.425306
597.821995
