0.250113
3.137098
6.371746
9.873741
12.942993
16.750159
20.787211
24.575510
28.292245
32.396463
36.027347
39.834785
43.701449
47.123696
51.664263
55.060454
58.829342
62.669932
66.773016
70.132744
73.886032
77.842540
82.030136
84.795102
87.765374
90.706395
93.597778
96.562653
99.545510
102.693719
105.604603
108.671361
111.519819
114.372630
116.832585
119.342812
121.540212
123.724785
125.895646
127.871066
129.903039
131.861088
133.915941
136.055646
138.212517
140.343265
142.464909
144.571587
146.742290
148.799977
150.948730
152.809388
155.515896
158.153469
160.570635
163.077188
166.032494
170.882630
174.239592
177.558526
180.618844
183.883084
187.219546
190.235556
193.385533
196.433379
199.294717
202.006780
204.508005
206.881519
209.543265
212.547370
215.494775
218.289524
221.667800
225.006848
228.159388
232.534671
236.575556
241.450794
244.580000
247.921905
250.975011
253.818050
256.699048
259.850068
263.085714
266.909206
270.476825
273.830431
277.110159
280.476508
283.689524
286.923492
290.224853
293.827347
297.102993
300.244127
303.574240
306.816825
309.939592
313.074467
316.232744
318.959433
321.916440
324.493946
327.129841
329.650159
332.105283
334.656259
337.208730
339.773696
342.356667
345.025193
347.906145
350.667959
353.385714
355.590272
358.940454
361.728957
364.800907
367.438095
369.723492
371.736327
373.770340
375.778005
377.705692
379.467211
381.177098
382.899660
384.624649
386.447619
388.385079
390.401950
393.170159
395.760635
398.000952
400.639365
403.578095
406.621270
412.083175
416.021746
419.284762
423.154603
427.211950
430.898413
434.640952
438.811429
442.718730
446.718730
451.513968
454.764603
458.133333
460.270658
465.156190
468.841270
472.702857
476.766803
480.488571
484.569070
488.522063
492.432721
496.530930
501.727098
505.105420
508.621179
511.978050
515.336508
519.278889
522.696440
526.193923
529.994399
533.348005
536.464807
539.543492
542.487619
545.835646
549.302676
553.049138
556.628277
560.348277
563.742245
566.937460
569.710907
572.163673
574.735374
578.341905
582.529524
589.089796
592.094769
595.725850
598.990385
603.585034
607.202177
610.636735
614.568027
618.607347
622.430839
626.213741
630.439728
633.689524
638.085306
645.361995
