0.870113
4.037098
7.351746
10.345624
12.971497
16.458579
19.627211
23.275510
26.672245
30.396463
33.767347
36.134785
39.315941
42.563696
45.804263
49.020454
52.089342
55.609932
59.313016
62.592744
66.246032
70.022540
74.570136
77.355102
79.985374
82.626395
84.957778
87.462653
89.905510
92.373719
94.664603
97.311361
99.879819
102.372630
104.612585
107.142812
109.200635
111.504785
113.786939
115.931066
118.043039
120.081088
122.175646
124.455646
126.372517
128.483265
130.449819
132.451587
134.562290
136.513326
138.548730
140.309388
142.773974
145.133469
147.370635
149.757188
152.076247
158.382630
161.299592
163.998526
166.578844
169.231542
172.059773
174.567778
177.245533
179.893379
182.474717
184.986780
187.428005
189.761519
192.523265
195.594739
198.613906
201.589524
205.047800
208.026848
210.723030
214.494671
218.395556
225.470794
227.800000
231.001905
233.995011
236.898050
240.479048
243.910068
247.245714
251.222921
253.936825
256.810431
259.450159
261.976508
264.669524
267.303492
270.004853
272.687347
275.182993
277.664127
280.254240
282.618413
284.906531
287.254467
289.472744
291.619433
293.936440
296.073946
298.449841
300.710159
302.845283
305.016259
307.208730
309.373696
311.636667
314.065193
316.486145
318.933980
321.365714
323.610272
326.140227
328.508957
331.040907
333.578095
335.803492
337.916327
340.130340
342.258005
344.185692
346.227211
348.057098
349.859660
351.513946
353.287619
355.085079
356.901950
359.390159
362.640635
365.220952
368.639365
372.218095
376.081270
383.483175
387.201746
390.864762
394.134603
397.611950
400.238413
403.060476
406.291429
409.638730
412.718730
417.673968
420.164603
424.033333
427.690658
431.176190
434.001270
436.842857
440.055908
443.268571
446.629070
449.967758
453.212721
456.850930
462.787098
465.965420
469.161179
472.378050
475.756508
479.038889
481.996440
485.273923
488.234399
491.568005
494.444807
497.260698
499.747619
503.155646
506.902676
510.449138
513.488277
516.568277
519.262245
521.697460
523.750907
525.763673
528.695374
532.741905
536.989524
543.109796
546.785850
550.685850
553.930385
558.505034
561.602177
564.284082
567.522007
570.527347
573.910839
577.313741
581.359728
585.489524
590.165306
598.605986
