0.745057
3.597098
6.911746
9.153741
12.702993
16.298245
19.915737
23.068878
26.652245
30.716463
33.707347
37.094071
40.455941
43.903696
47.524263
51.000454
54.509342
58.054966
61.813016
65.452744
69.066032
73.002540
77.430136
80.095102
82.865374
85.566395
88.277778
90.922653
93.685510
96.453719
99.184603
101.851361
104.479819
107.272630
109.750340
112.482812
114.900635
117.463923
119.855646
122.131066
124.543039
126.821088
129.115646
131.615646
133.612517
135.703265
137.789819
139.831587
141.922290
143.919977
146.048730
147.789388
150.255896
152.433469
154.750635
157.188170
159.792494
164.722630
167.899592
170.998526
174.038844
177.171542
180.319546
183.227778
186.525533
189.653379
192.334717
194.946780
197.568005
200.081519
202.843265
205.714739
208.512971
211.415411
214.767800
217.801141
220.448528
224.094671
227.415556
233.350794
236.480000
240.121905
243.055011
245.903008
248.799048
251.930068
254.577143
257.889206
260.956825
263.770431
266.550159
269.316508
272.109524
274.843492
277.644853
280.427347
283.082993
285.684127
288.454240
290.938413
293.399592
295.894467
298.532744
300.759433
303.136440
305.453946
307.889841
310.250159
312.465283
314.816259
317.028730
319.313696
321.576667
324.045193
326.426145
328.707959
330.925714
333.270272
335.702922
338.028957
340.360907
342.758095
345.123492
347.276327
349.420680
351.698005
353.845692
355.867211
357.777098
359.719660
361.673946
363.607619
365.285079
367.240650
369.770159
372.740635
375.340952
378.159365
381.306032
384.781270
390.423175
394.061746
397.204762
400.654603
404.691950
407.518413
410.746984
413.711429
417.038730
420.509365
425.473492
428.464603
431.833333
434.750658
438.016190
441.321270
444.502857
447.708934
451.768571
455.589070
459.062063
462.192721
465.670930
471.107098
474.182710
477.301179
480.578050
483.916508
487.138889
490.176440
493.453923
496.834399
500.248005
503.124807
505.583492
508.147619
511.255646
514.842676
518.049138
521.348277
524.488277
527.622245
530.657460
533.210907
535.903673
538.115374
541.921905
545.849524
551.709796
554.345850
558.025850
561.110385
565.865034
569.202177
572.164082
575.568027
578.467347
581.550839
584.833741
588.419728
591.909524
596.385306
604.841995
