0.530113
3.557098
6.465873
10.093741
13.422993
16.910159
20.396803
24.155510
27.872245
31.856463
35.327347
38.914785
42.895941
47.083696
51.504263
55.000454
59.729342
64.369932
68.933016
72.832744
78.006032
82.602540
86.810136
89.289388
91.925374
94.566395
97.157778
99.862653
102.545510
105.313719
108.024603
110.711361
113.399819
116.112630
118.512585
121.122812
123.540635
126.004785
128.335646
130.491066
132.723039
134.841088
137.115646
140.155646
142.552517
144.803265
146.904909
148.971587
151.062290
153.179977
155.268730
157.149388
159.595896
162.293469
164.850635
168.137188
172.372494
178.582630
181.619592
184.518526
187.318844
190.271542
193.219546
195.987778
198.965533
201.893379
204.654717
207.266780
209.868005
212.321519
215.143265
218.234739
221.092971
224.229524
228.127800
232.566848
236.739388
243.594671
247.482963
253.310794
256.680000
260.201905
263.695011
266.838050
270.179048
273.770068
277.285714
281.249206
284.276825
287.410431
290.370159
293.456508
296.349524
300.163492
303.384853
306.567347
309.542993
312.504127
315.854240
318.798413
321.939592
324.914467
327.692744
330.299433
332.776440
335.153946
337.589841
339.990159
342.345283
344.836259
347.208730
349.653696
352.236667
355.025193
357.546145
360.227959
362.865714
365.490272
368.300454
371.008957
373.880907
376.718095
379.003492
381.116327
383.130340
385.398005
387.265692
389.087211
390.657098
392.339660
393.926973
395.493524
397.125079
398.861950
401.402032
404.440635
406.960952
410.499365
413.871619
418.081270
426.203175
430.161746
434.564762
438.214603
442.511950
446.538413
450.940952
455.611429
459.938730
464.938730
471.693968
475.284603
479.333333
483.190658
487.416190
491.541270
495.482857
499.946803
504.168571
508.629070
513.382063
517.992721
522.570930
530.427098
534.285420
538.241179
542.358050
546.156508
550.398889
554.536440
558.473923
563.114399
567.628005
571.264807
574.663492
577.887619
581.335646
586.862676
591.469138
595.628277
599.808277
604.202245
608.017460
611.430907
613.843673
616.615374
622.541905
626.729524
633.629796
637.785850
642.885850
646.670385
651.885034
655.682177
659.604082
664.008027
667.927347
672.070839
676.013741
680.779728
684.849524
689.065306
695.581995
