0.970113
4.137098
7.671746
11.173741
14.412599
18.190159
21.847211
24.915510
28.572245
32.556463
36.007347
39.814785
43.635941
47.463696
51.244263
55.000907
58.889342
62.789932
66.453016
70.092744
74.066032
78.182540
82.350136
84.875102
87.865374
90.546395
93.217778
96.062653
98.885510
101.693719
104.324603
107.191361
109.979819
112.212630
113.972585
116.440216
118.106878
120.264785
121.855646
123.731066
125.503039
127.340544
129.275646
131.515646
133.572517
135.643265
137.789819
139.951587
142.085573
144.199992
146.388730
148.209388
150.915896
153.293469
155.710635
158.157188
160.872494
167.202630
170.659592
173.958526
177.078844
180.211542
183.479546
186.347778
189.405533
192.393379
194.914717
197.186780
199.328005
201.381519
203.883265
207.407370
211.012971
214.169524
217.747800
221.206848
224.547423
228.954671
232.515556
237.370794
241.000000
244.621905
247.995011
251.218050
254.199048
257.290068
260.205714
263.824603
266.398942
269.050431
271.630159
274.408254
276.809524
279.603492
282.064853
285.027347
287.463285
290.024127
292.454240
294.638413
296.879592
298.997234
301.172744
303.219433
305.556440
307.913946
310.309841
312.650159
314.905283
317.356259
319.648730
322.113696
324.636667
327.325193
329.926145
332.533980
335.045714
337.170272
340.300454
342.688957
345.540907
348.398095
350.686984
352.396327
353.859257
355.898005
357.441897
359.113605
360.577098
362.279660
363.853946
365.587619
367.385079
369.481950
372.250159
375.380635
378.020952
381.199365
384.698095
388.621270
394.723175
397.841746
401.644762
405.494603
409.791950
413.418413
416.580952
419.551429
422.498730
426.018730
430.951323
433.904055
437.573333
441.490658
445.496190
449.061270
452.742857
456.706803
459.868571
463.789070
467.942063
471.572721
475.490930
480.847098
484.985420
488.921179
492.818050
496.676508
501.038889
504.616440
508.633923
512.374399
516.128005
519.034422
522.230476
525.647619
528.815646
532.462676
536.429138
540.368277
544.228277
548.122245
551.497460
554.490907
557.003673
559.495374
563.761905
567.969524
574.989796
578.628617
582.605850
585.650385
590.585034
594.002177
596.824082
600.622676
603.947347
607.330839
610.993741
615.219728
618.909524
623.165306
628.141995
