0.243810
1.599048
2.742585
4.198367
5.666259
6.994150
8.282857
9.583311
10.762993
12.047211
13.129524
14.288617
16.175465
18.890703
21.043991
31.050839
43.703810
49.396145
52.369524
53.394512
54.446757
55.364490
56.394785
57.353968
58.354830
59.458095
60.616871
61.515918
62.498367
63.493878
64.661224
65.533061
66.510385
67.541633
68.502041
69.514694
70.570204
71.582041
72.557732
73.795102
74.681587
75.733016
76.751429
77.820635
78.882222
79.961587
81.012063
82.082222
83.132063
84.156825
85.220952
86.292381
87.242857
88.261270
89.302222
90.289184
91.278095
92.271429
93.256463
94.200000
95.168299
96.169660
97.177551
98.203673
99.245714
100.251156
101.244807
102.275646
103.175646
104.006667
105.025306
106.120680
107.114240
108.226122
109.352290
110.409252
111.629796
113.235782
114.491973
115.631837
116.833878
118.015374
119.142857
120.324082
121.531020
122.831020
123.912245
125.067755
126.533061
127.931429
129.009796
130.053061
131.097143
132.140000
133.076735
134.023673
135.066122
136.068571
137.036327
138.037143
138.997551
139.954694
140.983673
142.082449
143.046531
143.985306
144.980816
145.910204
146.897143
147.855510
148.902041
149.912925
150.930385
151.919184
153.027120
154.035102
155.144354
156.180136
157.206803
158.287891
159.319320
160.301497
161.321633
162.374830
163.430204
164.511565
165.581224
166.580816
167.578367
168.596735
169.655102
170.704762
171.644898
172.762857
173.825170
174.836463
175.785578
176.945170
177.874694
178.972698
180.496190
182.301587
183.412381
184.710794
185.845079
187.094603
188.281587
189.635556
190.704762
191.786349
192.990476
194.561587
195.631179
196.720317
197.939683
199.142222
200.443061
201.539365
202.580635
203.693968
204.607347
205.583265
206.571837
207.534694
208.444490
209.541633
210.539184
211.474512
212.467800
213.415283
214.484490
215.406122
216.364898
217.363673
218.356327
219.403265
220.374694
221.335918
222.430431
223.727755
224.853061
226.569388
227.962041
229.131837
230.315918
231.377551
232.550612
233.683265
234.823673
236.027755
237.069388
237.980816
238.942449
239.894286
240.905714
241.844898
242.835374
243.802041
244.793469
245.705714
246.717143
247.737959
248.791020
250.000000
251.152245
252.134286
253.117551
254.205306
255.164082
256.175102
257.091020
258.086531
259.114694
260.080816
261.102449
262.111066
263.100000
264.090068
265.054966
266.005079
267.000590
268.027755
269.049751
270.079819
271.144399
272.146236
273.193560
274.186848
275.176916
276.146984
277.054150
278.006803
278.965896
279.875964
280.917324
281.900000
282.863583
283.825261
284.806939
285.817324
286.961542
288.303810
289.651565
290.807438
292.311655
293.443628
294.657868
295.699864
296.631088
297.769660
298.797143
299.885261
300.873061
302.010522
303.104127
304.169977
305.209070
306.247732
307.267574
308.378912
309.532517
310.714830
311.991020
313.049796
314.108254
315.120000
316.065170
317.130068
318.090794
319.109569
320.113515
321.094875
322.107528
323.135646
324.128934
325.133515
326.259365
327.378458
328.335964
329.331837
330.350612
331.384535
332.369116
333.373379
334.414739
335.383855
336.402313
337.412381
338.454535
339.472517
340.661587
341.680363
342.645896
343.630476
344.655057
345.644807
346.784535
347.785896
348.795964
349.843764
350.900272
351.908390
353.050703
353.923356
354.931156
355.927029
356.931293
357.935873
358.862721
359.878912
360.851882
361.772925
362.782676
363.749206
364.762177
365.780317
366.761361
367.753696
368.734739
369.776417
370.660000
371.574286
372.614059
373.777324
374.819320
375.925170
377.061361
378.319819
379.578912
381.572426
383.118549
384.424671
385.769161
387.147846
388.362041
389.537188
390.829433
392.104898
393.258730
394.611610
396.291202
397.772517
398.974240
400.032336
401.001451
402.117642
403.119002
404.076825
405.021088
406.039864
407.035737
408.014512
408.950385
409.937551
410.976327
411.929297
412.896463
413.889433
414.836599
415.792154
416.779955
417.750340
418.741043
419.722721
420.736644
421.672200
422.743220
423.747800
424.893016
425.957279
427.045714
428.103175
429.162585
430.117506
431.094014
432.039229
433.047347
434.109025
435.139410
436.080454
437.131156
438.129615
439.215147
440.274558
441.336871
442.451111
444.178549
445.945578
447.237868
448.466599
449.614739
450.843175
452.025170
453.258209
454.423991
455.747234
456.934104
458.107710
459.296327
460.627483
461.786984
462.944626
464.284558
465.534558
466.608163
467.660000
468.658367
469.600544
470.623673
471.548027
472.524626
473.531701
474.498367
475.411837
476.307075
477.383265
478.389932
479.324218
480.322993
481.296054
482.283537
483.142585
484.116599
485.215510
486.262041
487.613878
488.960680
490.746122
492.054603
493.415873
494.531655
495.618413
496.965170
498.239184
499.233469
500.553878
501.637642
502.613878
503.653333
504.580000
505.590476
506.586032
507.589206
508.609841
509.530794
510.528889
511.593016
512.565714
513.589841
514.567619
515.561270
516.600317
517.626349
518.586667
519.587302
520.595873
521.543810
522.471429
523.424762
524.446032
525.448889
526.411429
527.485079
528.466032
529.436508
530.401905
531.400000
532.420635
533.426349
534.439683
535.427619
536.402857
537.446032
538.443492
539.395873
540.360635
541.325397
542.260000
543.214603
544.159365
545.115420
546.100635
547.064966
548.110794
549.093651
550.101587
551.112381
552.165397
553.157778
554.163175
555.206349
556.217143
557.184762
558.257052
559.257778
560.123492
560.993651
561.855556
562.710522
563.613878
564.437868
565.284444
566.165533
567.009206
567.864172
568.730431
569.615692
570.512562
571.432653
572.477914
573.462540
574.447800
575.315646
576.324127
577.209388
578.363039
579.406349
580.758005
581.641995
582.476961
583.340385
584.218186
585.106259
585.927166
586.824875
587.669025
588.490113
589.302177
590.080045
590.863401
591.704807
592.532336
593.519546
594.490567
595.480363
