1.263810
2.859048
4.262585
5.698367
7.206259
8.534150
9.982857
11.403311
12.742993
14.027211
15.229524
16.368617
18.455465
20.090703
22.295918
34.190839
51.983810
53.036145
55.054921
56.054512
57.086757
58.064490
59.114785
60.133968
61.134830
62.278095
63.416871
64.375918
65.378367
66.413878
67.501224
68.553061
69.570385
70.601633
71.602041
72.614694
73.670204
74.722041
75.697732
76.855102
77.881587
78.913016
79.851429
80.860635
81.862222
82.941587
83.852063
84.822222
85.746032
86.756825
87.780952
88.820000
89.762857
90.761270
91.782222
92.769184
93.778095
94.811429
95.836463
96.840000
97.768299
98.809660
99.817551
100.783673
101.782857
102.771156
103.764807
104.695646
105.615646
106.546667
107.405306
108.460680
109.754240
110.786122
111.812290
112.809252
113.849796
115.055782
116.071973
117.071837
118.053878
119.155374
120.062857
121.104082
122.100000
123.111020
124.172245
125.287755
126.393061
127.551429
128.609796
129.573061
130.577143
131.640000
132.616735
133.563673
134.566122
135.548571
136.556327
137.577143
138.557551
139.534694
140.520000
141.522449
142.506531
143.480000
144.460816
145.450204
146.457143
147.475510
148.502041
149.512925
150.550385
151.559184
152.647120
153.675102
154.764354
155.820136
156.866803
157.967891
159.079320
160.121497
161.241633
162.294830
163.310204
164.391565
165.441224
166.480816
167.578367
168.616735
169.655102
170.684762
171.744898
172.882857
173.865170
174.816463
175.825578
176.885170
177.974694
179.132698
180.459048
182.261587
183.672381
184.690794
186.045079
187.254603
188.541587
189.795556
190.944762
192.126349
193.210476
194.361587
195.511179
196.700317
197.839683
199.011111
200.143061
201.299365
202.360635
203.433968
204.507347
205.543265
206.631837
207.634694
208.644490
209.721633
210.699184
211.694512
212.707800
213.655283
214.704490
215.626122
216.624898
217.583673
218.576327
219.543265
220.554694
221.575918
222.570431
223.567755
224.873061
226.349388
227.742041
228.771837
229.935918
231.017551
232.110612
233.101633
234.123673
235.207755
236.229388
237.160816
238.162449
239.100000
240.085714
241.004898
242.015374
242.902041
243.913469
244.865714
245.877143
246.948980
248.042041
249.280000
250.452245
251.514286
252.477551
253.565306
254.524082
255.635102
256.591020
257.626531
258.674694
259.700816
260.682449
261.691066
262.680000
263.710068
264.794966
265.865079
266.920590
267.967755
269.049751
270.099819
271.204399
272.246236
273.313560
274.366848
275.436916
276.426984
277.454150
278.486803
279.545896
280.675964
281.657324
282.676100
283.703583
284.725261
285.726939
286.757324
287.861542
288.923810
290.211565
291.407438
292.851655
293.983628
295.117868
296.199864
297.191088
298.369660
299.397143
300.445261
301.493061
302.590522
303.584127
304.669977
305.709070
306.767732
307.867574
308.958912
310.032517
311.094830
312.151020
313.189796
314.228254
315.235420
316.205170
317.230068
318.210794
319.229569
320.213515
321.174875
322.187528
323.215646
324.248934
325.213515
326.299365
327.418458
328.395964
329.431837
330.470612
331.484535
332.529116
333.533379
334.654739
335.603855
336.622313
337.632381
338.674535
339.632517
340.761587
341.840363
342.965896
343.890476
344.915057
345.904807
346.984535
347.925896
348.895964
349.863764
350.800000
351.808390
352.840000
353.783356
354.771156
355.767029
356.731293
357.755873
358.722721
359.758912
360.751882
361.732925
362.742676
363.749206
364.642177
365.640317
366.601361
367.573696
368.514739
369.516417
370.440000
371.260000
372.034059
373.117324
373.939320
375.425170
376.421361
377.419819
378.418912
379.692426
380.638549
381.584671
382.589161
383.507846
384.662041
385.637188
386.669433
387.744898
388.818730
389.831610
390.880000
391.972517
392.954240
393.932336
394.881451
395.817642
396.819002
397.776825
398.721088
399.719864
400.675737
401.674512
402.630385
403.577551
404.536327
405.549297
406.496463
407.509433
408.456599
409.392154
410.419955
411.430340
412.441043
413.462721
414.516644
415.532200
416.603220
417.647800
418.773016
419.777279
420.865714
421.943175
423.002585
423.977506
425.014014
426.059229
427.087347
428.129025
429.199410
430.180454
431.251156
432.249615
433.335147
434.454558
435.516871
436.711111
438.231293
439.905578
441.197868
442.326599
443.474739
444.643175
445.785170
446.958209
448.243991
449.367234
450.614104
451.687710
452.816327
454.067483
455.186984
456.264626
457.414853
458.554558
459.648163
460.700000
461.798367
462.820544
463.943673
464.948027
466.044626
467.091701
468.158367
469.191837
470.107075
471.183265
472.229932
473.164218
474.222993
475.196054
476.223537
477.142585
478.156599
479.295510
480.322041
481.453878
482.900680
484.506122
485.754603
487.035873
488.231655
489.338413
490.425170
491.559184
492.553469
493.693878
494.657642
495.633878
496.633333
497.581587
498.610476
499.606032
500.549206
501.569841
502.550794
503.488889
504.553016
505.525714
506.609841
507.607619
508.681270
509.720317
510.786349
511.806667
512.867302
514.015873
515.003810
516.011429
517.024762
518.086032
519.088889
520.091429
521.125079
522.146032
523.156508
524.161905
525.180000
526.220635
527.206349
528.219683
529.207619
530.202857
531.246032
532.263492
533.275873
534.300635
535.305397
536.320000
537.314603
538.319365
539.315420
540.360635
541.344966
542.370794
543.373651
544.341587
545.432381
546.445397
547.417778
548.423175
549.446349
550.457143
551.424762
552.377052
553.337778
554.203492
555.053651
555.935556
556.790522
557.593878
558.437868
559.324444
560.125533
560.909206
561.744172
562.510431
563.415692
564.352562
565.312653
566.237914
567.000000
567.867800
568.735646
569.644127
570.529388
571.383039
572.326349
573.438005
574.241995
575.116961
575.960385
576.738186
577.566259
578.447166
579.344875
580.169025
580.910113
581.702177
582.480045
583.243401
584.044807
584.892336
585.719546
586.630567
587.560363
