0.667619
2.879048
4.162585
5.280000
6.606259
7.534150
8.742857
9.763311
10.802993
11.807211
12.689524
13.688617
14.595465
17.090703
19.663991
29.812517
44.663810
45.656145
47.594921
48.454512
49.406757
50.324490
51.260000
52.113968
53.014830
54.058095
55.100000
55.955918
56.898367
57.893878
58.981224
59.933061
60.890385
61.881633
62.782041
63.774694
64.750204
65.762041
66.697732
67.815102
68.881587
69.933016
70.891429
71.900635
72.902222
73.981587
74.972063
75.966667
77.046032
78.096825
79.060952
80.080000
80.942857
81.901270
82.842222
83.789184
84.718095
85.611429
86.556463
87.500000
88.368299
89.329660
90.297551
91.243673
92.102857
93.051156
93.984807
94.975646
95.915646
96.886667
97.865306
98.960680
100.034240
101.306122
102.352290
103.389252
104.569796
105.975782
107.151973
108.211837
109.453878
110.695374
111.722857
112.904082
113.971020
115.231020
116.292245
117.387755
118.613061
120.065714
121.149796
122.133061
123.157143
124.180000
125.216735
126.143673
127.106122
128.068571
129.036327
130.017143
130.977551
131.974694
132.983673
133.902449
134.886531
135.885306
136.820816
137.730204
138.697143
139.655510
140.562041
141.492925
142.450385
143.339184
144.427120
145.435102
146.544354
147.560136
148.540000
149.647891
150.579320
151.481497
152.541633
153.614830
154.630204
155.611565
156.681224
157.620816
158.678367
159.676735
160.715102
161.724762
162.784898
163.842857
164.905170
165.856463
166.765578
167.745170
168.674694
169.592698
170.859048
172.281587
173.492381
174.630794
175.685079
176.754603
177.821587
178.915556
179.984762
180.986349
182.030476
183.061587
184.131179
185.220317
186.279683
187.471111
188.483061
189.499365
190.560635
191.613968
192.607347
193.623265
194.611837
195.554694
196.564490
197.580000
198.699184
199.734512
200.767800
201.875283
202.864490
203.786122
204.784898
205.803673
206.876327
207.823265
208.794694
209.955918
210.990431
211.987755
213.293061
214.909388
216.062041
217.131837
218.195918
219.217551
220.190612
221.261633
222.283673
223.327755
224.349388
225.280816
226.262449
227.214286
228.245714
229.164898
230.095374
230.982041
231.953469
232.865714
233.837143
234.988980
236.131020
237.500000
238.692245
239.774286
240.777551
241.865306
242.744082
243.775102
244.691020
245.640000
246.574694
247.520816
248.502449
249.491066
250.420000
251.370068
252.354966
253.305079
254.240590
255.187755
256.209751
257.159819
258.144399
259.126236
260.113560
261.086848
262.056916
263.006984
263.934150
264.886803
265.845896
266.755964
267.757324
268.780000
269.763583
270.745261
271.706939
272.717324
273.801542
274.903810
276.291565
277.207438
278.471655
279.603628
280.677868
281.679864
282.651088
283.729660
284.697143
285.760000
286.633061
287.750522
288.684127
289.789977
290.709070
291.727732
292.667574
293.678912
294.712517
295.694830
296.691020
297.649796
298.648254
299.595420
300.525170
301.490068
302.410794
303.369569
304.313515
305.234875
306.147528
307.095646
308.028934
308.933515
309.959365
311.118458
311.895964
312.851837
313.870612
314.904535
315.869116
316.813379
317.754739
318.703855
319.662313
320.612381
321.594535
322.532517
323.741587
324.760363
325.725896
326.670476
327.695057
328.684807
329.864535
330.680000
331.695964
332.743764
333.740272
334.768390
335.770703
336.623356
337.571156
338.547029
339.491293
340.435873
341.302721
342.298912
343.211882
344.052925
345.102676
346.009206
346.960000
347.880317
348.821361
349.673696
350.634739
351.676417
352.560000
353.434286
354.454059
355.577324
356.739320
357.945170
358.981361
359.999819
361.058912
362.792426
364.158549
365.464671
366.549161
367.887846
368.982041
370.277188
371.349433
372.624898
373.818730
375.131610
376.571202
378.092517
379.174240
380.272336
381.281451
382.317642
383.299002
384.256825
385.281088
386.259864
387.175737
388.094512
389.010385
389.957551
390.960000
391.889297
392.896463
393.809433
394.756599
395.672154
396.619955
397.530340
398.481043
399.442721
400.396644
401.312200
402.343220
403.387800
404.533016
405.537279
406.605714
407.723175
408.722585
409.597506
410.614014
411.679229
412.787347
413.809025
414.839410
415.820454
416.871156
417.849615
418.895147
419.954558
421.016871
422.231111
423.658549
425.225578
426.417868
427.486599
428.514739
429.563175
430.625170
431.658209
432.703991
433.747234
434.774104
435.887710
436.936327
438.027483
439.046984
439.984626
441.054853
442.154558
443.248163
444.280000
445.298367
446.240544
447.263673
448.208027
449.224626
450.191701
451.298367
452.311837
453.267075
454.263265
455.309932
456.204218
457.222993
458.096054
459.183537
460.042585
461.056599
462.135510
463.102041
464.133878
465.300680
466.866122
467.994603
469.075873
470.091655
471.058413
472.225170
473.160000
474.153469
475.153878
476.197642
477.173878
478.173333
479.120000
480.150476
481.106032
482.089206
483.069841
484.010794
484.968889
485.953016
486.925714
487.929841
488.887619
489.861270
490.860317
491.826349
492.786667
493.740000
494.715873
495.683810
496.691429
497.644762
498.686032
499.668889
500.631429
501.605079
502.546032
503.496508
504.441905
505.420000
506.400635
507.346349
508.299683
509.227619
510.142857
511.066032
511.983492
512.855873
513.740635
514.625397
515.500000
516.394603
517.279365
518.135420
519.060635
519.964966
520.910794
521.853651
522.701587
523.712381
524.665397
525.577778
526.423175
527.466349
528.417143
529.364762
530.257052
531.157778
532.003492
532.813651
533.575556
534.330522
535.013878
535.757868
536.544444
537.265533
537.989206
538.664172
539.370431
540.095692
540.992562
541.832653
542.717914
543.482540
544.287800
545.095646
546.004127
546.889388
547.643039
548.606349
550.118005
550.981995
551.716961
552.540385
553.298186
554.086259
554.747166
555.564875
556.349025
557.130113
557.842177
558.460045
559.183401
559.764807
560.492336
561.139546
561.910567
562.800363
