0.243810
1.839048
3.202585
4.938367
6.506259
7.914150
9.262857
10.663311
12.022993
13.447211
14.629524
15.848617
17.115465
19.954921
24.143991
34.992517
48.350476
55.256145
58.834921
59.934512
61.126757
62.264490
63.474785
64.493968
65.734830
66.858095
68.336871
69.383673
70.578367
71.753878
73.021224
74.233061
75.440771
76.621633
77.782041
78.914694
80.230204
81.422041
82.617732
83.955102
85.241587
86.393016
87.611429
88.860635
90.082222
91.381587
92.712063
93.842222
95.166032
96.436825
97.500952
98.672381
99.922857
101.041270
102.282222
103.369184
104.558095
105.751429
106.976463
108.200000
109.408299
110.599320
111.777551
112.803673
114.102857
115.091156
116.424807
117.495646
118.615646
119.706667
120.705306
121.940680
123.334240
125.406122
126.672290
127.949252
129.229796
130.755782
132.251973
133.511837
134.833878
136.255374
137.382857
138.724082
139.971020
141.471020
142.872245
144.127755
145.373061
147.371429
148.549796
149.773061
151.077143
152.300000
153.516735
154.703673
155.946122
157.268571
158.512653
159.757143
160.997551
162.374694
163.623673
164.942449
166.246531
167.645306
169.040816
170.070204
171.357143
172.515510
173.842041
175.132925
176.590385
177.639184
179.107120
180.515102
181.824354
183.060136
184.426803
186.007891
187.419320
188.641497
189.901633
191.314830
192.550204
193.851565
195.181224
196.340816
197.638367
198.936735
200.175102
201.364762
202.784898
204.042857
205.245170
206.636463
207.625578
208.910340
210.154694
211.252698
212.859048
214.501587
215.772381
217.230794
218.385079
219.674603
221.101587
222.455556
223.844762
225.106349
226.250476
228.221587
229.291179
230.620317
231.759683
233.353333
234.863061
236.339365
237.640635
238.973968
240.107347
241.283265
242.611837
243.754694
244.964490
246.341633
247.559184
248.614512
249.807800
250.955283
252.204490
253.306122
254.544898
255.603673
256.816327
257.903265
258.914694
260.315918
261.570431
263.037551
264.333061
266.029388
267.442041
268.731837
269.955918
271.197551
272.482449
273.661633
274.843673
276.267755
277.549388
278.760816
279.942449
281.214286
282.805714
283.804898
284.855374
285.862041
287.053469
288.145714
289.297143
290.608980
291.833061
293.240000
294.572245
295.834286
296.997551
298.265306
299.364082
300.675102
301.811020
302.906531
304.089388
305.220816
306.382449
307.591066
308.640000
309.750068
310.934966
312.005079
313.140590
314.267755
315.449751
316.539819
317.664399
318.806236
319.993560
321.166848
322.276916
323.406984
324.534150
325.686803
326.825896
328.035964
329.057324
330.216100
331.243583
332.485261
333.606939
334.803946
336.021542
337.443810
338.891565
340.267438
341.871655
343.003628
344.577868
345.799864
346.791088
348.509660
349.617143
351.045261
352.373061
353.570522
354.872381
356.229977
357.369070
358.627732
359.867574
361.198912
362.412517
363.634830
364.891020
366.049796
367.288254
368.475420
369.645170
370.830068
371.990794
373.189569
374.293515
375.454875
376.627528
377.795646
378.848934
380.033515
381.199365
382.558458
383.635964
384.831837
386.070612
387.324535
388.529116
389.673379
390.834739
391.983855
393.182313
394.312381
395.594535
396.792517
398.421587
399.440363
400.585896
401.750476
402.975057
404.204807
405.444535
406.685896
407.835964
409.103764
410.380272
411.448390
412.590703
413.743356
414.951156
416.127029
417.311293
418.475873
419.582721
420.858912
422.031882
423.032925
424.322676
425.509206
426.642177
427.820317
429.021361
430.093696
431.214739
432.376417
433.397460
434.314286
435.734059
437.317324
438.699320
440.005170
441.241361
442.539819
443.718912
445.332426
446.618549
447.889342
449.249161
450.627846
452.002041
453.377188
454.729433
456.104898
457.538730
458.951610
460.591202
462.412517
463.634240
464.792336
465.758866
467.257642
468.519002
469.616825
470.781088
472.139864
473.375737
474.614512
475.710385
476.932653
478.376327
479.609297
480.896463
482.149433
483.416599
484.572154
485.819955
487.030340
488.141043
489.162721
490.576644
492.212200
493.443220
494.727800
496.133016
497.557279
498.905714
500.483175
501.782585
502.977506
504.314014
505.679229
506.987347
508.289025
509.579410
510.700454
511.991156
513.249615
514.535147
515.834558
517.036871
518.411111
519.758549
521.485578
523.037868
524.346599
525.494739
526.903175
528.285170
529.678209
531.063991
532.347234
533.592834
535.187710
536.536327
538.067483
539.366984
540.744626
542.374853
543.674558
545.188163
546.500000
547.738367
548.860544
549.983673
551.296054
552.524626
553.871701
555.058367
556.243673
557.227075
558.483265
559.729932
560.804218
562.142993
563.116054
564.263537
565.342585
566.416599
567.655510
569.042041
570.353878
571.700680
573.426122
574.874603
576.195873
577.491655
578.838413
580.045170
581.339184
582.753469
584.073878
585.297642
586.473878
587.653333
588.761587
589.970476
591.166032
592.249206
593.449841
594.550794
595.622222
596.893016
598.085714
599.329841
600.567619
601.701270
602.820317
604.106349
605.246667
606.467302
607.715873
608.847619
610.171429
611.464762
612.986032
614.128889
615.311429
616.605079
617.786032
618.916508
620.125714
621.260000
622.440635
623.586349
624.739683
625.887619
627.002857
628.206032
629.343492
630.431746
631.540635
632.725397
633.780000
634.894603
635.999365
637.135420
638.220635
639.284966
640.450794
641.613651
642.781587
643.992381
645.165397
646.297778
647.503175
648.746349
649.817143
650.984762
652.077052
653.257778
654.263492
655.273651
656.275556
657.230522
658.221633
659.137868
660.124444
661.085533
662.049206
662.944172
663.810431
664.755692
665.852562
666.812653
667.777914
668.722540
669.847800
670.715646
671.804127
672.689388
673.683039
674.906349
676.118005
677.201995
678.116961
679.200385
680.178186
681.142585
682.147166
683.204875
684.249025
685.230113
686.102177
686.980045
687.803401
688.664807
689.752336
690.579546
691.530567
692.460363
