0.603810
2.219048
3.662585
5.078367
6.686259
8.254150
9.562857
10.923311
12.142993
13.327211
14.449524
15.548617
16.635465
17.710703
18.763991
19.890839
20.983810
22.036145
23.134921
24.194512
25.306757
26.344490
27.394785
28.413968
29.514830
30.758095
31.916871
33.055918
34.158367
35.253878
36.461224
37.493061
38.550385
39.621633
40.642041
41.694694
42.790204
44.002041
44.917732
46.475102
47.524762
48.613016
49.671429
50.800635
51.882222
53.021587
54.112063
55.122222
56.306032
57.370476
58.460952
59.532381
60.582857
61.641270
62.662222
63.709184
64.738095
65.771429
66.756463
67.780000
68.788299
69.789660
70.777551
71.723673
72.762857
73.751156
74.744807
75.755646
76.735646
77.706667
78.645306
79.720680
80.714240
82.706122
83.952290
85.069252
86.309796
87.815782
89.171973
90.319184
91.593878
92.775374
94.162857
95.384082
96.511020
97.851020
98.932245
100.167755
101.353061
102.991429
104.129796
105.153061
106.274286
107.380000
108.516735
109.543673
110.626122
111.748571
112.796327
113.857143
114.897551
115.914694
117.043673
118.122449
119.226531
120.265306
121.240816
122.250204
123.337143
124.415510
125.462041
126.532925
127.590385
128.619184
129.727120
130.795102
131.904354
133.041088
134.366803
135.947891
137.059320
138.161497
139.321633
140.574830
141.990612
143.191565
144.322449
145.420816
146.558367
147.776735
148.835102
150.024762
151.169796
152.482857
153.785170
155.036463
156.225578
157.345170
158.614694
160.092698
161.779048
164.041587
165.372381
166.570794
167.825079
168.994603
170.221587
171.415556
172.624762
173.706349
174.810476
176.001587
177.231179
178.360317
179.459683
180.771111
181.843061
183.019365
184.140635
185.393968
186.447347
187.503265
188.611837
189.614694
190.624490
191.781633
192.899184
193.854512
194.943401
196.015283
197.124490
198.126122
199.184898
200.223673
201.336327
202.243265
203.314694
204.555918
205.710431
206.847755
208.013061
209.929388
211.182041
212.331837
213.455918
214.597551
215.670612
216.781633
217.863673
219.067755
220.149388
221.160816
222.220000
223.214286
224.225714
225.184898
226.215374
227.202041
228.213469
229.185714
230.217143
231.368980
232.511020
233.980000
235.652245
236.794286
237.917551
239.065306
240.084082
241.195102
242.191020
243.226531
244.274694
245.280816
246.322449
247.391066
248.360000
249.390068
250.454966
251.465079
252.540590
253.607755
254.689751
255.699819
256.784399
257.786236
258.873560
259.966848
260.996916
262.026984
263.074150
264.086803
265.145896
266.215964
267.137324
268.196100
269.263583
270.265261
271.306939
272.337324
273.521542
274.743810
276.111565
277.407438
279.091655
280.305306
281.997868
283.139864
284.231088
285.529660
286.597143
287.785261
288.913061
290.470522
291.684127
292.899955
294.049070
295.247732
296.527574
297.718912
298.912517
300.154830
301.851020
303.029796
304.128254
305.215420
306.225170
307.370204
308.390794
309.489569
310.473515
311.554875
312.567528
313.595646
314.608934
315.673515
316.859365
318.278458
319.255964
320.351837
321.490612
322.584535
323.709116
324.793379
325.814739
326.843855
327.882313
328.932381
330.034535
331.052517
332.261587
333.380363
334.685896
335.710476
336.835057
337.984807
339.164535
340.225896
341.275964
342.423764
343.480272
344.628390
345.710703
346.763356
347.871156
348.907029
349.971293
350.995873
351.982721
353.038912
354.071882
355.032925
356.042676
357.069206
357.982177
359.060317
360.061361
361.053696
362.034739
363.036417
364.057460
365.054286
366.216236
367.397324
368.739320
370.285170
371.621361
372.899819
374.058912
376.172426
377.797098
379.124671
380.569161
381.987846
383.442041
384.737188
386.089433
387.444898
388.878730
390.331610
392.151202
393.952517
395.134240
396.212336
397.241451
398.097642
399.699002
400.656825
401.761088
402.859864
403.915737
404.934512
405.890385
406.877551
408.016327
409.069297
410.156463
411.269433
412.276599
413.252154
414.299955
415.390340
416.521043
417.542721
418.656644
419.692200
420.823220
421.907800
423.073016
424.177279
425.597143
427.143175
428.402585
429.497506
430.654014
431.859229
433.187347
434.369025
435.558821
436.600454
437.891156
438.969615
440.155147
441.214558
442.536871
443.831111
445.298549
447.376735
448.657868
449.746599
450.994739
452.163175
453.325170
454.478209
455.603991
456.767234
457.854104
459.007710
460.176327
461.387483
462.526984
463.704626
464.894853
466.314558
467.488163
468.720000
469.798367
470.820544
471.923673
472.968027
474.084626
475.151701
476.278367
477.311837
478.267075
479.403265
480.509932
481.504218
482.622993
483.576054
484.703537
485.622585
486.696599
487.795510
488.962041
490.173878
491.760680
493.586122
494.854603
496.095873
497.211655
498.358413
499.465170
500.599184
501.613469
502.793878
503.877642
504.893878
505.913333
506.881587
507.910476
508.866032
509.869206
510.889841
511.810794
512.808889
513.853016
514.905714
515.949841
516.987619
518.021270
519.080317
520.186349
521.186667
522.247302
523.355873
524.383810
525.371429
526.384762
527.426032
528.388889
529.371429
530.365079
531.366032
532.356508
533.361905
534.340000
535.300635
536.286349
537.199683
538.187619
539.122857
540.106032
541.083492
542.055873
543.000635
544.005397
544.960000
545.934603
546.899365
547.835420
548.780635
549.744966
550.770794
551.753651
552.741587
553.732381
554.745397
555.757778
556.743175
557.746349
558.737143
559.704762
560.677052
561.637778
562.503492
563.313651
564.155556
564.950522
565.793878
566.597868
567.484444
568.265533
569.049206
569.824172
570.570431
571.455692
572.292562
573.152653
574.017914
574.782540
575.547800
576.235646
577.144127
578.009388
578.883039
579.966349
582.138005
583.181995
584.136961
584.980385
585.858186
586.786259
587.567166
588.464875
589.309025
590.130113
590.902177
591.700045
592.463401
593.284807
594.172336
595.239546
596.190567
597.500363
