0.723810
2.299048
3.622585
5.178367
6.606259
7.954150
9.242857
10.623311
11.662993
12.907211
13.969524
14.988617
15.955465
19.630703
21.503991
26.110839
49.483810
50.476145
52.494921
53.434512
54.406757
55.344490
56.374785
57.253968
58.234830
59.418095
60.756871
61.655918
62.698367
63.753878
64.961224
66.033061
67.030385
68.041633
69.022041
70.034694
71.050204
72.082041
73.037732
74.255102
75.641587
76.693016
77.680000
78.740635
79.802222
80.861587
81.892063
82.982222
84.006032
85.036825
86.040952
87.012381
87.982857
88.941270
89.962222
90.909184
91.918095
92.891429
93.876463
94.840000
95.808299
96.789660
97.797551
98.783673
99.702857
100.671156
101.624807
102.655646
103.555646
103.986667
104.985306
106.060680
107.054240
108.686122
109.812290
111.069252
112.109796
113.575782
114.671973
115.691837
116.821633
117.935374
119.002857
120.104082
121.071020
122.051020
123.332245
124.507755
125.633061
126.931429
127.989796
129.073061
130.177143
131.200000
132.356735
133.323673
134.346122
135.348571
136.316327
137.277143
138.257551
139.174694
140.183673
141.202449
142.206531
143.205306
144.200816
145.190204
146.177143
147.175510
148.120000
149.112925
150.130385
151.079184
152.147120
153.175102
154.424354
155.600136
156.746803
158.147891
159.259320
160.321497
161.401633
162.554830
163.690204
164.751565
165.801224
166.840816
167.958367
169.076735
170.100000
171.244762
172.444898
173.582857
174.645170
175.696463
176.585578
177.565170
178.594694
179.732698
180.939048
182.501587
183.652381
184.790794
185.805079
186.874603
187.941587
189.095556
190.144762
191.146349
192.310476
193.601587
194.691179
195.700317
196.799683
198.051111
199.123061
200.199365
201.280635
202.513968
203.467347
204.503265
205.551837
206.494694
207.584490
208.741633
209.839184
210.754512
211.787800
212.815283
213.904490
214.826122
215.904898
216.883673
217.936327
218.943265
219.874694
220.995918
221.890431
223.027755
224.333061
225.909388
227.162041
228.171837
229.295918
230.337551
231.390612
232.461633
233.463673
234.527755
235.569388
236.560816
237.622449
238.594286
239.645714
240.624898
241.675374
242.622041
243.673469
244.605714
245.597143
246.688980
247.731020
249.060000
250.452245
251.534286
252.570204
253.645306
254.664082
255.775102
256.751020
257.760000
258.774694
259.760816
260.702449
261.731066
262.700000
263.650068
264.634966
265.545079
266.500590
267.447755
268.449751
269.419819
270.384399
271.326236
272.313560
273.326848
274.276916
275.226984
276.154150
277.106803
278.005896
278.935964
279.917324
280.876100
281.863583
282.805261
283.746939
284.777324
285.941542
287.143810
288.531565
289.807438
291.211655
292.383537
293.697868
294.799864
295.831088
297.069660
298.097143
299.425261
300.593061
301.830522
303.004127
304.089977
305.189070
306.287732
307.427574
308.538912
309.632517
310.714830
311.931020
312.929796
313.928254
314.915420
315.885170
316.910068
317.850794
318.849569
319.833515
320.834875
321.807528
322.835646
323.808934
324.773515
325.899365
327.198458
328.155964
329.191837
330.250612
331.324535
332.349116
333.373379
334.394739
335.383855
336.382313
337.412381
338.394535
339.372517
340.961587
341.980363
343.085896
344.190476
345.275057
346.344807
347.384535
348.365896
349.375964
350.403764
351.400272
352.308390
353.330703
354.363356
355.311156
356.307029
357.291293
358.275873
359.162721
360.158912
361.131882
362.072925
363.062676
364.029206
365.022177
365.960317
366.941361
367.833696
368.814739
369.836417
370.857460
371.774286
372.834059
373.797324
374.839320
375.905170
377.001361
378.039819
379.078912
380.572426
381.838549
382.904671
384.109161
385.367846
386.482041
387.557188
388.789433
390.100000
391.298730
392.411610
393.711202
395.072517
396.154240
397.212336
398.261451
399.337642
400.459002
401.436825
402.501088
403.519864
404.515737
405.474512
406.370385
407.297551
408.336327
409.289297
410.280000
411.289433
412.196599
413.172154
414.139955
415.110340
416.141043
417.122721
417.996644
418.992200
420.083220
421.267800
422.613016
423.777279
424.885714
426.003175
427.102585
428.097506
429.154014
430.219229
431.287347
432.329025
433.459410
434.480454
435.591156
436.719229
437.835147
438.894558
439.956871
441.311111
442.518549
443.985578
445.017868
446.066599
447.134739
448.223175
449.265170
450.298209
451.343991
452.427234
453.514104
454.687710
455.716327
456.807483
457.926984
459.064626
460.174853
461.274558
462.428163
463.460000
464.458367
465.400544
466.423673
467.428027
468.524626
469.560000
470.618367
471.631837
472.587075
473.603265
474.669932
475.584218
476.662993
477.540000
478.543537
479.362585
480.396599
481.375510
482.342041
483.373878
484.460680
486.366122
487.514603
488.575873
489.631655
490.640000
491.665170
492.699184
493.693469
494.713878
495.737642
496.713878
497.693333
498.641587
499.690476
500.686032
501.549206
502.689841
503.630794
504.568889
505.733016
506.705714
507.799365
508.807619
509.841270
510.900317
512.026349
513.026667
514.067302
515.155873
516.183810
517.191429
518.184762
519.226032
520.208889
521.171429
522.165079
523.146032
524.136508
525.101905
526.100000
527.060635
527.966349
528.959683
529.927619
530.862857
531.886032
532.843492
533.775873
534.700635
535.645397
536.580000
537.514603
538.439365
539.335420
540.280635
541.204966
542.210794
543.193651
544.141587
545.132381
546.165397
547.137778
548.123175
549.126349
550.137143
551.024762
551.977052
552.937778
553.703492
554.493651
555.255556
556.010522
556.733878
557.517868
558.304444
559.085533
559.869206
560.644172
561.430431
562.315692
563.212562
564.032653
564.837914
565.682540
566.567800
567.260000
568.124127
568.989388
569.703039
570.566349
571.718005
572.521995
573.396961
574.220385
575.078186
575.906259
576.687166
577.564875
578.389025
579.230113
579.982177
580.760045
581.523401
582.284807
583.132336
583.959546
584.921134
586.320363
