0.343810
1.859048
3.002585
4.138367
8.306259
9.714150
11.142857
26.786349
35.784898
40.247211
41.329524
42.368617
43.375465
44.330703
45.323991
46.290839
47.323810
48.276145
49.314921
50.234512
51.246757
52.164490
53.194785
54.153968
55.054830
56.078095
57.256871
58.175918
59.158367
60.213878
61.301224
62.353061
63.350385
64.341633
65.282041
66.314694
67.330204
68.342041
69.337732
70.635102
71.560000
72.553016
73.571429
74.580635
75.662222
76.781587
77.792063
78.764444
79.886032
80.916825
81.940952
82.972381
83.962857
84.941270
85.962222
86.949184
87.898095
88.891429
89.856463
90.840000
91.828299
92.729660
93.697551
94.683673
95.642857
96.571156
97.504807
98.515646
99.475646
100.666667
101.665306
102.700000
103.654240
104.526122
105.552290
106.529252
107.649796
109.075782
110.131973
111.171837
112.253878
113.295374
114.242857
115.264082
116.291020
117.511020
118.572245
119.587755
120.633061
121.891429
122.849796
123.813061
124.917143
125.940000
126.896735
127.843673
128.906122
129.888571
130.856327
131.777143
132.737551
133.694694
134.583673
135.542449
136.546531
137.405306
138.420816
139.370204
140.397143
141.355510
142.302041
143.332925
144.280000
145.199184
146.227120
147.215102
148.304354
149.340136
150.406803
151.387891
152.439320
153.401497
154.461633
155.514830
156.490204
157.491565
158.501224
159.420816
160.378367
161.396735
162.395102
163.424762
164.324898
165.622857
166.585170
167.516463
168.405578
169.345170
170.274694
171.272698
172.339048
173.881587
174.992381
176.050794
177.045079
178.094603
179.101587
180.115556
181.060000
182.046349
183.090476
184.041587
185.051179
186.080317
187.139683
188.011111
189.063061
190.139365
191.180635
192.173968
193.127347
194.043265
195.051837
195.934694
196.804490
197.801633
198.839184
199.734512
200.707800
201.595283
202.564490
203.446122
204.364898
205.283673
206.236327
207.123265
208.154694
209.095918
210.090431
211.127755
212.193061
214.309388
215.462041
216.431837
217.435918
218.397551
219.370612
220.281633
221.303673
222.347755
223.349388
224.300816
225.282449
226.194286
227.185714
228.084898
229.095374
230.062041
230.933469
231.925714
232.877143
233.848980
234.831020
235.760000
236.752245
237.754286
238.717551
239.705306
240.664082
241.675102
242.611020
243.526531
244.554694
245.480816
246.400000
247.511066
248.320000
249.290068
250.214966
251.125079
252.120590
253.047755
254.029751
254.939819
255.924399
256.846236
257.833560
258.806848
259.756916
260.686984
261.634150
262.546803
263.525896
264.475964
265.417324
266.396100
267.343583
268.305261
269.206939
270.037324
271.081542
271.983810
273.091565
274.007438
275.031655
276.003628
277.097868
278.139864
279.191088
280.309660
281.417143
282.865261
284.033061
285.410522
286.604127
287.689977
288.709070
289.767732
291.007574
292.078912
293.152517
294.264490
295.331020
296.349796
297.308254
298.280000
299.165170
300.210068
301.130794
302.089569
303.013515
303.974875
304.887528
305.875646
306.808934
307.713515
308.719365
309.738458
310.675964
311.651837
312.730612
313.744535
314.789116
315.733379
316.714739
317.623855
318.622313
319.612381
320.574535
321.532517
322.641587
323.660363
324.665896
325.670476
326.695057
327.744807
328.804535
329.845896
330.795964
331.843764
332.880000
333.868390
334.890703
335.823356
336.811156
337.787029
338.731293
339.695873
340.602721
341.598912
342.571882
343.472925
344.422676
345.369206
346.302177
347.240317
348.181361
349.093696
350.074739
351.056417
352.137460
353.034286
354.014059
355.097324
356.139320
357.225170
358.201361
359.239819
360.278912
361.946984
363.258549
364.064671
365.209161
366.387846
367.462041
368.537188
369.589433
370.884898
372.378730
372.951610
374.231202
375.392517
376.374240
377.292336
378.301451
379.337642
380.399002
381.396825
382.361088
383.379864
384.375737
385.294512
386.230385
387.177551
388.060000
388.949297
389.916463
390.749433
391.776599
392.672154
393.679955
394.630340
395.621043
396.622721
397.536644
398.432200
399.463220
400.467800
401.553016
402.557279
403.625714
404.723175
405.722585
406.677506
407.734014
408.719229
409.707347
410.729025
411.699410
412.640454
413.691156
414.629615
415.795147
416.774558
417.776871
418.871111
420.178549
421.725578
422.817868
423.846599
424.774739
425.863175
426.865170
427.838209
428.863991
429.827234
430.834104
431.860000
432.836327
433.907483
434.846984
435.804626
436.914853
437.954558
439.008163
439.940000
440.898367
441.860544
442.823673
443.748027
444.664626
445.631701
446.598367
447.551837
448.467075
449.363265
450.349932
451.244218
452.322993
453.016054
454.063537
454.902585
455.896599
456.895510
457.882041
458.953878
460.260680
462.086122
463.214603
464.315873
465.371655
466.318413
467.345170
468.379184
469.373469
470.413878
471.397642
472.393878
473.313333
474.281587
475.230476
476.186032
477.149206
477.989841
478.990794
479.968889
480.953016
481.925714
482.989841
483.947619
484.921270
485.920317
486.886349
487.866667
488.807302
489.835873
490.803810
491.700000
492.664762
493.660000
494.608889
495.551429
496.525079
497.446032
498.376508
499.301905
500.260000
501.180635
502.126349
503.099683
503.907619
504.942857
505.946032
506.843492
507.755873
508.660635
509.585397
510.500000
511.374603
512.299365
513.155420
514.060635
514.984966
515.930794
516.853651
517.741587
518.692381
519.645397
520.517778
521.443175
522.386349
523.317143
524.224762
525.157052
526.077778
526.903492
527.673651
528.435556
529.210522
530.013878
530.817868
531.624444
532.405533
533.189206
533.904172
534.650431
535.455692
536.292562
537.192653
537.997914
538.762540
539.567800
540.300000
541.204127
541.969388
542.803039
543.806349
544.938005
545.781995
546.556961
547.440385
548.298186
549.126259
549.867166
550.744875
551.529025
552.330113
553.082177
553.800000
554.543401
555.364807
556.172336
556.899546
557.850567
558.880363
