0.363810
2.799048
4.942585
6.798367
8.506259
10.474150
11.842857
13.383311
14.822993
16.267211
17.549524
18.908617
20.075465
23.470703
26.483946
40.710839
53.983810
60.676145
64.474921
65.554512
66.806757
67.982449
69.234785
70.387937
71.634830
72.938095
74.656871
75.691837
76.895102
78.033878
79.361224
80.553061
81.750385
83.021633
84.182041
85.374694
86.630204
87.842041
89.057732
90.775102
91.981587
93.233016
94.551429
95.840635
97.242222
98.581587
99.652063
101.042222
102.306032
103.716825
104.820952
106.112381
107.202857
108.361270
109.562222
110.749184
111.958095
113.191429
114.376463
115.620000
116.776599
117.969660
119.217551
120.383673
121.542857
122.551156
123.884807
125.135646
126.355646
127.486667
128.745306
130.540680
131.574240
132.946122
134.372290
135.629252
137.169796
139.031565
140.431973
141.591837
143.093878
144.555374
145.942857
147.504082
148.771020
150.671020
151.972245
153.607755
155.113061
156.671429
157.929388
159.053061
160.277143
161.440000
162.596735
163.663673
164.916735
166.188571
167.321633
168.511429
169.617551
170.814694
172.163673
173.402449
174.706531
176.025306
177.160816
178.330204
179.497143
180.715510
181.922041
183.192925
184.490385
185.699184
187.067120
188.495102
190.244354
191.620136
192.906803
194.547891
195.999320
197.161497
198.361633
199.834830
201.170204
202.471565
203.761224
204.980816
206.418367
207.696735
208.915102
210.204762
211.508980
213.222857
214.505170
215.576463
216.585578
217.730340
218.914694
220.232698
221.879048
223.661587
225.252381
226.410794
227.845079
229.134603
230.461587
232.255556
233.364762
234.846349
236.310476
237.401587
238.976508
240.760317
242.219683
243.451111
245.103061
246.819365
248.140635
249.333968
250.487347
251.603265
252.891837
253.974694
255.204490
256.661633
258.119184
259.234512
260.383401
261.695283
262.864490
263.966122
265.144898
266.343673
267.596327
268.763265
269.934694
271.275918
272.510431
274.047755
275.253061
277.349388
279.042041
280.211837
281.495918
282.817551
284.022449
285.289796
286.583673
288.067755
289.409388
290.640816
291.942449
293.154286
294.425714
295.524898
296.955374
298.102041
299.373469
300.585714
301.994286
303.928980
305.735102
307.260000
308.852245
310.234286
311.477551
312.865306
314.244082
315.615102
316.871020
318.146531
319.374694
320.583265
321.922449
323.211066
324.360000
325.650068
326.914966
328.145079
329.440590
330.707755
331.949751
333.159819
334.484399
335.686236
336.993560
338.266848
339.496916
340.786984
341.914150
343.166803
344.365896
345.615964
346.757324
348.116100
349.163583
350.445261
351.706939
353.023946
354.741542
356.303810
358.191565
359.647438
361.071655
362.203628
363.877868
365.119864
366.431088
367.889660
369.197143
370.645261
371.973061
373.550522
375.064127
376.549977
377.889070
379.207732
380.807574
382.058912
383.472517
384.709660
385.971020
387.149796
388.348254
389.595420
390.685170
391.910068
393.110794
394.469569
395.613515
396.794875
397.947528
399.155646
400.308934
401.493515
402.819365
404.178458
405.455964
406.631837
407.810612
409.044535
410.209116
411.373379
412.554739
413.703855
414.922313
416.052381
417.294535
418.492517
420.001587
421.480363
422.705896
423.950476
425.275057
426.664807
428.018141
429.225896
430.555964
431.883764
433.540272
434.628390
435.910703
437.043356
438.231156
439.427029
440.671293
441.895873
443.002721
444.278912
445.471882
446.672925
447.842676
449.036825
450.222177
451.380317
452.541361
453.733696
454.974739
456.256417
457.257460
458.314286
459.374059
460.797324
461.859320
464.045170
465.481361
466.899819
468.218912
470.792426
472.158549
473.684671
475.129161
476.707846
478.182041
479.657506
481.049433
482.724898
484.218730
485.651610
487.491202
488.932517
490.134240
491.332336
492.601451
493.637642
494.979002
495.996825
497.281088
498.499864
499.635737
500.814512
501.870385
502.877551
504.256327
505.349297
506.616463
507.889433
509.116599
510.248617
511.399955
512.630340
513.861043
515.122721
516.476644
517.872200
519.103220
520.547800
522.393016
523.897279
525.557143
527.103175
528.462585
529.677506
531.014014
532.279229
533.867347
535.169025
536.497052
537.660454
539.051156
540.329615
541.635147
542.994558
544.416871
545.971111
547.711293
549.802313
551.417868
552.566599
553.894739
555.323175
556.685170
558.298209
559.383991
560.996168
562.294104
563.707710
565.136327
566.667483
567.906984
569.244626
570.794853
572.174558
573.708163
575.040000
576.118367
577.300544
578.503673
579.668027
580.924626
582.291701
583.578367
584.731837
585.907075
587.143265
588.389932
589.444218
590.662993
591.816054
592.983537
594.042585
595.176599
596.575510
597.942041
599.253878
600.760680
602.906122
604.314603
606.055873
607.231655
608.618413
609.825170
611.339184
612.633469
614.133878
615.497642
616.753878
618.033333
619.281587
620.570476
621.826032
623.029206
624.369841
625.510794
626.695556
628.073016
629.565714
630.769841
632.007619
633.261270
634.520317
635.966349
637.066667
638.247302
639.615873
640.703810
641.871429
643.064762
644.406032
645.468889
646.631429
647.825079
649.026032
650.136508
651.241905
652.380000
653.540635
654.646349
655.799683
656.947619
658.262857
659.446032
660.603492
661.675873
662.800635
663.885397
664.960000
666.054603
667.119365
668.195420
669.380635
670.604966
671.910794
673.173651
674.421587
675.672381
676.905397
678.135556
679.363175
680.646349
681.857143
683.244762
684.434104
685.857778
686.703492
687.473651
688.295556
689.150522
689.993878
690.797868
691.704444
692.565533
693.409206
694.284172
695.190431
696.235692
697.292562
698.292653
699.477914
700.422540
701.547800
702.695646
704.204127
705.529388
707.063039
708.706349
710.738005
711.741995
712.716961
713.660385
714.598186
715.566259
716.567166
717.484875
718.398050
719.330113
720.142177
720.980045
721.823401
722.644807
723.552336
724.379546
725.370567
726.960363
