0.343810
2.559048
4.002585
5.578367
6.966259
11.754150
13.745714
30.403311
43.682993
46.207211
47.269524
48.348617
49.395465
50.430703
51.463991
52.470839
53.563810
54.556145
55.694921
56.674512
57.746757
58.784490
59.934785
61.033968
62.114830
63.358095
64.596871
65.715918
66.818367
67.933878
69.081224
70.173061
71.270385
72.321633
73.322041
74.334694
75.450204
76.562041
77.557732
79.015102
80.161587
81.233016
82.431429
83.600635
84.702222
85.801587
86.932063
87.982222
89.026032
90.156825
91.220952
92.292381
93.342857
94.421270
95.502222
96.469184
97.538095
98.611429
99.656463
100.700000
101.688299
102.749660
103.837551
104.843673
105.882857
106.871156
107.984807
108.995646
109.935646
110.966667
112.045306
113.060680
114.234240
115.326122
116.432290
117.469252
118.689796
120.235782
121.511973
122.791837
124.153878
125.335374
126.682857
128.124082
129.151020
130.371020
131.612245
132.787755
133.933061
135.091429
136.209796
137.373061
138.537143
139.580000
140.656735
141.743673
142.786122
143.948571
144.976327
146.017143
147.077551
148.094694
149.183673
150.202449
151.266531
152.285306
153.340816
154.410204
155.477143
156.535510
157.582041
158.692925
159.810385
160.819184
161.967120
162.990204
164.104354
165.180136
166.366803
167.687891
168.779320
169.881497
171.061633
172.274830
173.390204
174.491565
175.621224
176.660816
177.798367
178.876735
179.935102
181.004762
182.064898
183.422857
184.485170
185.436463
186.365578
187.345170
188.314694
189.312698
190.579048
192.421587
193.732381
194.870794
195.985079
197.214603
198.401587
199.595556
200.764762
201.926349
203.110476
204.321587
205.531179
206.900317
208.119683
209.411111
210.743061
211.979365
213.080635
214.193968
215.247347
216.283265
217.411837
218.394694
219.364490
220.581633
221.699184
222.654512
223.687800
224.715283
225.804490
226.726122
227.824898
228.803673
229.876327
230.783265
231.794694
232.935918
233.990431
235.287755
236.273061
237.829388
239.022041
240.051837
241.215918
242.237551
243.330612
244.401633
245.443673
246.567755
247.669388
248.740816
249.782449
250.774286
251.885714
252.904898
253.955374
255.002041
256.053469
257.005714
258.077143
259.168980
260.182041
261.460000
262.752245
263.834286
264.777551
265.845306
266.844082
267.935102
268.951020
269.966531
271.014694
271.960816
273.002449
273.931066
274.940000
275.930068
276.974966
277.945079
278.960590
279.927755
280.969751
281.979819
282.964399
283.986236
285.013560
286.006848
286.996916
287.906984
288.914150
289.866803
290.845896
291.835964
292.837324
293.820000
294.843583
295.845261
296.866939
297.880000
299.041542
300.303810
301.691565
302.727438
303.951655
305.083628
306.157868
307.179864
308.151088
309.309660
310.297143
311.325261
312.373061
313.490522
314.524127
315.629977
316.629070
317.727732
318.787574
319.918912
321.032517
322.134830
323.151020
324.169796
325.188254
326.215420
327.225170
328.270068
329.290794
330.309569
331.293515
332.314875
333.327528
334.435646
335.468934
336.453515
337.659365
338.718458
339.915964
340.971837
342.070612
343.164535
344.209116
345.253379
346.274739
347.260000
348.282313
349.292381
350.334535
351.372517
352.861587
353.920363
355.045896
356.130476
357.355057
358.404807
359.504535
360.545896
361.555964
362.603764
363.720272
364.788390
365.790703
366.803356
367.871156
368.947029
369.931293
370.975873
371.962721
373.018912
374.023764
375.032925
376.082676
377.149206
378.162177
379.120317
380.101361
381.053696
382.094739
383.116417
384.097460
385.054286
386.114059
387.237324
388.379320
389.485170
390.541361
391.779819
392.916735
394.812426
396.338549
397.804671
399.329161
400.867846
402.262041
403.717188
405.189433
406.704898
408.138730
409.851610
411.471202
412.832517
413.834240
414.832336
415.901451
416.937642
417.959002
418.936825
419.981088
420.999864
422.075737
423.114512
424.130385
425.137551
426.116327
427.140000
428.096463
429.129433
430.136599
431.132154
432.159955
433.150340
434.241043
435.262721
436.336644
437.392200
438.483220
439.587800
440.813016
441.997279
443.245714
444.623175
445.742585
446.757506
447.914014
448.999229
450.107347
451.149025
452.239410
453.220454
454.391156
455.428073
456.635147
457.694558
458.816871
460.011111
461.418549
463.065578
464.257868
464.860000
464.900000
464.920000
464.920000
464.980000
464.983991
465.120000
465.234104
465.360000
465.460000
465.460000
465.460000
465.460000
465.640000
465.880000
466.388163
466.540000
466.560000
466.560000
466.580000
466.728027
466.924626
467.711701
467.840000
468.031837
468.160000
468.383265
468.500000
468.524218
468.620000
468.956054
469.060000
469.060000
469.060000
469.160000
469.180000
469.200000
469.320000
470.126122
470.720000
471.040000
471.040000
471.160000
471.280000
471.320000
471.340000
471.993878
473.057642
474.133878
475.193333
476.201587
477.250476
478.266032
479.269206
480.349841
481.370794
482.408889
483.513016
484.545714
485.609841
486.647619
487.661270
488.720317
489.826349
490.846667
491.907302
492.975873
493.983810
494.951429
495.984762
497.146032
498.168889
499.171429
500.245079
501.286032
502.316508
503.341905
504.360000
505.400635
506.406349
507.479683
508.487619
509.462857
510.526032
511.483492
512.415873
513.380635
514.325397
515.320000
516.254603
517.219365
518.115420
519.080635
520.064966
520.750794
521.100000
521.661587
522.160000
522.160000
522.160000
522.180000
522.180000
522.180000
522.180000
522.180000
522.180000
522.260000
522.433651
522.600000
523.110522
523.300000
523.337868
523.744444
524.040000
524.040000
524.044172
524.690431
525.375692
525.912562
526.300000
526.337914
526.482540
526.587800
527.455646
528.524127
529.409388
530.423039
531.606349
532.858005
533.661995
534.416961
535.240385
535.998186
536.786259
537.487166
538.304875
539.049025
539.850113
540.622177
541.340045
542.103401
542.864807
543.652336
544.360000
545.230567
546.160363
