0.303810
2.019048
3.462585
4.958367
6.646259
8.154150
9.502857
10.683311
11.742993
12.807211
13.789524
14.768617
15.775465
19.330703
21.083900
32.810839
49.383810
50.356145
52.334921
53.294512
54.266757
55.224490
56.274785
57.193968
58.154830
59.258095
60.696871
61.475918
62.458367
63.473878
64.621224
65.633061
66.610385
67.681633
68.582041
69.594694
70.610204
71.582041
72.537732
73.695102
74.681587
75.753016
76.851429
77.920635
78.982222
80.141587
81.132063
82.202222
83.246032
84.356825
85.420952
86.460000
87.402857
88.461270
89.422222
90.449184
91.458095
92.451429
93.416463
94.380000
95.308299
96.269660
97.237551
98.183673
99.142857
99.931156
100.684807
101.715646
102.855646
103.846667
104.865306
106.000680
107.194240
108.526122
109.732290
110.867755
112.109796
113.495782
113.631973
114.631837
117.089388
118.275374
119.342857
120.524082
121.551020
122.751020
123.812245
124.907755
125.933061
127.234286
128.349796
129.373061
130.417143
131.620000
132.636735
133.683673
134.726122
135.788571
136.776327
137.737143
138.717551
139.674694
140.683673
141.762449
142.806531
143.745306
145.000816
145.790204
146.817143
147.775510
148.742041
149.792925
150.830385
151.819184
153.027120
154.115102
155.204354
156.260136
157.386803
158.507891
159.619320
160.701497
161.761633
162.914830
164.030204
165.171565
166.281224
167.440816
168.538367
169.696735
170.735102
171.764762
172.904898
174.162857
175.225170
176.336463
177.345578
178.525170
179.474694
180.712698
182.119048
183.901587
185.512381
186.930794
188.085079
189.274603
190.561587
191.955556
193.064762
194.306349
195.410476
196.901587
197.971179
199.120317
200.459683
201.891111
203.023061
204.359365
205.520635
206.553968
207.547347
208.543265
209.591837
210.534694
211.484490
212.621633
213.779184
214.714512
215.747800
216.715283
217.784490
218.746122
219.764898
220.683673
221.696327
222.623265
223.574694
224.835918
225.890431
226.907755
228.453061
230.349388
231.822041
233.163673
234.315918
235.557551
236.650612
237.801633
238.903673
240.007755
241.069388
242.100816
243.142449
244.134286
245.185714
246.184898
247.175374
248.142041
249.173469
250.125714
251.117143
252.248980
253.251020
254.300000
255.472245
256.514286
257.557551
258.685306
259.644082
260.715102
261.731020
262.726531
263.714694
264.700816
265.662449
266.591066
267.620000
268.590068
269.554966
270.505079
271.500590
272.467755
273.469751
274.379819
275.324399
276.286236
277.353560
278.326848
279.296916
280.226984
281.194150
282.146803
283.145896
284.095964
285.057324
286.016100
286.983583
287.965261
288.966939
289.977324
291.021542
292.043810
293.651565
294.987438
296.711655
298.303628
299.397868
300.459864
301.431088
302.529660
303.637143
304.745261
305.893061
307.150522
308.224127
309.329977
310.269070
311.307732
312.327574
313.498912
314.552517
315.634830
316.671020
317.669796
318.628254
319.655420
320.625170
321.670068
322.630794
323.729569
324.713515
325.694875
326.707528
327.755646
328.708934
329.673515
330.759365
332.138458
333.015964
334.011837
335.090612
336.164535
337.169116
338.213379
339.254739
340.203855
341.242313
342.272381
343.294535
344.252517
345.341587
346.360363
347.445896
348.510476
349.575057
350.704807
351.884535
352.885896
353.975964
355.023764
356.100272
357.188390
358.240000
359.203356
360.291156
361.327029
362.291293
363.315873
364.282721
365.258912
366.271882
367.232925
368.242676
369.249206
370.262177
371.180317
372.101361
373.093696
374.054739
375.076417
375.977460
376.974286
378.114059
379.237324
380.279320
381.585170
382.761361
383.999819
385.158912
386.632426
387.898549
389.204671
390.469161
391.847846
392.942041
394.157188
395.329433
396.584898
397.838730
399.191610
400.711202
401.972517
402.974240
404.172336
405.221451
406.257642
407.399002
408.376825
409.381088
410.399864
411.395737
412.394512
413.370385
414.337551
415.516327
416.369297
417.336463
418.409433
419.496599
420.432154
421.459955
422.490340
423.541043
424.542721
425.596644
426.592200
427.703220
428.807800
430.153016
431.117279
432.185714
433.383175
434.442585
435.437506
436.534014
437.899229
439.027347
440.229025
441.339410
442.360454
443.471156
444.609615
445.695147
446.774558
447.876871
448.971111
450.478549
452.465578
453.837868
455.326599
456.434739
457.643175
458.805170
460.258209
461.443991
462.687234
463.814104
464.987710
466.176327
467.447483
468.646984
469.884626
471.134853
472.234558
473.408163
474.540000
475.558367
476.540544
477.543673
478.508027
479.484626
480.531701
481.598367
482.591837
483.547075
484.603265
485.669932
486.584218
487.582993
488.516054
489.643537
490.542585
491.576599
492.675510
493.882041
494.953878
496.440680
498.566122
499.974603
501.535873
502.591655
503.898413
505.035510
506.139184
507.313469
508.453878
509.537642
510.593878
511.633333
512.601587
513.670476
514.666032
515.689206
516.689841
517.710794
518.728889
519.813016
521.085714
522.069841
523.067619
524.101270
525.160317
526.226349
527.226667
528.227302
529.275873
530.303810
531.291429
532.324762
533.346032
534.328889
535.291429
536.325079
537.286032
538.316508
539.301905
540.300000
541.260635
542.206349
543.199683
544.167619
545.122857
546.106032
547.063492
548.035873
549.000635
549.925397
550.840000
551.774603
552.719365
553.635420
554.560635
555.504966
556.570794
557.493651
558.421587
559.492381
560.545397
561.497778
562.383175
563.386349
564.297143
565.244762
566.117052
567.017778
567.863492
568.693651
569.535556
570.350522
571.173878
571.977868
572.824444
573.665533
574.469206
575.244172
576.030431
576.835692
577.652562
578.572653
579.380000
580.082540
580.927800
581.640000
582.524127
583.369388
584.163039
585.106349
586.418005
587.301995
588.116961
588.960385
589.798186
590.606259
591.367166
592.224875
592.989025
593.790113
594.562177
595.100045
595.863401
596.684807
597.452336
598.379546
599.330567
600.260363
