0.423810
2.455238
4.265170
5.818367
7.346259
8.754150
10.322857
11.763311
13.022993
14.327211
15.569524
16.668617
17.715465
18.730703
19.943991
33.770839
53.503810
54.556145
56.614921
57.594512
58.626757
59.644490
60.754785
61.733968
62.814830
63.898095
65.236871
66.175918
67.218367
68.313878
69.521224
70.593061
71.630385
72.701633
73.782041
74.834694
75.910204
76.942041
77.937732
79.155102
80.341587
81.393016
82.411429
83.480635
84.402222
85.521587
86.552063
87.602222
88.666032
89.736825
90.800952
91.952381
92.922857
94.021270
95.102222
96.169184
97.198095
98.251429
99.296463
100.360000
101.348299
102.349660
103.437551
104.403673
105.382857
106.351156
107.364807
108.395646
109.415646
110.566667
111.405306
112.540680
113.654240
114.806122
115.972290
117.029252
118.229796
119.795782
120.991973
122.131837
123.273878
124.495374
125.602857
126.724082
127.871020
129.271020
130.332245
131.427755
132.833061
134.294286
135.389796
136.413061
137.497143
138.700000
139.696735
140.663673
141.826122
143.008571
144.036327
145.114286
146.197551
147.254694
148.323673
149.382449
150.486531
151.485306
152.540816
153.570204
154.617143
155.675510
156.802041
157.852925
158.930385
159.959184
161.127120
162.195102
163.544354
164.720136
165.946803
167.187891
168.339320
169.481497
170.561633
171.814830
172.910204
174.151565
175.321224
176.560816
177.738367
178.923673
180.115102
181.284762
182.404898
183.482857
184.685170
185.696463
186.765578
187.745170
188.754694
189.792698
190.999048
192.361587
193.532381
194.470794
195.565079
196.614603
197.741587
198.855556
199.984762
201.086349
202.190476
203.361587
204.471179
205.600317
206.819683
208.031111
209.083061
210.299365
211.400635
212.593968
213.647347
214.703265
215.811837
216.814694
217.884490
219.061633
220.159184
221.194512
222.227800
223.335283
224.484490
225.466122
226.544898
227.623673
228.636327
229.723265
230.774694
231.955918
233.090431
234.147755
235.413061
237.108163
238.502041
239.531837
240.655918
241.817551
242.930612
244.021633
245.163673
246.307755
247.409388
248.480816
249.522449
250.534286
251.585714
252.624898
253.695374
254.702041
255.813469
256.765714
257.817143
259.088980
260.231020
261.360000
262.692245
263.794286
264.897551
266.045306
267.164082
268.355102
269.411020
270.446531
271.534694
272.540816
273.602449
274.611066
275.620000
276.670068
277.734966
278.725079
279.740590
280.787755
281.849751
282.899819
283.944399
284.986236
286.093560
287.146848
288.176916
289.206984
290.254150
291.266803
292.325896
293.415964
294.457324
295.556100
296.583583
297.625261
298.646939
299.697324
300.841542
301.943810
303.291565
304.407438
305.671655
306.803628
307.997868
309.079864
310.131088
311.349660
312.477143
313.685261
314.733061
315.970522
317.084127
318.169977
319.209070
320.323197
321.507574
322.638912
323.772517
324.874830
325.951020
326.989796
328.028254
329.055420
330.045170
331.150068
332.170794
333.249569
334.233515
335.234875
336.227528
337.295646
338.308934
339.373515
340.479365
341.638458
342.675964
343.711837
344.830612
346.004535
347.089116
348.153379
349.174739
350.263855
351.302313
352.332381
353.374535
354.372517
355.521587
356.760363
357.845896
358.830476
359.855057
360.844807
362.024535
363.065896
364.135964
365.223764
366.380272
367.428390
368.550703
369.523356
370.611156
371.647029
372.751293
373.775873
374.762721
375.798912
376.831882
377.852925
378.882676
379.889206
380.882177
381.860317
382.861361
383.853696
384.834739
385.936417
387.037460
388.014286
389.074059
390.157324
391.379320
392.525170
393.682721
394.899819
396.118912
397.772426
399.138549
400.304671
401.689161
402.847846
404.102041
405.197188
406.389433
407.684898
408.658730
409.900000
411.251202
412.672517
413.714240
414.792336
415.951610
417.117642
418.239002
419.276825
420.441088
421.539864
422.675737
423.694512
424.730385
425.777551
426.916327
427.929297
429.056463
430.129433
431.156599
432.172154
433.219955
434.270340
435.381043
436.482721
437.596644
438.652200
439.803220
440.867800
442.213016
443.217279
444.465714
445.623175
446.782585
447.817506
448.994014
450.159229
451.387347
452.549025
453.679410
454.680454
455.871156
457.029615
458.155147
459.214558
460.336871
461.671111
462.898549
464.465578
465.677868
466.846599
467.914739
469.003175
470.105170
471.178209
472.383991
473.487234
474.654104
475.867710
476.956327
478.207483
479.366984
480.624626
481.734853
483.014558
484.268163
485.520000
486.558367
487.620544
488.703673
489.808027
490.824626
491.951701
493.018367
494.011837
494.987075
496.103265
497.209932
498.264218
499.282993
500.296054
501.443537
502.422585
503.576599
504.715510
505.842041
506.993878
508.260680
509.986122
511.174603
512.435873
513.491655
514.558413
515.785170
516.959184
517.953469
519.213878
520.297642
521.373878
522.473333
523.481587
524.550476
525.686032
526.609206
527.649841
528.690794
529.748889
530.813016
531.885714
532.989841
534.067619
535.121270
536.180317
537.246349
538.346667
539.407302
540.515873
541.643810
542.671429
543.744762
545.066032
546.008889
547.071429
548.025079
549.046032
550.056508
551.081905
552.080000
553.080635
554.026349
554.999683
555.947619
556.922857
557.966032
558.943492
559.915873
560.880635
561.865397
562.840000
563.834603
564.839365
565.755420
566.780635
567.784966
568.810794
569.793651
570.781587
571.872381
572.885397
573.917778
574.943175
576.006349
577.057143
578.064762
579.097052
580.137778
580.963492
581.773651
582.575556
583.390522
584.173878
584.977868
585.824444
586.625533
587.409206
588.204172
588.990431
589.875692
590.772562
591.592653
592.477914
593.262540
594.147800
594.900000
595.704127
596.509388
597.363039
598.306349
599.478005
600.341995
601.196961
602.040385
602.878186
603.746259
604.487166
605.424875
606.289025
607.090113
607.902177
608.860045
609.623401
610.564807
611.452336
612.739546
613.690567
614.740363
