0.423810
1.879048
2.962585
4.018367
5.306259
6.634150
7.602857
8.523311
9.482993
10.507211
11.349524
12.488617
14.115465
15.910703
18.783991
28.630839
39.091429
44.252290
47.294921
48.374512
49.306757
50.224490
51.174785
52.093968
53.094830
54.138095
55.576871
56.215918
57.138367
58.093878
59.121224
60.073061
60.950385
61.901633
62.780000
63.694694
64.650204
65.602041
66.517732
67.755102
68.741587
69.793016
70.731429
71.740635
72.662222
73.600000
74.492063
75.424444
76.486032
77.396825
78.260952
79.292381
80.202857
81.101270
82.022222
82.889184
83.858095
84.731429
85.656463
86.600000
87.468299
88.389660
89.297551
90.243673
91.222857
92.151156
93.104807
93.955646
94.955646
95.620000
96.385306
97.400680
98.394240
99.846122
100.872290
101.869252
102.909796
104.295782
105.391973
106.371837
107.413878
108.435374
109.342857
110.344082
111.311020
112.291020
113.352245
114.427755
115.473061
116.911429
117.909796
118.793061
119.717143
120.640000
121.516735
122.303673
123.226122
124.120000
125.016327
125.877143
126.777551
127.674694
128.623673
129.582449
130.466531
131.405306
132.320816
133.190204
134.077143
135.055510
136.022041
136.932925
137.970385
138.859184
139.887120
140.835102
141.884354
142.880136
143.746803
144.847891
145.859320
146.901497
147.801633
148.914830
149.970204
150.931565
151.941224
152.760816
153.778367
154.676735
155.695102
156.624762
157.644898
158.702857
159.825170
160.776463
161.705578
162.685170
163.614694
164.812698
166.019048
167.601587
168.812381
169.870794
170.905079
171.874603
172.861587
173.915556
174.944762
175.946349
176.870476
177.901587
178.931179
179.960317
181.019683
182.031111
183.103061
184.079365
185.100635
186.033968
186.947347
187.883265
188.831837
189.634694
190.604490
191.701633
192.719184
193.494512
194.380000
195.395283
196.384490
197.266122
198.164898
199.123673
200.116327
200.903265
201.894694
202.835918
203.870431
204.907755
205.933061
207.469388
208.622041
209.591837
210.695918
211.577551
212.530612
213.441633
214.443673
215.467755
216.449388
217.340816
218.302449
219.194286
220.125714
220.964898
221.955374
222.822041
223.733469
224.605714
225.557143
226.588980
227.531020
228.580000
229.712245
230.614286
231.477551
232.485306
233.384082
234.395102
235.291020
236.126531
237.134694
238.020816
238.962449
239.811066
240.800000
241.710068
242.654966
243.565079
244.500590
245.447755
246.429751
247.419819
248.324399
249.240000
250.233560
251.166848
252.076916
252.946984
253.834150
254.686803
255.565896
256.495964
257.357324
258.316100
259.223583
260.065261
260.946939
261.817324
262.821542
263.803810
264.940000
265.927438
266.951655
267.983628
269.057868
270.019864
270.880000
271.920000
272.777143
273.845261
274.673061
275.750522
276.704127
277.709977
278.589070
279.527732
280.507574
281.538912
282.532517
283.474830
284.551020
285.549796
286.488254
287.455420
288.425170
289.390068
290.350794
291.389569
292.393515
293.334875
294.267528
295.255646
296.208934
297.193515
298.239365
299.438458
300.335964
301.271837
302.230612
303.224535
304.149116
304.993379
305.934739
306.843855
307.782313
308.712381
309.654535
310.572517
311.641587
312.780363
313.845896
314.770476
315.755057
316.724807
317.604535
318.560000
319.435964
320.403764
321.340272
322.248390
323.200000
324.103356
325.011156
325.927029
326.851293
327.795873
328.622721
329.578912
330.491882
331.392925
332.322676
333.229206
334.182177
335.140317
336.101361
337.033696
337.894739
338.856417
339.837460
340.694286
341.614059
342.717324
343.719320
344.625170
345.620000
346.499819
347.538912
349.032426
350.278549
351.224671
352.289161
353.227846
354.160000
355.117188
356.089433
357.044898
358.040000
358.971610
359.991202
361.407619
362.414240
363.192336
364.061451
364.937642
365.959002
366.756825
367.601088
368.479864
369.395737
370.234512
371.150385
371.997551
372.956327
373.809297
374.656463
375.560000
376.476599
377.512154
378.519955
379.090340
379.881043
380.582721
381.676644
382.832200
383.823220
384.787800
385.913016
386.917279
387.925714
388.923175
389.942585
390.897506
391.954014
393.039229
394.007347
395.029025
396.019410
396.840454
397.891156
398.829615
399.775147
400.674558
401.576871
402.651111
403.898549
405.405578
406.457868
407.426599
408.334739
409.403175
410.285170
411.160000
412.183991
413.187234
414.054104
415.087710
416.056327
417.020000
417.946984
418.904626
419.914853
420.974558
421.908163
422.880000
423.778367
424.600544
425.603673
426.468027
427.404626
428.371701
429.338367
430.231837
430.987075
431.963265
432.989932
433.844218
434.742993
435.616054
436.563537
437.322585
438.256599
439.215510
440.222041
441.033878
442.220680
443.846122
444.954603
445.995873
447.011655
447.940000
448.905170
449.820000
450.693469
451.653878
452.637642
453.473878
454.433333
455.241587
456.230476
457.126032
458.029206
458.969841
459.830794
460.768889
461.693016
462.745714
463.789841
464.687619
465.641270
466.540317
467.546349
468.446667
469.387302
470.395873
471.283810
472.191429
473.084762
474.000000
474.808889
475.671429
476.565079
477.446032
478.356508
479.221905
480.100000
481.020635
481.866349
482.699683
483.587619
484.462857
485.406032
486.263492
487.135873
488.000635
488.865397
489.720000
490.594603
491.419365
492.215420
493.080635
493.984966
494.910794
495.813651
496.680000
497.592381
498.485397
499.317778
500.163175
501.060000
501.897143
502.864762
503.477052
504.257778
504.983492
505.753651
506.475556
507.170522
507.893878
508.657868
509.404444
510.125533
510.849206
511.544172
512.210431
513.000000
513.832562
514.632653
515.337914
516.022540
516.787800
517.540000
518.304127
519.029388
519.723039
520.566349
521.738005
522.541995
523.296961
524.020385
524.778186
525.526259
526.227166
527.004875
527.669025
528.390113
529.022177
529.760000
530.403401
531.064807
531.892336
532.719546
533.490567
534.420363
