0.243810
1.859048
3.182585
4.558367
5.886259
7.214150
8.502857
9.903311
11.162993
12.347211
13.409524
14.448617
15.435465
16.410703
17.443991
18.430839
19.443810
20.416145
21.434921
22.414512
23.426757
24.424490
25.494785
26.493968
27.554830
28.678095
29.696871
30.755918
31.758367
32.773878
33.861224
34.893061
35.870385
36.881633
37.822041
38.814694
39.830204
40.862041
41.837732
42.955102
43.941587
44.993016
46.011429
47.080635
48.142222
49.221587
50.212063
51.182222
52.226032
53.236825
54.300952
55.352381
56.342857
57.361270
58.382222
59.349184
60.358095
61.371429
62.356463
63.360000
64.348299
65.349660
66.357551
67.343673
68.342857
69.331156
70.324807
71.355646
72.315646
73.306667
74.305306
75.380680
76.374240
77.466122
78.472290
79.449252
80.489796
81.695782
82.731973
83.751837
84.773878
85.875374
86.902857
87.964082
88.991020
90.031020
91.092245
92.187755
93.213061
94.331429
95.289796
96.253061
97.257143
98.240000
99.196735
100.143673
101.146122
102.148571
103.136327
104.137143
105.157551
106.174694
107.183673
108.202449
109.206531
110.225306
111.240816
112.230204
113.257143
114.295510
115.342041
116.392925
117.430385
118.439184
119.547120
120.555102
121.604354
122.660136
123.726803
124.847891
125.899320
126.861497
127.921633
128.994830
130.070204
131.071565
132.101224
133.080816
134.158367
135.196735
136.235102
137.264762
138.324898
139.382857
140.445170
141.396463
142.345578
143.325170
144.254694
145.292698
146.499048
148.101587
149.272381
150.290794
151.365079
152.454603
153.541587
154.595556
155.664762
156.726349
157.790476
158.821587
159.891179
160.980317
162.059683
163.111111
164.163061
165.239365
166.280635
167.293968
168.287347
169.283265
170.311837
171.294694
172.264490
173.361633
174.439184
175.374512
176.407800
177.435283
178.504490
179.386122
180.404898
181.423673
182.416327
183.363265
184.414694
185.475918
186.470431
187.467755
188.493061
189.949388
191.102041
192.071837
193.155918
194.197551
195.170612
196.241633
197.263673
198.347755
199.389388
200.440816
201.482449
202.514286
203.565714
204.564898
205.615374
206.622041
207.673469
208.685714
209.737143
210.768980
211.791020
212.960000
214.292245
215.314286
216.277551
217.345306
218.364082
219.435102
220.431020
221.446531
222.494694
223.480816
224.522449
225.531066
226.560000
227.570068
228.614966
229.605079
230.620590
231.627755
232.669751
233.679819
234.704399
235.726236
236.753560
237.786848
238.796916
239.806984
240.814150
241.806803
242.845896
243.855964
244.857324
245.876100
246.903583
247.925261
248.946939
249.977324
251.161542
252.403810
253.631565
254.647438
255.831655
256.963628
258.057868
259.099864
260.071088
261.189660
262.217143
263.285261
264.333061
265.450522
266.504127
267.609977
268.649070
269.687732
270.747574
271.838912
272.892517
273.954830
274.991020
276.009796
277.008254
278.015420
279.005170
280.050068
281.010794
282.029569
283.013515
284.014875
285.007528
286.075646
287.108934
288.133515
289.239365
290.278458
291.215964
292.231837
293.250612
294.324535
295.349116
296.353379
297.354739
298.303855
299.302313
300.312381
301.334535
302.332517
303.461587
304.480363
305.565896
306.590476
307.615057
308.604807
309.684535
310.685896
311.695964
312.743764
313.800272
314.868390
315.930703
316.923356
317.971156
318.987029
319.991293
321.015873
322.002721
323.038912
324.051882
325.032925
326.022676
326.989206
328.002177
328.980317
329.961361
330.933696
331.914739
332.936417
333.917460
334.834286
335.894059
337.017324
338.059320
339.165170
340.201361
341.199819
342.238912
343.652426
344.958549
346.264671
347.649161
349.027846
350.302041
351.637188
352.969433
354.324898
355.758730
357.131610
358.751202
359.932517
360.934240
361.932336
362.881451
363.917642
364.919002
365.876825
366.881088
367.899864
368.915737
369.934512
370.950385
371.957551
372.976327
373.989297
374.996463
376.009433
377.016599
378.012154
379.059955
380.090340
381.141043
382.162721
383.236644
384.232200
385.303220
386.327800
387.393016
388.397279
389.485714
390.603175
391.662585
392.617506
393.674014
394.739229
395.807347
396.829025
397.859410
398.840454
399.891156
400.889615
401.975147
403.034558
404.096871
405.191111
406.398549
407.945578
409.097868
410.206599
411.274739
412.363175
413.405170
414.478209
415.523991
416.607234
417.634104
418.687710
419.776327
420.867483
421.886984
422.924626
424.034853
425.114558
426.168163
427.200000
428.238367
429.200544
430.223673
431.188027
432.204626
433.251701
434.318367
435.271837
436.247075
437.283265
438.349932
439.264218
440.282993
441.256054
442.283537
443.182585
444.216599
445.335510
446.302041
447.333878
448.500680
450.026122
451.174603
452.215873
453.271655
454.298413
455.325170
456.359184
457.353469
458.373878
459.437642
460.453878
461.493333
462.501587
463.550476
464.546032
465.549206
466.549841
467.570794
468.568889
469.633016
470.605714
471.669841
472.647619
473.681270
474.740317
475.766349
476.746667
477.747302
478.775873
479.763810
480.731429
481.744762
482.786032
483.768889
484.731429
485.765079
486.786032
487.776508
488.761905
489.760000
490.760635
491.766349
492.779683
493.767619
494.742857
495.746032
496.703492
497.655873
498.600635
499.545397
500.480000
501.414603
502.359365
503.275420
504.200635
505.124966
506.130794
507.113651
508.101587
509.112381
510.105397
511.057778
512.043175
513.046349
514.057143
515.024762
516.017052
516.977778
517.823492
518.633651
519.395556
520.170522
520.933878
521.737868
522.524444
523.325533
524.109206
524.884172
525.650431
526.535692
527.432562
528.352653
529.237914
530.082540
530.967800
531.835646
532.744127
533.629388
534.503039
535.446349
536.558005
537.361995
538.136961
538.900385
539.678186
540.466259
541.167166
541.984875
542.749025
543.550113
544.322177
545.100045
545.863401
546.684807
547.532336
548.359546
549.310567
550.240363
