0.812971
1.505556
2.104399
2.729116
3.332517
3.936236
4.505669
5.115714
5.699615
6.355828
6.970748
7.563900
8.149705
8.764626
9.332290
9.950068
10.523039
11.560862
12.113696
12.656780
13.345805
13.951701
14.571791
15.216145
15.814785
16.467937
17.028345
17.657460
18.301905
18.866032
19.484580
20.097732
20.765714
21.353061
21.918957
22.530249
23.118005
23.772925
24.363764
24.941882
25.528844
26.136508
26.776825
27.368299
27.988707
28.600091
29.213243
29.797370
30.381497
31.107120
31.581950
32.049932
33.923991
38.369116
40.313923
42.546939
44.187347
46.332245
48.196327
50.191474
52.264490
54.602041
56.632653
58.664490
60.598367
62.669388
64.685306
66.518367
68.575344
70.644490
73.799592
74.580726
75.478707
76.292336
77.156735
77.944898
78.833878
79.782449
80.982676
83.308980
85.025306
87.316735
89.668163
92.136327
94.469615
97.022290
98.416327
100.231837
101.175918
102.542857
104.671655
108.509297
111.531429
113.715918
115.664898
118.146122
120.852653
121.592245
122.308980
123.013469
123.713878
124.514286
125.151383
126.007982
126.668163
127.402857
128.696327
129.370204
129.705306
130.570975
131.903673
132.779683
133.387755
134.411361
135.154694
135.924807
136.284717
137.590612
138.469796
139.135918
140.105306
141.103719
141.802857
142.532245
143.606531
144.432653
145.197959
145.992698
146.863492
147.801270
149.092063
149.971905
150.898776
151.630794
152.407937
153.299683
154.464444
156.152698
157.552381
159.297460
161.324490
163.038095
164.328844
165.308435
166.374286
167.328299
168.166621
168.975510
169.794127
170.381905
171.048209
171.663537
172.322857
172.876190
173.420317
173.994286
174.558095
175.147302
175.690476
176.232381
176.740317
177.229524
177.633696
178.261315
178.728163
179.125624
179.770612
180.352245
180.821224
181.213084
181.567302
182.081224
182.444082
182.917098
183.262857
183.735510
184.151837
184.514286
185.254830
188.717370
191.063810
192.894286
194.272698
197.171020
199.972880
200.657052
201.269796
201.824490
202.484898
203.037710
203.726122
204.297551
204.862449
205.390091
206.045714
206.646531
207.238776
207.774286
208.395510
209.004036
209.590023
210.182857
211.128707
213.597143
215.186440
216.539637
218.098957
219.680227
221.172063
223.137324
225.081723
226.428435
227.983401
229.455011
231.187574
232.758912
235.245397
236.755057
240.398186
244.013560
247.706032
251.170113
254.866803
258.411882
261.979546
265.856463
269.196100
272.458231
275.963583
279.573560
284.297007
289.300771
291.585034
293.750023
298.056054
302.119184
308.089433
314.961497
321.764762
328.574921
335.656327
342.391020
349.417959
356.821088
358.570295
359.980136
361.403265
362.867392
364.436054
365.932562
367.888526
369.841224
374.700408
378.872245
383.477778
387.905714
392.642857
397.464762
399.371746
400.720317
401.892381
403.094286
404.057143
405.361224
407.169524
408.994603
413.734921
417.971746
422.979365
427.177460
432.237143
436.090612
438.867302
442.085714
445.022857
447.677370
448.343492
448.996508
449.551746
450.181905
450.800000
451.400000
451.995238
452.633333
453.258730
453.899819
454.506349
455.058413
455.706440
456.260952
456.862857
457.429524
458.163129
458.785306
459.431429
460.159456
460.843265
461.489796
462.122540
462.753333
463.386395
464.100000
464.729796
465.392857
466.036009
467.224444
468.510794
470.073061
471.567347
472.931020
474.870159
476.278503
477.746531
479.188163
480.410431
483.073061
483.796735
484.453764
485.021905
485.636712
486.220635
486.837778
487.399048
487.998413
488.688231
489.296508
489.845397
490.389206
491.038413
491.587937
492.150567
492.791746
493.551451
494.266667
495.028980
495.769841
496.839048
497.690794
498.674603
499.559365
500.480635
501.409841
502.555556
503.764762
504.752245
505.446349
506.331429
506.861905
507.583810
508.246259
508.851111
509.515057
510.126349
510.747619
511.564376
512.448549
513.112109
