0.292971
0.905556
1.484399
2.049116
2.612517
3.176236
3.725669
4.255714
4.779936
5.395828
5.930748
6.523900
7.049705
7.644626
8.152290
8.750068
9.243039
9.860862
10.353696
10.925593
11.525805
12.091701
12.631791
13.216145
13.754785
14.307937
14.848345
15.417460
15.921905
16.526032
17.044580
17.617732
18.165714
18.733061
19.278957
19.850249
20.418005
21.052925
21.523764
22.121882
22.648844
23.216508
23.796825
24.328299
24.828707
25.420091
26.013243
26.497370
27.081497
27.807120
28.241950
28.769977
29.903991
34.089116
35.973923
37.846939
39.607347
41.712245
43.497848
45.471474
47.384490
49.522041
51.332653
53.182245
54.998367
56.675627
58.425306
59.938367
62.086032
63.984490
67.199592
68.100726
68.958707
69.784671
70.593469
71.384898
72.253878
73.102449
74.142676
77.168980
78.445306
80.056735
81.128163
82.316327
83.689615
85.722290
86.716327
87.851837
88.855918
89.862857
91.331655
93.629297
96.311429
97.895918
99.904898
101.746122
103.572653
104.232245
105.028980
105.833469
106.593878
107.394286
107.931383
108.947982
109.408163
110.202857
110.876327
111.530204
112.225306
113.050975
113.723673
114.699683
115.707755
116.370272
116.994694
117.884807
118.542449
119.430612
120.369796
121.055918
121.902653
122.720531
123.302857
124.072245
124.886531
125.792653
126.617959
127.332698
128.083492
128.901270
129.670688
130.463810
131.378776
132.130794
132.907937
133.659683
134.592222
135.872698
137.452381
138.977460
140.884490
141.878095
142.708844
143.448435
144.184762
144.868299
145.483311
146.075510
146.674127
147.241905
147.788209
148.323537
148.942857
149.436190
149.960317
150.454286
150.919524
151.447302
151.930476
152.377460
152.820317
153.249524
153.673696
154.121315
154.548163
154.945624
155.650612
156.092245
156.641224
157.053084
157.582222
158.161224
158.424082
158.817098
159.202857
159.635510
160.091837
160.531429
160.897415
163.437370
164.893333
166.114286
167.812698
169.707347
173.412880
174.017052
174.569796
175.084490
175.704898
176.197710
176.846122
177.357551
177.902449
178.410091
179.005714
179.566531
180.098776
180.611429
181.195510
181.704036
182.230023
182.822857
183.528707
185.497143
186.586440
187.699637
188.918957
190.060227
191.332063
192.554331
193.861723
194.989478
196.043401
197.195011
198.407574
199.558912
201.225397
202.635057
205.958186
209.073560
212.226032
215.470113
219.002268
222.111882
225.679546
228.716463
231.676100
234.758231
237.643583
241.093560
244.817007
248.820771
250.761678
252.630023
256.596054
260.536735
267.949433
273.601497
278.664762
283.934921
289.276327
294.771020
300.217959
306.401088
307.870295
308.960136
309.883265
310.767392
311.596054
312.772562
313.988526
315.375153
319.920408
323.632245
327.257778
331.125714
335.002857
339.604762
340.971746
342.220635
343.232381
344.274286
345.297143
346.341224
347.689524
349.914603
354.054921
357.691746
361.399683
365.317460
369.591429
374.090612
376.547302
379.185714
381.382857
383.757370
384.363492
384.996508
385.531746
386.121905
386.660000
387.200000
387.715238
388.273333
388.798730
389.419819
389.966349
390.498413
391.086440
391.640952
392.182857
392.677381
393.303129
394.025306
394.771429
395.439728
396.183265
396.869796
397.522540
398.213333
398.866395
399.580000
400.269796
400.952857
401.656009
402.964444
404.010794
404.843265
405.787347
406.851020
408.370794
409.478503
410.446531
411.268163
412.273016
413.673061
414.316735
414.913764
415.481905
415.936712
416.460635
416.797778
417.205578
417.336219
417.874116
418.416508
418.908466
419.429206
419.978413
420.987937
421.910567
422.551746
423.331451
424.226667
424.928980
425.669841
426.519048
427.350794
428.134603
428.939365
429.680635
430.449841
431.242222
432.164762
432.952245
433.411746
434.336825
434.821905
435.423810
436.086259
436.711111
437.275057
437.986349
438.627619
439.484376
440.308549
441.052109
