0.752971
1.425556
2.004399
2.609116
3.172517
3.716236
4.285669
4.855714
5.399615
5.995828
6.590748
7.143900
7.689705
8.304626
8.852290
9.430068
9.983039
10.600862
11.096848
11.616780
12.245805
12.815850
13.370597
13.956145
14.494785
15.107937
15.648345
16.237460
16.781905
17.326032
17.904580
18.517732
19.125714
19.633061
20.198957
20.730249
21.258005
21.852925
22.383764
22.921882
23.434422
23.956508
24.576825
25.048299
25.548707
26.100091
26.673243
27.217370
27.746916
28.407120
28.961950
29.599955
30.423991
34.829116
36.933923
39.086939
40.607347
42.792245
44.516327
46.791474
48.784490
50.782041
52.632653
54.444490
56.478367
58.189388
59.965306
61.778367
63.726032
65.544490
68.259592
69.220726
70.258707
71.332336
72.376735
73.264898
74.193878
75.184898
76.402676
78.408980
79.765306
80.907347
82.448163
83.716327
85.309615
87.062290
88.476327
90.031837
91.455918
92.722857
94.091655
95.749297
98.231429
99.855918
101.864898
104.046122
106.432653
107.144490
107.928980
108.693469
109.393878
110.154286
110.731383
111.687982
112.168163
112.762857
113.556327
114.250204
114.885306
115.550975
116.243673
116.879683
117.487755
118.230272
118.857347
119.644807
120.264717
121.010612
121.769796
122.295918
123.025306
123.783719
124.482857
125.072245
125.846531
126.652653
127.357959
127.966349
128.701164
129.481270
130.272063
130.963810
131.818776
132.430794
133.047937
133.864921
134.664444
135.872698
137.092381
138.577460
140.138634
140.812698
141.496281
142.128435
142.784762
143.448299
144.063311
144.675510
145.294127
145.961905
146.568209
147.203537
147.865714
148.436190
149.040317
149.634286
150.238095
151.247619
152.010476
152.337460
152.960952
153.649524
154.153696
154.901315
155.528163
156.145624
157.050612
157.817959
158.481224
158.953084
159.807302
160.401224
160.924082
161.537098
162.145714
162.875510
163.371837
163.982857
164.534830
166.057370
166.941905
168.054286
168.688175
169.771837
171.812880
172.477052
173.069796
173.604490
174.224898
174.777710
175.446122
176.017551
176.602449
177.130091
177.725714
178.346531
178.878776
179.431429
180.015510
180.572018
181.130023
181.722857
182.294785
183.817143
184.578087
185.469819
186.518957
187.640227
188.978016
189.734331
190.901723
191.409478
192.229612
193.155011
194.347574
195.458912
196.565397
198.015057
200.958186
203.933560
206.786032
209.770113
212.706803
215.591882
218.459546
221.376463
224.256100
227.078231
229.983583
232.813560
236.437007
240.040771
242.121678
244.170023
248.176054
252.438367
257.069433
261.641497
266.184762
270.694921
275.216327
279.695510
284.238980
290.922177
293.050295
295.280136
296.763265
298.404354
299.932109
301.412562
303.268526
305.301224
309.920408
313.712245
317.257778
320.965714
324.462857
329.644762
332.031746
334.280317
335.532381
337.228571
338.917143
340.801224
342.489524
344.314603
348.714921
352.391746
356.459365
359.577460
363.151429
366.770612
369.367302
372.125714
374.482857
376.097370
377.206984
377.896508
378.491746
379.761905
380.400000
380.980000
381.615238
382.253333
382.878730
383.539819
384.126349
384.718413
385.346440
385.940952
386.542857
387.209524
387.983129
388.625306
389.331429
390.019728
390.763265
391.429796
392.102540
392.773333
393.446395
394.200000
394.909796
395.572857
396.256009
397.204444
398.210794
399.406531
400.567347
401.731020
403.170159
404.772517
406.239592
407.988163
409.453016
412.233061
412.856735
413.493764
414.021905
414.636712
415.180635
415.797778
416.359048
416.958413
417.528231
418.096508
418.665397
419.169206
419.778413
420.367937
420.941134
421.591746
422.331451
423.046667
423.748980
424.509841
425.536190
426.630794
427.654603
428.639365
429.501905
430.349841
431.162222
431.804762
432.972245
433.706349
434.544127
435.141905
435.806667
436.446259
437.051111
437.615057
438.286349
438.867619
439.604376
440.548549
441.292109
