1.172971
1.925556
2.604399
3.289116
3.992517
4.656236
5.305669
5.935714
6.599615
7.275828
7.910748
8.523900
9.189705
9.824626
10.452290
11.070068
11.643039
12.280862
12.873696
13.452260
14.065805
14.671701
15.311791
15.956145
16.594785
17.247937
17.828345
18.477460
19.081905
19.666032
20.324580
20.957732
21.625714
22.233061
22.857914
23.510249
24.098005
24.752925
25.403764
26.021882
26.608844
27.236508
27.936825
28.548299
29.188707
29.780091
30.433243
31.017370
31.561497
32.322721
32.841950
33.269977
34.143991
37.589116
40.033923
42.366939
44.847347
46.992245
49.676327
52.191474
54.784490
57.142041
59.332653
61.164490
63.298367
65.169388
67.165306
69.218367
71.563016
73.524490
76.419592
77.080726
77.758707
78.392336
79.036735
79.624898
80.353878
81.002449
82.202676
85.408980
87.225306
89.136735
91.128163
92.916327
94.829615
97.240573
98.396327
99.551837
100.495918
101.442857
103.051655
105.569297
108.631429
110.795918
112.784898
114.706122
117.192653
117.892245
118.568980
119.273469
119.953878
120.574286
121.231383
122.127982
122.648163
123.242857
123.996327
124.630204
125.325306
125.950975
126.783673
127.479683
128.227755
128.910816
129.574694
130.404807
130.944717
131.710612
132.529796
133.195918
133.995102
134.803719
135.442857
136.112245
136.846531
137.632653
138.337959
138.952698
139.703492
140.461270
141.584021
142.383810
143.278776
144.090794
144.867937
145.679683
146.544444
148.032698
150.032381
152.177460
154.304490
156.038095
157.288844
158.308435
159.224762
160.108299
160.803311
161.595510
162.394127
163.041905
163.628209
164.243537
164.922857
165.476190
166.080317
166.654286
167.218095
167.887302
168.550476
169.037460
169.600317
170.069524
170.593696
171.121315
171.688163
172.131247
172.710612
173.172245
173.741224
174.173084
174.607302
175.081224
175.584082
176.057098
176.502857
176.991020
177.531837
177.948571
178.494830
182.037370
183.501905
185.094286
186.243492
188.183673
191.412880
192.137052
192.809796
193.404490
194.084898
194.677710
195.346122
195.937551
196.502449
197.030091
197.645714
198.246531
198.798776
199.311429
199.955510
200.512018
201.070023
201.662857
202.428707
204.317143
205.746440
207.179637
208.658957
210.080227
211.512063
213.114331
214.601723
215.809478
217.163401
218.495011
219.947574
221.098912
222.425397
223.895057
227.392744
230.753560
234.126032
237.590113
240.946803
244.271882
247.539546
250.856463
254.236100
257.618231
261.083583
264.093560
267.837007
271.340771
273.201678
274.990023
278.536054
282.179184
287.189433
293.841497
300.404762
306.849841
313.516327
320.251020
326.917959
336.581088
338.690295
339.960136
341.143265
342.227392
343.316054
344.412562
345.897052
347.681224
352.480408
357.092245
361.697778
366.345714
371.002857
377.644762
380.211746
381.480317
382.612381
383.614286
384.597143
385.621224
387.109524
389.167302
393.754921
398.071746
403.059683
407.397460
412.031429
413.510612
414.807302
416.145714
417.382857
418.655474
419.263492
419.916508
420.531746
421.161905
421.820000
422.420000
423.035238
423.693333
424.338730
425.019819
425.626349
426.276825
426.926440
427.560952
428.182857
428.749524
429.423129
430.065306
430.731429
431.419728
432.083265
432.709796
433.342540
434.033333
434.706395
435.420000
436.049796
436.712857
437.396009
438.204444
439.110794
440.246531
441.507347
442.651020
443.970159
445.118503
446.186531
447.348163
448.393016
451.253061
451.956735
452.613764
453.221905
453.913424
454.500635
455.117778
455.699048
456.338413
456.928231
457.536508
458.105397
458.689206
459.379206
459.967937
460.455283
461.071746
461.811451
462.506667
463.208980
464.089841
464.759048
465.490794
466.234603
466.879365
467.601270
468.309841
469.062222
469.844762
470.472245
470.786349
471.316825
471.821905
472.367619
472.926259
473.433333
473.995057
474.506349
475.127619
475.884376
476.608549
477.352109
