1.452971
2.065556
2.684399
3.329116
3.912517
4.456236
5.105669
5.715714
6.279615
6.915828
7.550748
8.143900
8.709705
9.324626
9.892290
10.510068
11.063039
11.780862
12.353696
12.836780
13.465805
14.031701
14.611791
15.216145
15.774785
16.407937
16.928345
17.537460
18.081905
18.626032
19.204580
19.817732
20.445714
21.013061
21.578957
22.170249
22.718005
23.352925
23.903764
24.461882
25.028844
25.636508
26.256825
26.808299
27.374354
27.960181
28.593243
29.137370
29.721497
30.367120
30.801950
31.319683
32.583991
35.889116
38.033923
40.026939
41.767347
43.992245
45.479475
47.431474
49.444490
51.622041
53.432653
55.464490
57.418367
59.209388
60.965306
62.698367
64.806032
66.704490
70.259592
71.060726
71.858707
72.692336
73.476735
74.264898
75.127755
75.954694
77.094225
79.288980
80.985306
82.816735
84.708163
87.245306
89.529615
92.402290
94.276327
96.909388
98.035918
99.974286
102.031655
106.569297
109.891429
111.955918
114.244898
117.446122
120.352653
121.052245
121.728980
122.433469
123.053878
123.714286
124.331383
125.327982
125.808163
126.562857
127.256327
127.950204
128.585306
129.330975
130.523673
131.159683
131.887755
132.630272
133.374694
134.544807
135.124717
136.010612
136.809796
137.515918
138.585306
139.566032
140.362857
141.104490
142.046531
142.932653
143.797959
144.612698
145.503492
146.541270
147.572063
148.523810
149.538776
150.350794
151.467937
152.439683
153.528889
155.592698
157.272381
159.417460
161.964490
163.418095
164.468844
165.328435
166.284762
167.108299
167.923311
168.615510
169.514127
170.181905
170.888209
171.763537
172.562857
173.296190
173.900317
174.654286
175.218095
175.909206
176.630476
177.217460
177.800317
178.249524
178.853696
179.481315
179.928163
180.445624
181.050612
181.572245
182.061224
182.473084
182.887302
183.401224
183.904082
184.297098
184.742857
185.355510
185.771837
186.114286
188.214830
190.957370
192.741905
195.274286
197.652698
200.111837
203.849185
204.317052
204.889796
205.424490
206.044898
206.557710
207.206122
207.777551
208.342449
208.870091
209.485714
210.066531
210.618776
211.142857
211.775510
212.344036
212.910023
213.462857
214.248707
216.417143
217.766440
219.159637
220.438957
221.760076
222.972063
224.574331
225.921723
227.149478
228.243401
229.815011
231.127574
232.398912
233.790794
235.495057
238.798186
242.033560
245.326032
248.500227
251.666803
254.931882
258.199546
261.636463
264.796100
268.018231
271.403583
274.727120
278.977007
283.123084
285.381678
288.070023
292.536054
297.259184
303.549433
308.981497
314.404762
319.974921
325.636327
331.111020
336.817959
342.821088
344.850295
346.720408
348.623265
350.567392
352.536054
354.572562
356.568526
358.641224
363.940408
368.492245
372.717778
377.145714
381.642857
386.644762
388.911746
390.760317
392.852381
394.874286
396.897143
399.041224
401.309524
403.534603
408.854921
413.191746
417.619365
422.117460
427.182857
431.290612
433.927302
436.771429
439.282857
441.277370
442.403492
443.036508
443.631746
444.221905
444.820000
445.380000
445.995238
446.633333
447.198730
447.819819
448.426349
448.958413
449.566440
450.160952
450.742857
451.289524
452.063129
452.537061
453.111429
453.779728
454.423265
455.049796
455.640847
456.253333
456.826395
457.560000
458.177959
458.852857
459.576009
460.564444
461.530794
462.526531
463.231837
464.205510
465.650159
466.738503
467.806531
468.808163
469.649418
471.333061
472.016735
472.633764
473.221905
473.796712
474.400635
475.017778
475.579048
476.158413
476.748231
477.316508
477.865397
478.429206
479.104603
479.653968
480.235283
480.691746
481.331451
481.966667
482.568980
483.109841
483.959048
484.750794
485.574603
486.379365
487.100635
487.949524
488.831111
489.684762
490.492245
491.186349
491.756825
492.341905
492.943810
493.566259
494.131111
494.755057
495.286349
495.907619
496.284376
497.108549
497.892109
