0.592971
1.145556
1.684399
2.229116
2.772517
3.276236
3.845669
4.315714
4.799615
5.335828
5.910748
6.423900
6.909705
7.424626
7.952290
8.510068
8.983039
9.500862
9.993696
10.536780
11.025805
11.591701
12.071791
12.596145
13.134785
13.702646
14.128345
14.677460
15.221905
15.726032
16.264580
16.737732
17.385714
17.893061
18.398957
18.850249
19.438005
20.016463
20.563764
21.081882
21.608844
22.116508
22.736825
23.248299
23.728707
24.300091
24.843311
25.357370
25.901497
26.502373
26.801950
27.209977
28.123991
31.469116
33.513923
35.418367
37.247347
39.332245
40.736327
42.671474
44.376035
46.302041
48.032653
49.335561
51.178367
52.693878
54.288435
55.758367
57.766032
59.964490
63.359592
64.340726
65.338707
66.481678
67.330204
68.304898
69.427755
70.444898
71.802676
74.428980
75.785306
77.596735
79.528163
81.836327
83.969615
86.682290
88.636327
91.411837
92.475918
94.202857
95.471655
97.369297
100.271429
101.955918
103.924898
105.586122
107.406327
107.997415
108.628980
109.093469
109.653878
110.197143
110.611383
111.307982
111.648163
112.102857
112.716327
113.290204
113.665306
114.090975
114.723673
115.319683
115.927755
116.610272
117.294694
118.144807
118.624717
119.470612
120.269796
120.955918
121.618664
122.263719
122.942857
123.464490
124.273265
124.952653
125.657959
126.252698
127.023492
127.561270
128.452063
129.143810
129.978776
130.550794
131.267937
131.799683
132.604444
133.987725
135.412381
137.117460
138.844490
140.012698
140.888844
141.577687
142.164762
142.808299
143.323311
143.875510
144.391376
144.841905
145.368209
145.883537
146.302857
146.716190
147.120317
147.494286
147.838095
148.327302
148.750476
149.077460
149.540317
149.849524
150.213696
150.741315
151.078027
151.411406
151.750612
152.112245
152.521224
152.853084
153.147302
153.621224
153.824082
154.157098
154.502857
154.875510
155.285918
155.574286
155.927415
158.177370
159.641905
160.754286
162.558095
164.431837
166.852880
167.457052
167.969796
168.524490
169.084898
169.617710
170.166122
170.737551
171.302449
171.710091
172.285714
172.826531
173.358776
173.871429
174.375510
174.944036
175.510023
176.042857
176.828707
178.937143
180.226440
181.599637
182.878957
184.060227
185.312063
186.614331
187.841723
189.069478
190.203401
191.447506
192.667574
193.878912
195.236190
196.735057
199.958186
203.093560
206.246032
209.490113
212.606803
215.711882
218.759546
221.956463
225.016100
228.018231
231.223583
233.913560
237.597007
241.400771
243.563356
245.290023
249.136054
253.378367
259.509433
264.761497
269.824762
274.918307
280.136327
284.971020
290.228980
296.741088
298.930295
300.700136
302.303265
303.914785
305.408980
306.752562
307.888526
309.045306
313.940408
318.092245
321.837778
325.825714
330.880000
337.524762
340.410476
342.280317
343.652381
345.334286
346.857143
348.201224
349.249524
350.874603
355.894921
360.171746
364.139365
368.237460
373.751429
377.691837
381.147302
383.185714
385.082857
386.897370
387.503492
388.096508
388.631746
389.221905
389.760000
390.300000
390.875238
391.585965
391.978730
392.499819
393.006349
393.538413
394.066440
394.640952
395.142857
395.629524
396.383129
397.025306
397.711429
398.379728
399.083265
399.769796
400.442540
401.093333
401.746395
402.440000
403.109796
403.792857
404.436009
405.724444
406.750794
407.866531
409.047347
410.031020
411.250159
412.158503
413.086531
414.128163
414.912092
417.293061
417.876735
418.493764
418.941905
419.456712
419.920635
420.517778
421.019048
421.538413
422.128231
422.696508
423.185397
423.689206
424.258413
424.747937
425.195283
425.863492
426.631451
427.346667
428.088980
428.789841
429.699048
430.630794
431.574603
432.639365
433.480635
434.269841
435.062222
435.784762
436.512245
437.019048
437.736825
438.401905
439.043810
439.718776
440.311111
440.955057
441.566349
442.267619
443.084376
443.928549
444.712109
