0.552971
1.225556
1.904399
2.549116
3.172517
3.796236
4.445669
5.075714
5.699615
6.295828
6.970748
7.603900
8.249705
8.884626
9.512290
10.150068
10.723039
11.380862
11.973696
12.536780
13.165805
13.791701
14.371791
14.976145
15.574785
16.247937
16.828345
17.457460
18.041905
18.626032
19.264580
19.917732
20.605714
21.213061
21.857914
22.490249
23.078005
23.752925
24.383764
25.061882
25.648844
26.316508
27.016825
27.608299
28.248707
28.840544
29.553243
30.137370
30.781497
31.463560
31.921950
32.379819
33.903991
38.469116
40.573923
42.146939
43.702449
45.432245
47.096880
48.691474
50.560641
52.362041
54.172653
55.744490
57.578367
59.289388
61.065306
62.678367
65.046032
66.964490
70.259592
70.842902
71.638707
72.652336
73.416735
74.284898
75.413878
76.534694
77.922676
81.608980
83.545306
85.556735
87.548163
89.536327
91.389615
93.862290
95.236327
96.631837
97.955918
99.262857
100.791655
105.169297
108.871429
111.795918
114.344898
116.753061
119.312653
120.032245
120.768980
121.453469
122.173878
122.948571
123.511383
124.447982
124.988163
125.902857
126.536327
127.210204
127.985306
128.656825
129.423673
130.359683
131.207755
131.790272
132.594694
133.584807
134.324717
135.170612
135.969796
136.655918
137.705306
138.587438
139.322857
140.032245
141.066531
141.912653
142.637959
143.412698
144.363492
145.321270
146.410688
147.323810
148.258776
149.030794
149.867937
150.819365
151.844444
153.932698
155.772381
157.497460
159.551429
160.878095
161.637769
162.108435
162.804762
163.348299
163.823311
164.375510
164.877063
165.213968
165.788209
166.363537
166.982857
167.476190
167.980317
168.474286
168.958095
169.547302
170.030476
170.514921
171.020952
171.499048
171.953696
172.541315
172.988163
173.425624
174.010612
174.552245
175.021224
175.493084
175.867302
176.401224
176.784082
177.288390
177.702857
178.191020
178.671837
179.034286
179.514830
185.077370
186.561905
188.774286
190.552698
194.539184
199.852880
200.557052
201.189796
201.784490
202.444898
203.057710
203.706122
204.317551
204.902449
205.430091
206.085714
206.726531
207.298776
207.857143
208.495510
209.104036
209.710023
210.342857
211.128707
214.037143
215.606440
217.359637
218.538957
219.680227
220.773016
222.034331
223.261723
224.409478
225.483401
226.685002
227.807574
228.958912
230.225397
231.655057
234.718186
237.713560
240.626032
243.710113
246.486803
249.211882
251.879546
254.656463
257.496100
260.358231
263.303583
266.153560
269.897007
273.680771
275.641678
277.430023
281.216054
285.379184
293.629433
299.341497
304.604762
310.038730
315.576327
320.891020
326.677959
334.981088
337.010295
338.380136
339.843265
341.222177
342.580272
344.072562
345.948526
348.221224
353.660408
357.492245
360.997778
364.905714
368.662857
375.184762
378.031746
379.420317
380.752381
382.074286
383.408571
384.901224
386.589524
388.734603
393.477910
397.091746
400.899365
404.457460
408.571429
412.630612
416.227302
419.545714
422.822857
425.197370
426.423492
427.096508
427.731746
428.361905
429.000000
429.600000
430.215238
430.873333
431.498730
432.179819
432.786349
433.378413
434.006440
434.620952
435.282857
435.869524
436.543129
437.165306
437.811429
438.479728
439.123265
439.769796
440.402540
441.033333
441.666395
442.380000
443.049796
443.712857
444.396009
445.364444
446.290794
447.446531
448.787347
449.971020
451.210159
452.598503
453.846531
455.428163
456.873016
459.553061
461.196735
461.853764
462.441905
463.036712
463.600635
464.217778
464.859048
465.478413
466.108231
466.696508
467.285397
467.829206
468.438413
469.107937
469.675283
470.311746
471.011451
471.766667
472.328980
473.009841
473.739048
474.510794
475.334603
476.059365
476.740635
477.489841
478.282222
479.064762
479.912245
480.446349
481.236825
481.761905
482.503810
483.066259
483.531111
484.275057
484.886349
485.547619
486.224376
486.928549
487.652109
