0.772971
1.465556
2.064399
2.689116
3.292517
3.876236
4.485669
5.075714
5.619615
6.235828
6.850748
7.423900
7.989705
8.584626
9.152290
9.770068
10.323039
10.920862
11.453696
11.956780
12.585805
13.171701
13.691791
14.276145
14.794785
15.407937
15.948345
16.517460
17.041905
17.546032
18.104580
18.697732
19.305714
19.833061
20.378957
21.010249
21.578005
22.212925
22.803764
23.380941
23.868844
24.496508
25.116825
25.668299
26.248707
26.840091
27.453243
28.037370
28.601497
29.287120
29.721950
30.219955
31.803991
35.729116
37.573923
39.566939
40.947347
42.952245
44.596327
46.811474
48.484490
50.342041
52.285306
53.744490
55.558367
56.889388
58.505306
59.838367
61.976508
63.802245
66.879592
67.680726
68.418707
69.132336
69.836735
70.464898
71.253878
71.969796
73.182676
75.968980
77.445306
79.316735
80.908163
82.279694
83.769615
86.202290
87.276327
88.511837
89.435918
90.402857
91.931655
93.929297
97.031429
99.506939
101.844898
103.646122
105.412653
105.952245
106.588980
107.113469
107.693878
108.314286
108.877846
109.647982
110.208163
110.842857
111.476327
112.010204
112.565306
113.250975
113.963673
114.599683
115.267755
115.730272
116.394694
117.184807
117.544717
118.310612
119.029796
119.625306
120.425306
120.940744
121.562857
122.132245
122.846531
123.412653
124.017959
124.672698
125.503492
126.041270
126.765344
127.523810
128.272925
128.810794
129.547937
130.219683
131.164444
132.752698
134.272381
136.057460
138.188980
139.778095
140.748844
141.408435
141.996190
142.548299
143.043311
143.575510
144.114127
144.660952
145.228209
145.843537
146.482857
147.016190
147.540317
148.014286
148.578095
149.147302
149.670476
150.137460
150.600317
151.069524
151.493696
152.061315
152.456054
152.845624
153.490612
153.992245
154.461224
154.926168
155.387302
155.821224
156.184082
156.537098
157.022857
157.455510
157.871837
158.234286
158.854830
161.417370
165.033333
166.274286
167.452698
169.671837
173.812880
174.517052
175.109796
175.684490
176.304898
176.857710
177.506122
178.077551
178.622449
179.150091
179.762857
180.346531
180.898776
181.411429
182.015510
182.584036
183.130023
183.722857
184.508707
186.837143
188.306440
190.399637
191.778957
193.020227
194.172063
195.514331
196.781723
197.989478
199.243401
200.507002
201.747574
202.938912
204.965397
206.555057
210.318186
214.153560
217.706032
221.630113
224.946803
228.311882
231.439546
234.556463
237.456100
240.378231
243.123583
245.813560
248.737007
251.880771
253.601678
255.150023
258.436054
261.619184
268.569433
275.101497
281.384762
288.054921
294.936327
301.411020
308.017959
317.641088
320.090295
321.400136
322.463265
323.667392
324.696054
325.712562
327.128526
329.061224
334.040408
338.266122
342.177778
346.445714
351.862857
358.344762
360.691746
362.221905
363.592381
364.554286
365.517143
366.561224
367.969524
370.674603
374.894921
379.091746
383.159365
387.737460
393.391429
397.162449
399.527302
401.345714
403.022857
404.937370
405.803492
406.596508
407.331746
408.001905
408.720000
409.360000
409.977619
410.653333
411.218730
411.859819
412.446349
413.038413
413.646440
414.260952
414.862857
415.449524
416.183129
416.885306
417.611429
418.339728
419.043265
419.729796
420.442540
421.133333
421.826395
422.600000
423.309796
424.032857
424.756009
425.764444
426.790794
427.866531
429.127347
430.291020
431.890159
433.038503
434.086531
435.188163
436.333016
440.273061
440.916735
441.573764
442.143810
442.796712
443.360635
443.977778
444.599048
445.218413
445.848231
446.456508
447.045397
447.589206
448.238413
448.847937
449.475283
450.151746
451.011451
451.866667
452.688980
453.549841
454.779048
455.910794
457.114603
457.919365
459.440635
460.389841
461.302222
462.104762
463.292245
464.226349
465.291429
465.981905
466.743810
467.446259
467.871111
468.355057
468.786349
469.387619
470.184376
471.008549
471.912109
