1.704853
2.425556
3.024399
3.629116
4.232517
4.796236
5.385669
5.975714
6.519615
7.195828
7.770748
8.343900
8.889705
9.524626
10.072290
10.670068
11.183039
11.820862
12.353696
12.878390
13.565805
14.151701
14.731791
15.336145
15.894785
16.547937
17.088345
17.677460
18.261905
18.826032
19.404580
20.017732
20.625714
21.193061
21.738957
22.350249
22.898005
23.512925
24.083764
24.681882
25.248844
25.876508
26.476825
27.048299
27.668707
28.240091
28.893243
29.437370
30.041497
30.787120
31.221950
31.769615
32.923991
36.169116
38.193923
39.806939
41.387347
43.052245
44.576327
46.231474
47.864490
49.442041
51.032653
52.444490
54.319184
55.709388
57.305306
59.078367
61.306032
63.284490
65.979592
67.080726
67.998707
68.912336
69.836735
70.644898
71.567755
72.712245
74.182676
77.628980
79.405306
81.496735
83.588163
85.696327
87.449615
89.822290
90.976327
92.111837
93.095918
94.102857
95.251655
98.009297
100.711429
102.775918
104.904898
106.786122
109.552653
110.332245
111.088980
111.853469
112.633878
113.554286
114.031383
115.047982
115.608163
116.322857
117.156327
117.890204
118.665306
119.370975
120.243673
121.239683
122.087755
122.710272
123.494694
124.524807
124.884717
125.770612
126.569796
127.275918
128.165306
129.183719
129.882857
130.692245
131.566531
132.472653
133.457959
134.172698
135.163492
136.001270
137.412063
138.223810
139.098776
139.850794
140.687937
141.599683
142.724444
144.272698
146.012381
147.997460
149.904490
151.358095
152.428844
153.208435
153.844762
154.528299
155.123311
155.715510
156.294127
156.901905
157.468209
158.043537
158.662857
159.176190
159.760317
160.334286
160.878095
161.481905
162.030476
162.554921
163.140317
163.609524
164.193696
164.801315
165.308163
165.825624
166.490612
167.032245
167.521224
167.873084
168.627302
169.181224
169.664082
170.137098
170.728571
171.266531
171.771837
172.322857
172.854830
175.697370
177.461905
179.394286
181.312698
183.311837
187.652880
188.377052
188.989796
189.504490
190.124898
190.637710
191.266122
191.837551
192.422449
192.950091
193.565714
194.166531
194.738776
195.282857
195.895510
196.484036
197.050023
197.682857
198.468707
200.997143
202.386440
203.779637
205.178957
206.460227
207.727438
209.094331
210.401723
211.629478
212.843401
214.065004
215.247574
216.338912
217.605397
219.115057
222.398186
225.633560
228.866032
232.010113
235.106803
238.151882
241.299546
244.456463
247.616100
250.818231
254.123583
257.333560
261.817007
266.260771
268.541678
270.810023
275.116054
280.059184
287.349433
292.581497
297.544762
302.654921
307.656327
312.722755
317.857959
327.321088
329.410295
331.180136
332.203265
333.187392
334.096054
335.512562
336.948526
338.681224
343.260408
346.732245
350.277778
353.585714
357.042857
362.504762
365.095238
368.800317
369.736190
370.614286
371.457143
372.661224
374.149524
376.034603
380.774921
384.351746
387.959365
391.537460
395.151429
398.550612
400.507302
402.645714
404.602857
406.537370
407.143492
407.816508
408.411746
409.001905
409.660000
410.260000
410.855238
411.473333
412.098730
412.719819
413.306349
413.898413
414.486440
415.100952
415.702857
416.249524
417.023129
417.645306
418.305714
418.939728
419.621633
420.229796
420.862540
421.493333
422.146395
422.820000
423.449796
424.092857
424.736009
425.704444
426.930794
428.206531
429.467347
430.851020
432.250159
433.558503
434.746531
436.288163
437.613016
440.553061
441.196735
441.853764
442.381905
442.996712
443.540635
444.157778
444.719048
445.298413
445.888231
446.496508
447.045397
447.618413
448.238413
448.847937
449.375283
449.891746
450.611451
451.306061
451.868980
452.509841
453.377143
454.290794
455.194603
456.039365
456.820635
457.669841
458.462222
459.184762
460.352245
460.966349
461.777778
462.381905
463.043810
463.666259
464.211111
464.875057
465.472698
466.067619
466.744376
467.408549
468.112109
