0.772971
1.496667
2.204399
2.929116
3.652517
4.316236
5.031338
5.755714
6.419615
7.155828
7.850748
8.603900
9.309705
9.964626
10.652290
11.350068
12.023039
12.760862
13.393696
14.016780
14.811610
15.451701
16.167166
16.856145
17.494785
18.207937
18.868345
19.617460
20.241905
20.866032
21.564580
22.237732
23.065714
23.713061
24.398957
25.090249
25.758005
26.452925
27.163764
27.801882
28.388844
29.176508
29.856825
30.448299
31.128707
31.720091
32.473243
33.057370
33.701497
34.387120
35.201950
35.719819
37.263991
42.729116
44.773923
46.926939
48.667347
50.852245
52.676327
54.951474
57.304490
58.583503
60.292653
62.193224
63.658367
65.209388
68.265306
70.258367
72.324339
74.044490
77.719592
78.760726
80.497415
82.432336
84.016735
85.604490
87.233878
89.122449
90.382676
93.488980
94.965306
96.796735
98.568163
100.176327
102.129615
104.302290
105.636327
107.231837
108.695918
110.422857
112.211655
114.169297
116.671429
118.515918
120.344898
122.126122
124.532653
125.192245
125.888980
127.493469
128.193878
129.394286
130.131383
131.487982
132.148163
132.942857
134.276327
135.390204
136.025306
137.250975
138.094694
139.599683
140.207755
140.770272
141.634694
142.584807
143.497732
144.510612
145.509796
146.275918
147.305306
148.463719
149.162857
150.212245
151.426531
152.312653
153.197959
154.072698
155.203492
156.021270
157.452063
158.563810
159.618776
160.610794
161.767937
162.859365
163.864444
165.612698
167.452381
169.657460
171.364490
172.519048
173.228844
173.944218
174.604762
175.328299
175.983311
176.735510
177.474127
178.161905
178.748209
179.807075
180.562857
181.236190
181.960317
182.694286
183.498095
184.293016
186.930476
188.177460
188.980317
189.789524
191.153696
192.801315
193.408163
194.185624
195.810612
197.081224
198.121224
199.093084
200.181905
201.341224
202.264082
202.977098
204.022857
205.212653
205.951837
206.931429
207.554830
209.397849
210.181905
211.294286
212.312698
213.651837
216.652880
217.377052
218.109796
218.784490
219.524898
220.117710
221.046122
221.757551
222.362449
223.010091
223.705714
224.346531
225.038776
225.651429
226.255510
226.944036
227.610023
228.180317
228.573741
230.237143
231.706440
232.839637
234.398957
235.620227
236.712063
237.614331
238.324345
239.169478
240.243401
241.535011
242.847574
244.038912
245.405397
246.875057
250.478186
253.493560
256.446032
259.410113
262.306803
265.291882
268.259546
271.396463
274.256100
277.178231
280.183583
283.053560
286.997007
291.480771
294.821678
297.930023
302.156054
306.323673
310.673679
314.161497
317.704762
321.514921
325.176327
329.611020
333.078980
341.681088
343.750295
345.060136
346.363265
349.147392
351.956054
354.772562
357.768526
360.421224
364.660408
367.952245
371.357778
374.165714
377.053810
381.304762
383.611746
386.880635
390.152381
393.334286
396.137143
399.021224
402.189524
405.674603
409.494921
412.856783
416.659365
419.537460
422.671429
425.490612
428.787302
432.025714
434.822857
437.197370
438.563492
439.316508
439.991746
440.661905
441.360000
442.020000
442.695238
443.413333
444.118730
444.819819
445.526349
446.178413
446.866440
447.501905
448.242857
448.849524
449.663129
450.325306
451.031429
451.719728
452.483265
453.189796
453.902540
454.613333
455.306395
456.060000
456.769796
457.452857
458.176009
460.644444
462.590794
464.266531
466.647347
467.982041
470.250159
472.078503
473.685714
475.868163
477.273016
480.533061
481.296735
482.053764
482.643810
483.376712
483.980635
484.711111
485.357143
486.053651
486.708231
487.396508
488.005397
488.609206
489.378413
490.007937
490.575283
491.231746
491.971451
492.786667
493.468980
494.469841
495.760000
496.990794
498.294603
499.159365
500.560635
501.709841
503.202222
504.184762
505.332245
506.259048
507.156825
507.941905
508.763810
509.546259
510.291111
511.075057
511.866349
512.647619
513.564376
514.508549
515.252109
