1.265941
2.025556
2.704399
3.409116
4.072517
4.752472
5.405669
6.071429
6.719615
7.395828
8.110748
8.743900
9.409705
10.064626
10.752290
11.410068
12.023039
12.760862
13.373696
13.976780
14.685805
15.351701
16.031791
16.676145
17.334785
18.047937
18.668345
19.317460
19.961905
20.566032
21.264580
21.957732
22.685714
23.293061
23.917914
24.550249
25.138005
25.818776
26.483764
27.081882
27.648844
28.293016
28.936825
29.468299
30.088707
30.660091
31.253243
31.837370
32.461497
33.427120
34.001950
34.469977
35.303991
40.309116
42.233923
44.086939
45.287347
47.112245
48.656327
50.791474
53.084490
53.941828
55.432653
57.097268
58.418367
60.209388
61.985306
63.518367
65.386032
66.684490
68.879592
69.540726
70.878707
72.312336
73.616735
74.909796
76.213878
77.622449
79.362676
82.548980
84.365306
86.276735
88.448163
90.276327
91.968269
93.782290
95.316327
96.911837
98.455918
99.842857
101.351655
103.269297
106.051429
107.775918
109.664898
111.806122
114.072653
114.612245
115.488980
116.453469
117.107755
117.994286
118.691383
119.787982
120.388163
121.122857
122.096327
123.150204
123.745306
124.650975
125.443673
126.899683
127.487755
128.210272
128.994694
130.444807
130.868299
131.890612
132.749796
133.415918
134.485306
135.343719
136.142857
137.152245
138.066531
138.952653
139.897959
140.692698
141.643492
142.461270
143.592063
144.443810
145.378776
146.130794
146.947937
147.899683
148.804444
150.157566
151.216190
152.439637
153.864490
154.238095
154.762873
155.148435
155.544762
156.008299
156.423311
156.855510
157.367063
157.840476
158.148209
158.703537
159.241429
159.656190
160.140159
160.694286
161.258095
162.116508
162.850476
163.837460
165.240317
165.669524
166.473696
167.761315
168.408163
169.645624
170.450612
171.356735
172.521224
173.233084
173.841905
174.601224
175.144082
175.617098
176.231429
176.806531
177.291837
177.674286
178.134830
179.577370
180.221905
181.774286
182.832698
184.471837
186.452880
187.177052
187.869796
188.504490
189.184898
189.757710
190.546122
191.177551
191.782449
192.430091
193.165714
193.786531
194.478776
195.057143
195.715510
196.246291
196.690023
197.422857
198.102902
200.017143
201.426440
202.426606
203.678957
205.500032
206.525415
207.174331
208.281671
208.669478
209.743401
211.015011
212.267574
213.378912
214.525397
216.075057
219.338186
222.613560
225.806032
229.050113
232.366803
235.451882
238.619546
241.776463
244.936100
248.118231
251.723583
254.793560
259.117007
263.340771
265.341678
267.350023
271.156054
275.079184
279.589433
283.561497
287.364762
291.254921
295.136327
298.765510
302.699320
307.641088
310.030295
312.860136
315.823265
318.327392
320.816054
322.972562
325.268526
327.201224
331.640408
335.132245
338.597778
341.705714
345.055873
349.204762
351.511746
354.360317
357.312381
359.834286
362.368571
364.381224
366.629524
369.094603
372.947460
376.551746
380.159365
383.197460
386.851429
389.710612
392.867302
396.065714
399.382857
402.097370
402.803492
403.476508
404.151746
404.821905
405.500000
406.120000
406.775238
407.473333
408.138730
408.819819
409.486349
410.158413
410.846440
411.520952
412.182857
412.769524
413.523129
414.145306
414.851429
415.479728
416.163265
416.829796
417.502540
418.153333
418.826395
419.520000
420.149796
420.884286
421.476009
423.064444
424.632381
426.046531
428.127347
429.511020
431.590159
433.238503
434.286531
436.808163
437.893016
441.213061
441.916735
442.613764
443.261905
443.896712
444.480635
445.137778
445.759048
446.398413
447.108231
447.696508
448.285397
448.869206
449.538413
450.127937
450.705850
451.671746
453.411451
455.333333
456.548980
458.169841
459.719048
461.270794
462.789206
464.359365
465.840635
467.589841
468.782222
470.944762
472.592245
473.986349
474.965079
475.581905
476.223810
476.906259
477.471111
478.010113
478.666349
479.227619
479.864376
480.688549
481.352109
