0.332971
1.025556
1.624399
2.289116
2.932517
3.536236
4.145669
4.775714
5.399615
6.035828
6.670748
7.283900
7.958821
8.524626
9.172290
9.790068
10.363039
11.060862
11.613696
12.216780
12.885805
13.471701
14.031791
14.656145
15.234785
15.947937
16.508345
17.137460
17.741905
18.286032
18.944580
19.597732
20.265714
20.853061
21.458957
22.090249
22.678005
23.332925
23.963764
24.581882
25.148844
25.776508
26.456825
27.028299
27.628707
28.220091
28.893243
29.497370
30.284490
31.067120
31.521950
32.249796
33.503991
37.529116
39.533923
41.506939
43.087347
45.212245
46.954541
48.771474
50.784490
52.622041
54.372653
56.344490
58.358367
60.249388
62.065306
63.812789
65.986032
67.844490
70.519592
71.600726
72.598707
73.672336
74.613469
75.524898
76.593878
77.642449
79.082676
81.888980
83.385306
84.936735
86.708163
88.256327
90.169615
92.402290
93.796327
95.231837
96.735918
98.382857
99.651655
102.389297
105.211429
107.095918
109.124898
111.226122
113.532653
114.192245
114.888980
115.633469
116.273878
116.954286
117.551383
118.387982
118.948163
119.622857
120.336327
121.010204
121.565306
122.210975
122.983673
124.239683
124.827755
125.410272
126.074694
126.944807
127.457732
128.330612
129.109796
129.735918
130.336327
131.183719
131.800714
132.392245
133.146531
133.932653
134.597959
135.272698
136.203492
137.221270
138.366032
139.063810
139.998776
140.790794
141.527937
142.319683
143.424444
144.912698
146.439048
148.057460
150.044490
150.998095
151.941769
152.708435
153.484762
154.128299
154.786621
155.435510
156.054127
156.681905
157.268209
157.883537
158.502857
159.036190
159.620317
160.194286
160.778095
161.367302
161.890476
162.537460
162.960317
163.389524
163.793696
164.441315
164.868163
165.265624
165.830612
166.412245
166.861224
167.253084
167.587302
168.061224
168.484082
168.897098
169.305714
169.802041
170.231837
170.677143
171.194830
174.337370
175.741905
176.874286
177.992698
180.538367
183.552880
184.217052
184.849796
185.424490
186.044898
186.657710
187.306122
187.917551
188.482449
189.030091
189.685714
190.326531
190.878776
191.411429
192.055510
192.644036
193.250023
193.862857
194.648707
196.997143
198.466440
199.699637
201.138957
202.500227
203.752063
205.154331
206.541723
207.849478
209.103401
210.395011
211.687574
212.978912
214.345397
215.795057
219.018186
222.413560
225.706032
229.010113
231.946803
234.811882
237.699546
240.676463
243.836100
246.938231
249.723583
252.313560
256.057007
259.840771
261.901678
263.810023
267.836054
271.919184
278.549433
285.301497
291.484762
297.654921
303.856327
309.791020
315.797959
323.061088
325.330295
326.840136
328.003265
328.987392
330.516054
331.792562
333.208526
334.881224
339.880408
344.052245
348.057778
352.265714
356.642857
361.624762
363.751746
365.200317
366.652381
368.334286
369.717143
371.521224
372.969524
375.174603
380.534921
385.351746
389.719365
394.517460
399.591429
403.610612
406.727302
409.105714
411.342857
412.957370
413.683492
414.356508
415.011746
416.301905
416.980000
417.600000
418.215238
418.913333
419.558730
420.219819
420.826349
421.438413
422.066440
422.680952
423.322857
423.929524
424.583129
425.245306
425.902857
426.639728
427.363265
428.029796
428.742540
429.413333
430.066395
430.800000
431.509796
432.172857
432.896009
434.184444
435.535556
436.584422
437.907347
439.791020
441.670159
442.838503
443.846531
445.448163
446.633016
448.913061
449.456735
450.113764
450.681905
451.316712
451.880635
452.537778
453.099048
453.698413
454.328231
454.896508
455.465397
456.009206
456.618413
457.227937
457.830567
458.491746
459.271451
460.086667
460.988980
461.949841
462.898095
463.810794
464.954603
465.739365
466.620635
467.569841
468.406667
469.184762
470.032245
470.666349
471.256825
471.941905
472.487619
473.046259
473.591111
474.175057
474.706349
475.327619
475.684376
476.488549
477.232109
