1.212971
1.845556
2.404399
3.009116
3.632517
4.116236
4.725669
5.275714
5.859615
6.455828
7.050748
7.543900
8.149705
8.724626
9.252290
9.850068
10.343039
10.960862
11.513696
12.096780
12.745805
13.331701
13.891791
14.476145
15.014785
15.647937
16.128345
16.697460
17.241905
17.773016
18.364580
18.957732
19.565714
20.113061
20.698957
21.230249
21.798005
22.412925
22.963764
23.541882
24.068844
24.656508
25.256825
25.808299
26.388707
26.940045
27.533243
28.077370
28.641497
29.287120
29.761950
31.349977
32.283991
35.829116
37.993923
39.886939
41.807347
43.812245
45.836327
47.571474
49.564490
51.602041
54.172653
55.464490
57.598367
59.469388
61.465306
63.538367
66.266032
68.124490
70.679592
71.482177
72.317415
73.132336
73.876735
74.624898
75.493878
76.442449
77.882676
80.428980
81.865306
83.376735
84.928163
86.356327
88.049615
90.242290
91.216327
92.031837
92.835918
93.602857
94.651655
96.269297
98.651429
100.357959
102.144898
103.626122
105.772653
106.592245
107.428980
108.153469
108.933878
109.634286
110.251383
111.327982
111.868163
112.442857
113.336327
114.350204
114.905306
115.530975
116.363673
117.579683
118.187755
118.830272
119.694694
120.644807
121.144717
122.050612
122.989796
123.755918
124.625306
125.563719
126.282857
127.032245
127.886531
128.772653
129.537959
130.392698
131.343492
132.241270
133.532063
134.483810
135.478776
136.250794
137.167937
138.059683
139.084444
140.852698
142.572381
144.257460
146.804490
148.918095
150.708844
152.208435
153.444762
154.608299
155.483311
156.455510
157.254127
158.041905
158.728209
159.403537
160.102857
160.696190
161.280317
161.874286
162.438095
163.007302
163.530476
164.187302
164.690159
165.109524
165.513696
165.830110
166.148163
166.545624
167.110612
167.612245
168.041224
168.376542
168.707302
169.141224
169.504082
169.857098
170.262857
170.695510
171.091837
171.514286
171.854830
174.817370
176.121905
177.414286
178.658095
180.387347
183.792880
184.437052
185.029796
185.544490
186.164898
186.737710
187.546122
187.977551
188.442449
188.950091
189.505714
190.106531
190.638776
191.142857
191.755510
192.284036
192.850023
193.482857
194.308707
196.537143
198.146440
199.619637
201.218957
202.800227
204.172063
205.914331
207.481723
209.289478
210.643401
212.415011
214.287574
215.698912
217.390794
219.735057
223.038186
226.273560
229.486032
232.690113
235.786803
238.823764
241.779546
244.856463
247.956100
251.098231
254.223583
256.953560
260.257007
263.400771
264.985034
266.550023
269.636054
272.619184
277.889433
284.341497
290.404762
296.504762
302.896327
309.091020
315.517959
323.381088
326.230295
327.440136
328.643265
330.174785
331.036054
332.052562
333.457052
334.901224
340.260408
344.952245
349.297778
353.925714
358.962857
365.164762
368.231746
369.500317
370.752381
372.294286
373.157143
374.261224
375.769524
377.814603
382.654921
387.411746
391.819365
396.477460
401.560000
403.510612
405.267302
407.165714
408.862857
410.757370
411.550476
412.276508
412.951746
413.601905
414.260000
414.840000
415.455238
416.113333
416.658730
417.259819
417.766349
418.318413
418.886440
419.420952
419.942857
420.588571
421.463129
422.165306
422.931429
423.659456
424.423265
425.089796
425.862540
426.593333
427.326395
428.100000
428.809796
429.552857
430.516009
431.757778
432.932381
434.246531
435.807347
437.191020
438.870159
439.998503
441.286531
442.188163
443.158603
445.973061
446.656735
447.253764
447.741905
448.376712
448.860635
449.417778
449.899048
450.438413
451.028231
451.556508
452.105397
452.609206
453.238413
453.767937
454.315283
455.103492
455.871451
456.566667
457.388980
458.309841
459.159048
459.930794
460.814603
461.599365
462.280635
463.049841
463.824444
464.624762
465.492245
466.246349
467.117778
467.761905
468.483810
469.226259
469.931111
470.675057
471.372698
472.127619
472.904376
473.688549
474.392109
