1.092971
1.725556
2.284399
2.869116
3.452517
4.016236
4.545669
5.115714
5.659615
6.255828
6.770748
7.363900
7.929705
8.484626
9.012290
9.590068
10.143039
10.760862
11.273696
11.774195
12.365805
12.931701
13.457264
14.016145
14.514785
15.107937
15.588345
16.177460
16.661905
17.175344
17.744580
18.337732
18.925714
19.438844
19.958957
20.490249
21.058005
21.672925
22.203764
22.733961
23.288844
23.876508
24.436825
24.968299
25.508707
26.040091
26.573243
27.137370
27.721497
28.247120
28.721950
29.339955
30.303991
35.029116
37.113923
39.186939
40.907347
42.932245
44.776361
46.691474
48.544490
50.702041
52.592653
54.544490
56.718367
58.589388
60.585306
62.598367
64.946032
66.884490
69.979592
70.880726
71.818707
72.854014
73.656735
74.404898
75.373878
76.304898
77.502676
79.868980
80.825306
82.376735
84.088163
85.416327
86.849615
88.862290
90.236327
91.631837
92.795918
94.288571
95.831655
100.109297
102.831429
104.715918
106.704898
108.726122
110.472653
111.132245
111.808980
112.493469
113.113878
113.794286
114.391383
115.287982
115.768163
116.462857
117.096327
117.710204
118.325306
118.990975
119.663673
120.539683
121.167755
121.750272
122.434694
123.244807
123.604717
124.450612
125.189796
125.795918
126.545306
127.323719
127.962857
128.572245
129.326531
130.132653
130.837959
131.452698
132.223492
132.941270
133.832063
134.643810
135.478776
136.270794
136.987937
137.739683
138.544444
140.032698
141.532381
142.988730
144.944490
146.138095
147.128844
147.848435
148.584762
149.268299
149.886621
150.455510
151.034127
151.581905
152.168209
152.743537
153.322857
153.856190
154.360159
154.774286
155.338095
155.907302
156.410476
156.857460
157.320317
157.749524
158.153696
158.662630
159.108163
159.505624
160.110612
160.552245
161.021224
161.393084
161.887302
162.421224
162.784082
163.177098
163.642857
164.151020
164.591837
164.954286
165.454830
169.937370
171.141905
172.674286
173.692698
175.931837
180.012880
180.717052
181.249796
181.764490
182.364898
182.917710
183.542041
184.077551
184.642449
185.150091
185.742857
186.326531
186.858776
187.382857
187.995510
188.524036
189.050023
189.662857
190.448707
192.497143
193.666440
195.059637
196.178957
197.220227
198.312063
199.534331
200.665431
201.749478
202.823401
203.975011
204.987574
206.098912
207.325397
208.675057
211.718186
214.636780
217.506032
220.430113
223.246803
225.891882
228.519546
231.276463
233.856100
236.398231
239.203583
241.753560
245.314014
248.900771
250.621678
252.330023
255.936054
259.499184
265.669433
271.341497
276.224762
281.154921
286.256327
290.957007
295.957959
303.741088
305.050295
306.400136
308.342857
309.847392
311.436054
313.072562
314.728526
316.381224
321.260408
324.912245
328.477778
332.013143
335.582857
341.164762
342.171746
344.289524
346.172381
347.734286
349.297143
350.981224
352.609524
354.754603
359.368730
362.562937
366.419365
370.059365
373.791429
377.630612
379.607302
381.265714
383.222857
384.997370
385.583492
386.196508
386.771746
387.381905
387.960000
388.530000
389.127619
389.733333
390.278730
390.899819
391.486349
392.078413
392.606440
393.160952
393.762857
394.329524
395.023129
395.685306
396.331429
396.959728
397.643265
398.309796
398.982540
399.633333
400.306395
401.000000
401.649796
402.196429
402.896009
404.524444
405.810794
406.946531
408.227347
409.391020
410.670159
411.878503
412.932653
414.248163
415.333016
417.953061
418.656735
419.293764
419.881905
420.516712
421.100635
421.697778
422.259048
422.878413
423.488231
424.116508
424.705397
425.269206
425.878413
426.487937
427.035283
427.651746
428.851451
429.606667
430.604490
431.529841
432.957143
433.870794
434.914603
435.839365
436.660635
437.359683
438.162222
439.364762
440.492245
441.406349
442.464127
443.301905
444.283810
445.186259
445.591111
446.095057
446.826349
447.447619
448.144376
448.768549
449.532109
