1.205941
1.905556
2.624399
3.289116
4.032517
4.716236
5.434014
6.135714
6.759615
7.495828
8.170748
8.963900
9.609705
10.364626
10.992290
11.750068
12.363039
13.180862
13.833696
14.536780
15.325805
16.055102
16.691791
17.496145
18.154785
18.947937
19.628345
20.337460
21.023810
21.666032
22.324580
23.057732
23.825714
24.513061
25.177914
25.830249
26.574014
27.332925
28.083764
28.683764
29.448844
30.156508
30.856825
31.508299
32.168707
32.940091
33.593243
34.257370
34.881497
35.607120
36.201950
36.629977
38.163991
42.389116
44.533923
46.326939
47.843673
49.812245
51.539265
53.551474
55.284490
57.342041
59.272653
61.044490
63.118367
64.949388
67.145306
68.958367
71.246032
73.284490
75.979592
77.020726
77.838707
79.169342
80.036735
80.979592
82.093878
83.264898
84.602676
86.988980
88.465306
90.276735
92.108163
93.916327
95.689615
97.742290
99.176327
100.671837
101.975918
103.522857
104.871655
106.689297
108.911429
110.555918
112.624898
114.366122
116.072653
116.892245
117.728980
118.553469
119.173878
120.011429
120.711383
121.687982
122.288163
123.082857
123.976327
124.930204
125.425306
126.190975
126.983673
128.199683
129.007755
129.590272
130.434694
131.324807
131.964717
132.770612
133.589796
134.255918
135.045306
135.863719
136.562857
137.252245
138.006531
138.832653
139.537959
140.252698
141.063492
141.881270
142.772063
143.683810
144.618776
145.390794
146.147937
146.959683
147.804444
149.312698
150.772381
152.477460
154.504490
155.758095
156.768844
157.648435
158.404762
159.216599
159.883311
160.595510
161.274127
162.141905
162.728209
163.723537
164.922857
165.656190
166.360317
167.074286
167.818095
168.514603
169.812381
170.357460
170.840317
171.488571
172.553696
173.041315
173.808163
174.245624
175.210612
176.173469
176.681224
177.173084
177.927302
178.521224
179.084082
179.537098
180.242857
180.855510
181.271837
181.802857
182.274830
184.552457
185.561905
186.674286
187.732698
189.131837
190.812880
191.557052
192.209796
192.924490
193.664898
194.237710
194.966122
195.597551
196.302449
196.930091
197.565714
198.266531
198.898776
199.500000
200.215510
200.844036
201.530023
202.182857
202.928707
205.037143
206.506440
207.359637
208.558957
209.820227
210.952063
212.254331
213.501723
214.729478
215.803401
216.995011
218.147574
219.278912
220.485397
221.790113
225.270930
228.673560
232.166032
235.530113
239.106803
242.431882
245.779546
249.056463
252.256100
255.358231
258.923583
262.194240
266.517007
270.760771
273.041678
274.870023
278.696054
282.872653
288.249433
293.981497
298.900952
304.114921
309.556327
314.711020
320.297959
327.784354
328.930295
330.260136
331.603265
332.927392
334.356054
336.092562
337.528526
338.426871
342.820408
347.012245
350.777778
355.145714
359.462857
364.864762
366.371746
367.920317
369.292381
370.754286
371.877143
373.381224
374.909524
376.434603
380.654921
384.731746
388.739365
392.997460
397.291429
401.730612
405.467302
408.665714
411.402857
414.197370
414.903492
415.616508
416.311746
417.001905
417.720000
418.400000
419.095238
419.853333
420.498730
421.219819
421.966349
422.636825
423.386440
424.100952
424.785714
425.449524
426.363129
427.030612
427.711429
428.379728
429.083265
429.749796
430.402540
431.033333
431.686395
432.400000
433.069796
433.752857
434.576009
435.984444
437.470794
438.866531
440.187347
441.511020
443.160317
444.658503
445.886531
447.988163
449.493016
452.313061
453.096735
453.841293
454.505714
455.236984
455.840635
456.573333
457.279048
457.998413
458.648231
459.396508
459.965397
460.689206
461.358413
462.147937
462.875283
463.511746
464.291451
465.046667
465.828980
466.669841
467.359048
468.090794
468.774603
469.539365
470.260635
471.029841
471.824444
472.544762
473.712245
474.506349
475.250476
475.961905
476.403810
477.226259
477.971111
478.475057
479.086349
479.767619
480.384376
481.048549
481.712109
