0.952971
1.685556
2.384399
3.049116
3.672517
4.276236
4.945669
5.575714
6.179615
6.835828
7.470748
8.063900
8.709705
9.304626
9.912290
10.530068
11.123039
11.780862
12.393696
12.976780
13.665805
14.331701
14.951791
15.596145
16.194785
16.847937
17.408345
18.057460
18.661905
19.246032
19.864580
20.477732
21.225714
21.833061
22.518957
23.150249
23.818005
24.452925
25.063764
25.661882
26.308844
26.956508
27.656825
28.236599
28.868707
29.460091
30.113243
30.697370
31.361497
32.067120
32.521950
33.269977
34.623991
38.349116
40.253923
41.866939
43.647347
45.512245
47.178027
49.131474
50.824490
52.762041
54.572653
56.562245
58.432789
60.169388
62.221224
64.306122
66.663016
68.344490
71.019592
72.060726
73.098707
74.092336
74.976735
75.869796
76.893878
77.877143
79.162676
81.188980
82.725306
84.496735
86.248163
87.716327
89.869615
92.704580
93.916327
94.931837
95.995918
97.502857
98.791655
101.809297
104.791429
106.375918
108.324898
110.646122
112.892653
113.732245
114.628980
115.453469
116.313878
117.114286
118.002766
118.967982
119.608163
120.322857
121.296327
122.250204
123.105306
123.870975
125.043673
125.679683
126.567755
127.770272
128.614694
129.524807
130.349433
131.390612
132.309796
133.035918
134.085306
135.083719
135.782857
136.776735
137.846531
138.832653
139.817959
140.552698
141.563492
142.581270
143.576032
144.523810
145.638776
146.430794
147.447937
148.399683
149.484444
151.172698
152.912381
154.817460
157.004490
158.218095
159.201474
159.994218
160.784762
161.628299
162.383311
163.075510
163.734127
164.401905
164.948209
165.603537
166.242857
166.776190
167.360317
167.934286
168.498095
169.087302
169.650476
170.214921
170.720317
171.169524
171.793696
172.441315
172.888163
173.365624
174.130612
174.672245
175.261224
175.793084
176.307302
176.901224
177.484082
177.837098
178.462857
179.028571
179.531837
180.054286
180.674830
184.017370
185.801905
188.368571
189.432698
191.515510
195.255763
195.797052
196.529796
197.104490
197.844898
198.417710
199.226122
199.857551
200.502449
201.050091
201.805714
202.526531
203.118776
203.725714
204.435510
205.144036
205.750023
206.545714
207.468707
209.777143
211.426440
213.099637
214.658957
216.160227
217.512063
219.334331
220.881723
222.449478
223.963401
225.555011
227.087574
228.178912
231.165397
233.735057
237.158186
240.393560
243.606032
246.810113
250.026803
253.231882
256.399546
259.936463
263.056100
266.218231
269.483583
272.933560
276.957007
281.080771
283.441678
285.630023
289.872109
294.539184
303.529433
309.361497
315.184762
321.114921
327.216327
333.211020
339.557959
349.461088
351.550295
353.000136
354.223265
355.454785
356.856054
358.435873
360.948526
363.121224
368.317201
372.112245
375.997778
380.005714
384.002857
390.164762
393.291746
394.820317
396.112381
397.394286
399.040000
401.141224
403.669524
406.374603
410.654921
414.411746
418.979365
422.339805
427.371429
431.530612
434.067302
435.925714
437.502857
439.397370
440.043492
440.696508
441.331746
441.941905
442.600000
443.180000
443.805079
444.453333
445.118730
445.799819
446.406349
446.978413
447.646440
448.280952
448.882857
449.549524
450.423129
451.145306
451.851429
452.579728
453.363265
454.069796
454.802540
455.513333
456.206395
456.960000
457.689796
458.392857
459.136009
460.064444
461.050794
462.226531
463.307347
464.571020
466.330159
468.058503
469.346531
471.428163
472.893016
476.413061
477.156735
477.913764
478.501905
480.216712
480.820635
481.537778
482.119048
482.778413
483.428231
484.096508
484.785397
485.447619
485.958413
486.547937
487.075283
487.751746
488.551451
489.286667
490.028980
490.749841
491.499048
492.230794
492.934603
493.719365
494.500635
495.269841
496.162222
497.124762
498.312245
499.186349
500.112381
500.861905
501.703810
502.472517
503.211111
504.035057
504.866349
505.727619
506.624376
508.068549
508.812109
