0.512971
1.205556
1.864399
2.489116
3.072517
3.676236
4.285669
4.895714
5.459615
6.075828
6.710748
7.303900
7.849705
8.464626
8.972290
9.590068
10.163039
10.780862
11.333696
11.876780
12.545805
13.191701
13.771791
14.416145
15.034785
15.707937
16.288345
16.877460
17.481905
18.086032
18.744580
19.357732
20.005714
20.573061
21.178957
21.790249
22.378005
23.012925
23.583764
24.183764
24.768844
25.396508
25.996825
26.548299
27.168707
27.740091
28.353243
28.917370
29.501497
30.267120
30.761950
31.199955
31.983991
34.529116
36.833923
38.426939
39.907347
41.592245
42.836327
44.711474
46.462245
48.082041
49.632653
51.044490
52.778367
54.149388
55.705306
57.358367
59.446032
61.384490
63.979592
64.680726
65.398707
66.144671
66.816735
67.464898
68.213878
68.982449
70.302676
73.008980
74.225306
75.556735
77.108163
78.816327
80.409615
82.622290
84.076327
85.551837
86.815918
88.022857
89.331655
91.929297
95.151429
97.255510
99.524898
102.546122
105.412653
106.152245
106.888980
107.633469
108.313878
109.034286
109.671383
110.427982
111.068163
111.782857
112.556327
113.250204
113.905306
114.650975
115.503673
116.259683
117.047755
117.670272
118.374694
119.084807
119.444717
120.570612
121.429796
122.095918
122.925306
123.863719
124.502857
125.132245
125.966531
126.612653
127.257959
127.912698
128.687831
129.421270
130.203016
130.923810
131.778776
132.470794
133.247937
133.879683
134.804444
136.452698
137.892381
139.577460
141.604490
143.018095
144.088844
144.968435
145.774286
146.604898
147.263311
148.015510
148.734127
149.361905
149.948209
150.563537
151.442857
152.156190
152.800317
153.474286
154.058095
154.647302
155.170476
155.814921
156.400635
156.869524
157.713696
158.241315
158.688163
159.085624
159.970612
160.412245
160.941224
161.433084
161.987302
162.481224
162.884082
163.357098
163.742857
164.195510
164.631837
165.074286
165.494830
168.257370
170.463810
172.194286
173.552698
175.503673
178.792880
179.517052
180.129796
180.704490
181.324898
181.917710
182.566122
183.137551
183.722449
184.270091
184.845714
185.466531
186.018776
186.571429
187.135510
187.704036
188.290023
188.882857
189.668707
192.337143
193.846440
195.219637
196.558957
197.880227
199.012063
200.354331
201.701723
202.969478
204.123401
205.615011
206.927574
208.198912
209.865397
211.295057
214.518186
217.573560
220.586032
223.550113
226.466803
229.171882
231.879546
234.556463
237.396100
240.198231
243.063583
245.713560
249.057007
252.120771
253.741678
255.250023
258.176054
260.979184
265.709433
274.461497
281.524762
288.834921
295.816327
302.391020
309.377959
318.601088
321.110295
322.420136
323.363265
323.987392
324.676054
325.852562
326.916503
328.421224
333.360408
337.692245
342.177778
346.605714
351.162857
357.504762
359.671746
361.300317
362.452381
363.568571
364.477143
366.161224
367.549524
369.314603
373.574921
377.511746
381.759365
385.617460
390.091429
394.510612
396.807302
399.085714
401.185714
403.137370
403.823492
404.436508
405.051746
405.681905
406.300000
406.900000
407.515238
408.133333
408.738730
409.379819
409.966349
410.518413
411.166440
411.720952
412.322857
412.909524
413.574376
414.225306
414.891429
415.539728
416.203265
416.809796
417.442540
418.073333
418.706395
419.340000
419.983265
420.593214
421.216009
422.084444
423.190794
424.406531
425.607347
427.051020
428.550159
429.738503
430.706531
432.148163
433.273016
435.273061
435.976735
436.573764
437.141905
437.736712
438.280635
438.877778
439.399048
439.998413
440.568231
441.116508
441.645397
442.189206
442.778413
443.367937
443.995283
444.651746
445.451451
446.226667
447.088980
447.909841
448.659048
449.450794
450.174603
450.899365
451.580635
452.229841
452.902222
453.704762
454.272245
454.806349
455.513651
456.201905
456.903810
457.426259
458.051111
458.575057
459.126349
459.767619
460.384376
461.008549
461.732109
