1.072971
1.645556
2.204399
2.809116
3.372517
3.876236
4.485669
4.955714
5.539615
6.035828
6.570748
7.183900
7.709705
8.244626
8.752290
9.330068
9.823039
10.400862
10.884565
11.348390
11.945805
12.491701
12.971791
13.556145
14.074785
14.607937
15.188345
15.757460
16.221905
16.786032
17.244580
17.837732
18.445714
18.933061
19.498957
20.012562
20.538005
21.092925
21.663764
22.181882
22.728844
23.356508
23.799471
24.348299
24.889741
25.420091
26.033243
26.577370
27.081497
27.687120
28.321950
28.829977
30.083991
33.449116
35.593923
37.566939
39.027347
40.952245
42.656327
44.711474
46.724490
48.642041
50.452653
52.004490
53.978367
55.289388
57.045306
58.759864
60.986032
63.124490
66.199592
67.022177
67.978707
68.952336
69.856735
70.724898
71.733878
72.674694
74.102676
76.848980
78.585306
80.396735
82.428163
84.096327
85.889615
88.082290
89.496327
90.931837
92.235918
93.462857
94.791655
97.049297
99.911429
102.195918
104.264898
106.326122
108.512653
109.232245
109.948980
110.693469
111.393878
112.134286
112.751383
113.747982
114.268163
115.002857
115.812653
116.590204
117.225306
117.970975
118.847347
119.699683
120.887755
121.650272
122.534694
123.384807
124.244717
125.210612
126.029796
126.775918
127.625306
128.423719
129.205714
130.052245
130.899184
131.892653
132.637959
133.412698
134.263492
135.121270
136.243016
137.103810
138.138776
138.950794
139.807937
140.719683
141.564444
143.272698
144.752381
146.517460
148.568980
150.118095
151.268844
152.228435
153.044762
153.836599
154.503311
155.175510
155.928254
156.601905
157.288209
158.103537
158.962857
159.536190
160.100317
160.674286
161.218095
161.767302
162.290476
162.817460
163.381270
163.869524
164.333696
164.841315
165.308163
165.725624
166.450612
166.932245
167.381224
167.733084
168.103810
168.601224
169.044082
169.397098
169.622857
170.111020
170.591837
170.974286
171.594830
174.557370
175.901905
177.854286
179.372698
181.267347
183.217627
183.857052
184.389796
184.904490
185.484898
185.957710
186.513061
187.057551
187.622449
188.055045
188.645714
189.146531
189.698776
190.211429
190.715510
191.244036
191.810023
192.622857
193.628707
196.337143
197.986440
199.279637
200.618957
201.860227
203.172063
204.634331
206.241723
207.449478
208.603401
209.935011
211.362721
212.678912
214.085397
216.095057
218.978186
221.773560
224.506032
227.310113
230.126803
232.951882
235.799546
238.576463
241.276100
244.078231
247.143583
250.193560
254.097007
257.920771
259.961678
261.840045
265.396054
269.999184
276.369433
282.141497
287.964762
293.674921
299.496327
304.938204
310.439592
317.003515
318.290295
319.660136
321.063265
322.447392
323.916054
325.432562
326.828526
328.381224
333.060408
337.172245
340.877778
344.945714
349.042857
354.604762
356.711746
358.320317
360.278095
361.394286
362.934286
364.501224
365.829524
367.634603
371.894921
375.911746
379.839365
383.817460
388.131429
391.830612
394.787302
397.125714
399.422857
401.697370
402.403492
403.076508
403.691746
404.321905
404.920000
405.490000
406.035238
406.653333
407.198730
407.739819
408.166349
408.718413
409.206440
409.700952
410.182857
410.689524
411.563129
412.345306
413.171429
413.959728
414.783265
415.569796
416.322540
417.113333
417.926395
418.720000
419.549796
420.292857
421.068027
422.264444
423.330794
424.184422
425.087347
426.051020
427.570159
428.758503
429.786531
430.948163
431.893016
434.473061
435.116735
435.713764
436.241905
436.756712
437.320635
437.872593
438.419048
438.978413
439.528231
440.036508
440.565397
441.069206
441.664603
442.136984
442.755283
443.471746
444.231451
444.986667
445.928980
446.769841
447.799048
448.770794
449.803810
450.739365
451.580635
452.509841
453.382222
454.244762
455.192245
455.766349
456.648254
457.321905
457.987619
458.786259
459.491111
460.275057
460.986349
461.787619
462.264376
463.044078
463.752109
