0.332971
0.945556
1.524399
2.129116
2.732517
3.276236
3.845669
4.435714
4.979615
5.595828
6.215374
6.763900
7.329705
7.904626
8.472290
9.070068
9.603039
10.280862
10.796848
11.356780
11.965805
12.531701
13.111791
13.676145
14.234785
14.827937
15.368345
15.957460
16.541905
17.086032
17.644580
18.257732
19.165714
19.733061
20.338957
20.798607
21.178005
21.812925
22.383764
22.961882
23.488844
24.116508
24.678413
25.208299
25.808707
26.400091
27.006621
27.537370
28.122993
28.867120
29.261950
30.059048
31.483991
35.829116
37.773923
39.566939
41.547347
43.572245
45.356327
47.271474
49.257415
51.202041
53.152653
54.724490
56.698367
58.397217
60.185306
61.898367
64.006032
65.821497
68.139592
69.000726
70.018707
70.909342
71.736735
72.589796
73.553878
74.542449
76.382676
78.668980
80.225306
81.996735
83.788163
85.596327
87.489615
89.702290
91.406939
93.071837
94.535918
96.022857
98.031655
100.249297
102.991429
104.975918
107.204898
109.766122
112.632653
113.332245
114.068980
114.713469
115.473878
116.194286
116.774150
117.787982
118.348163
118.982857
119.796327
120.690204
121.225306
121.930975
123.043673
123.819683
124.727755
125.310272
126.034694
126.924807
127.594150
128.430612
129.329796
129.995918
130.845306
131.703719
132.422857
133.152245
134.266531
135.105306
135.857959
136.672698
137.523492
138.341270
139.332063
140.083810
140.838776
141.630794
142.347937
143.299683
144.424444
145.912698
147.352381
148.797460
150.604490
151.738095
152.734422
153.554218
154.264762
154.948299
155.543311
156.135510
156.707063
157.301905
157.848209
158.363537
158.962857
159.456190
159.980317
160.514286
160.978095
161.507302
162.030476
162.537460
163.040317
163.469524
163.893696
164.401315
164.968163
165.385624
165.850612
166.432245
166.861224
167.293084
167.667302
168.101224
168.504082
168.917098
169.305714
169.786531
170.211837
170.574286
170.954830
174.137370
175.781905
177.074286
178.512698
180.531837
184.392880
185.017052
185.549796
186.104490
186.724898
187.217710
187.866122
188.417551
188.962449
189.470091
190.045714
190.566531
191.098776
191.591429
192.155510
192.684036
193.230023
193.822857
194.788707
197.277143
198.506440
199.739637
201.158957
202.300227
203.532063
204.954331
206.321723
207.549478
208.801134
210.235011
211.627574
212.918912
214.345397
216.375057
219.798186
223.173560
226.506032
229.850113
232.866803
235.851882
238.819546
241.896463
245.056100
248.158231
251.223583
254.573560
258.497007
262.440771
264.838458
266.760363
271.596054
276.118367
282.609433
290.201497
296.324762
302.394921
308.396327
314.097007
319.897959
327.861088
329.890295
332.620544
334.203265
335.924354
337.293197
339.032562
340.819683
342.721224
347.620408
351.552245
355.917778
359.485714
363.942857
370.464762
373.251746
375.103175
376.732381
378.634286
380.257143
382.261224
384.809524
387.434603
391.974921
395.951746
400.179365
404.237460
408.611429
413.390612
416.367302
418.745714
421.122857
423.237370
423.903492
424.476508
425.111746
425.560952
426.120000
426.620000
427.175238
427.753333
428.298730
428.899819
429.466349
429.998413
430.546440
431.100952
431.662857
432.209524
433.023129
433.745306
434.471429
435.239728
435.943265
436.669796
437.402540
438.153333
438.846395
439.640000
440.369796
441.132857
441.876009
442.824444
443.830794
444.906531
445.987347
447.151020
448.670159
450.378503
452.019592
453.608163
454.993016
457.953061
458.976735
459.553764
460.101905
461.236712
462.080635
462.757778
463.159048
463.758413
464.288231
464.856508
465.345397
465.909206
466.255841
466.787937
467.255283
467.715873
468.471451
469.426667
470.308980
471.229841
472.199048
473.190794
474.283810
475.138730
475.980635
476.829841
477.562222
478.404762
479.492245
480.266349
481.208254
481.881905
482.743810
483.506259
484.211111
484.915057
485.666349
486.487619
487.284376
488.108549
489.252109
