0.812971
1.365556
1.944399
2.529116
3.072517
3.596236
4.145669
4.675714
5.199615
5.755828
6.370748
6.963900
7.449705
7.984626
8.532290
9.130068
9.663039
10.220862
10.733696
11.225593
11.785805
12.351701
12.891791
13.456145
13.994785
14.567937
15.108345
15.617460
16.141905
16.666032
17.212290
17.817732
18.465714
18.953061
19.538957
20.110249
20.698005
21.276463
21.863764
22.441882
22.948844
23.536508
24.156825
24.668299
25.216236
25.800091
26.393243
26.957370
27.561497
28.287120
28.761950
29.229977
30.583991
34.369116
37.153923
39.386939
41.207347
43.572245
45.576327
47.691474
50.024490
52.442041
54.432653
56.264490
58.318367
60.073878
61.845306
63.658367
65.653016
67.464490
70.159184
70.800726
71.518707
72.272336
72.916735
73.564898
74.333878
75.122449
76.582676
79.208980
80.805306
82.393819
83.828163
85.056327
86.549615
88.885573
89.536327
90.691837
91.795918
92.782857
94.111655
96.489297
99.411429
101.395918
103.364898
105.266122
107.432653
108.192245
108.928980
109.593469
110.373878
111.054286
111.711383
112.727982
113.268163
113.902857
114.772653
115.590204
116.165306
116.710975
117.583673
118.539683
119.147755
119.770272
120.494694
121.284807
121.724717
122.850612
123.769796
124.555918
125.505306
126.423719
127.140000
128.052245
128.986531
129.952653
130.717959
131.532698
132.563492
133.541270
134.432063
135.303810
136.398776
137.270794
138.287937
139.419683
140.364444
142.152698
143.992381
145.577460
147.544490
149.418095
151.028844
152.108435
153.104762
153.928299
154.643311
155.275510
155.934127
156.621905
157.328209
157.943537
158.642857
159.196190
159.780317
160.354286
160.878095
161.427302
161.950476
162.517460
162.920317
163.349524
163.853696
164.315164
164.688163
165.085624
165.570612
166.032245
166.441224
166.793084
167.209206
167.701224
168.004082
168.357098
168.722857
169.175510
169.631837
169.994286
170.594830
173.337370
174.621905
176.194286
177.212698
178.751837
181.372880
181.977052
182.529796
183.064490
183.624898
184.157710
184.746122
185.317551
185.802449
186.290091
186.845714
187.406531
187.918776
188.391429
188.935510
189.504036
189.990023
190.582857
191.368707
194.277143
195.966440
198.019637
199.958957
201.780227
203.232063
205.174331
206.841723
208.529478
210.103401
212.055011
213.527574
215.178912
217.025397
218.975057
222.178186
225.467120
228.666032
231.870113
235.126803
238.335646
241.559546
244.836463
247.956100
251.138231
254.127166
257.093560
260.457007
263.700771
265.421678
267.110023
270.476054
273.739184
279.349433
285.141497
290.924762
296.674921
302.296327
307.491020
312.738980
319.721088
321.730295
323.420136
325.006531
326.027392
327.096054
328.512562
329.948526
331.541224
336.400408
340.652245
345.237778
349.705714
354.062857
360.064762
362.231746
364.020317
365.532381
366.814286
367.937143
369.161224
370.789524
372.854603
377.414921
381.671746
386.739365
390.757460
395.331429
399.050612
401.807302
404.025714
406.022857
408.097370
408.803492
409.516508
410.171746
410.841905
411.500000
412.120000
412.648810
413.293333
413.838730
414.379819
414.926349
415.438413
415.966440
416.480952
416.982857
417.509524
418.163129
418.845306
419.571429
420.239728
420.963265
421.649796
422.342540
423.033333
423.746395
424.500000
425.189796
425.872857
426.596009
427.784444
428.890794
430.066531
431.207347
432.291020
433.410159
434.318503
435.186531
436.034082
437.013016
440.033061
440.636735
441.233764
441.761905
442.356712
442.880635
443.457778
443.979048
444.569206
445.156463
445.696508
446.252698
446.749206
447.166138
447.387937
447.855283
448.875238
449.671451
450.386667
451.028980
451.709841
452.459048
453.230794
453.974603
454.639365
455.320635
456.049841
456.782222
457.464762
458.372245
458.886349
459.670476
460.281905
460.803810
461.546259
462.131111
462.735057
463.326349
463.967619
464.584376
465.288549
465.852109
