1.152971
1.785556
2.364399
2.929116
3.512517
4.016236
4.585669
5.155714
5.679615
6.255828
6.850748
7.363900
7.929705
8.484626
9.092290
9.590068
10.123039
10.720862
11.313696
11.856780
12.345805
12.891701
13.411791
14.016145
14.534785
15.127937
15.648345
16.177460
16.681905
17.206032
17.744580
18.277732
18.925714
19.433061
19.978957
20.570249
21.078005
21.676463
22.203764
22.781882
23.328844
23.916508
24.456825
25.008299
25.602902
26.160091
26.753243
27.297370
27.841497
28.487120
28.961950
29.349977
30.483991
34.789116
36.833923
38.786939
40.447347
42.392245
44.099666
46.011474
47.924490
49.922041
51.652653
53.544490
55.498367
57.249388
59.165306
60.978367
63.126032
65.144490
68.059592
68.961451
69.858707
70.757007
71.676735
72.324898
73.233878
74.089796
75.362676
78.508980
79.785306
81.256735
82.868163
84.196327
85.709615
87.562290
88.956327
90.591837
91.835918
93.365714
94.771655
97.909297
100.651429
102.535918
104.704898
106.746122
108.872653
109.532245
110.308980
110.953469
111.613878
112.374286
112.891383
113.607982
114.228163
114.962857
115.616327
116.230204
116.925306
117.610975
118.383673
119.079683
119.907755
120.490272
121.154694
121.944807
122.324717
123.190612
124.049796
124.715918
125.542653
126.183719
126.882857
127.552245
128.246531
129.072653
129.877959
130.592698
131.383492
132.221270
133.192063
134.023810
134.958776
135.750794
136.307937
136.959683
137.872222
139.352698
140.952381
142.697460
144.704490
145.969048
146.908844
147.724218
148.449524
149.188299
149.803311
150.435510
151.014127
151.561905
152.148209
152.763537
153.342857
153.876190
154.420079
154.914286
155.418095
155.927302
156.430476
156.877460
157.380317
157.809524
158.253696
158.801315
159.177041
159.565624
160.290612
160.684082
161.161224
161.693084
162.167302
162.601224
162.944082
163.477098
163.828571
164.351020
164.771837
165.174286
165.794830
169.577370
171.281905
173.674286
174.692698
177.863673
181.992880
182.677052
183.269796
183.784490
184.404898
184.977710
185.586122
186.117551
186.682449
187.170091
187.785714
188.366531
188.898776
189.391429
189.995510
190.844036
191.410023
192.002857
192.782902
194.941143
195.946440
196.939637
198.018957
199.040227
200.092063
201.254331
202.441723
203.449478
204.363401
205.682188
206.667574
207.778912
209.065397
210.475057
213.618186
216.693560
219.746032
222.790113
225.886803
228.831882
231.559773
234.436463
237.076100
239.698231
242.583583
245.193560
248.677007
252.220771
254.141678
255.910023
259.516054
263.359184
269.869433
274.761497
279.504762
284.214921
289.056327
293.597755
298.277959
306.221088
306.770295
308.860136
310.643265
312.247392
313.816054
315.825125
317.408526
319.421224
324.740408
328.332245
332.217778
335.085714
338.642857
344.624762
345.431746
347.422540
349.012381
350.574286
352.037143
353.901224
355.569524
358.314603
362.474921
365.991746
369.979365
372.897460
376.771429
380.590612
382.487302
384.345714
386.162857
387.977370
388.623492
389.296508
389.871746
390.501905
391.060000
391.640000
392.235238
392.873333
393.458730
394.099819
394.646349
395.258413
395.786440
396.360952
396.962857
397.549524
398.303129
398.945306
399.611429
400.259728
400.911633
401.569796
402.202540
402.853333
403.452342
404.080000
404.829796
405.456429
406.196009
407.364444
408.563175
409.666531
411.107347
412.310340
413.670159
414.958503
416.078367
417.428163
418.493016
421.413061
422.116735
422.753764
423.381905
423.996712
424.580635
425.197778
425.779048
426.398413
427.068231
427.656508
428.245397
428.829206
429.526138
430.107937
430.675283
431.291746
432.431451
433.266667
434.088980
435.069841
435.959048
436.830794
437.614603
438.439365
439.260635
440.009841
440.702222
441.544762
442.492245
442.966349
443.716825
444.201905
444.863810
445.426259
445.851111
446.335057
446.806349
447.313524
447.724376
448.248549
448.992109
