0.672971
1.525556
2.024399
2.509116
3.092517
3.736236
4.205669
4.577857
4.799615
5.155828
5.750748
6.163900
6.669705
7.084626
7.612290
8.010068
8.443039
9.000862
9.433696
9.892797
10.485805
10.935850
11.377264
11.836145
12.274785
12.827937
13.268345
13.725820
14.220635
14.653016
15.104580
15.677732
16.325714
16.858612
17.358957
17.770249
18.178005
18.672925
19.243764
19.740471
20.068844
20.658254
21.138942
21.584150
22.108707
22.660091
23.233243
23.777370
24.461497
25.367120
25.780325
25.989977
26.703991
29.769116
31.973923
33.746939
35.507347
37.332245
38.996327
40.831474
42.522245
44.382041
45.812653
47.554082
49.079184
50.498299
51.985306
53.478367
55.488677
57.404490
60.159592
61.200726
62.378707
63.192336
64.136735
65.004898
66.109388
67.062449
68.422676
70.568980
72.045306
73.796735
75.048163
76.496327
77.849615
80.200069
80.836327
81.871837
82.795918
83.582857
84.611655
86.689297
89.311429
91.095918
93.084898
94.660680
96.692653
97.392245
98.048980
98.653469
99.253878
99.874286
100.411383
101.167982
101.608163
102.262857
102.916327
103.470204
103.885306
104.610975
105.643673
106.279683
106.887755
107.680544
108.374694
109.244807
109.754150
110.570612
111.369796
112.075918
112.945306
113.803719
114.402857
115.012245
115.766531
116.632653
117.337959
117.898175
118.703492
119.360423
120.252063
121.143810
121.918776
122.630794
123.407937
124.179683
125.124444
126.712698
128.652381
130.177460
132.224490
133.529048
134.408844
135.128435
135.784762
136.428299
137.003311
137.555510
138.174127
138.781905
139.188209
139.843537
140.462857
140.996190
141.580317
142.114286
142.658095
143.247302
143.750476
144.254921
144.760317
145.209524
145.673696
146.221315
146.648163
147.065624
147.590612
148.092245
148.541224
148.953084
149.287302
149.721224
150.084082
150.537098
150.882857
151.315510
151.771837
152.134286
152.674830
154.837370
156.521905
158.034286
159.072698
161.811837
164.632880
165.197052
165.609796
166.024490
166.504898
166.917710
167.446122
167.908776
168.362449
168.790091
169.265714
169.786531
170.298776
170.631429
171.115510
171.584036
172.037506
172.602857
173.388707
175.777143
177.226440
178.479637
179.818957
181.080227
182.232451
183.854331
185.261723
186.489478
187.803401
189.065004
190.347574
191.478912
192.985397
194.395057
197.398186
200.453560
203.506032
206.470113
209.486803
212.451882
215.399546
218.356463
221.076100
223.749116
226.503583
229.214240
232.537007
235.740771
237.481678
239.020045
242.156054
245.378367
251.249433
255.981497
260.600952
265.294921
269.836327
274.153878
278.557959
284.640972
284.710295
286.100272
287.103265
287.967392
288.776054
289.652562
290.648526
291.441224
295.460408
299.252245
302.932698
306.065714
309.542857
312.926413
313.991746
315.320317
316.312381
317.094286
317.817143
318.621224
319.324762
320.584868
324.194921
327.743915
331.359365
334.677460
338.451429
341.850612
344.667302
347.285714
349.962857
352.477370
353.163492
353.756508
354.291746
354.841905
355.400000
355.906667
356.515238
356.993333
357.518730
358.039819
358.526349
359.038413
359.546440
360.040952
360.542857
361.029524
361.635782
362.225306
362.831429
363.439728
364.103265
364.749796
365.382540
365.997778
366.606395
367.240000
367.869796
368.532857
369.196009
370.084444
371.150794
372.046633
373.034694
374.811020
376.310159
377.378503
378.386531
379.568163
380.533016
382.793061
383.436735
383.558406
384.181905
384.936712
385.840635
386.457778
386.819810
387.327683
387.828231
388.324127
388.803628
389.269206
389.571202
389.776984
390.255283
390.591221
390.971451
391.646667
392.168980
392.849841
393.439524
394.090794
394.714603
395.319365
395.960635
396.549841
397.142222
397.664762
398.332245
398.872698
399.476825
400.101905
400.707619
401.326259
401.904444
402.515057
403.132698
403.767619
404.604376
405.448549
406.192109
