0.672971
1.265556
1.864399
2.449116
3.032517
3.616236
4.185669
4.775714
5.279615
5.955828
6.550748
7.143900
7.729705
8.284626
8.912290
9.450068
10.003039
10.640862
11.193696
11.676780
12.285805
12.835850
13.411791
13.976145
14.494785
15.067937
15.628345
16.177460
16.701905
17.306032
17.844580
18.497732
19.365714
19.973061
20.478957
21.070249
21.638005
22.092925
22.703764
23.261882
23.828844
24.416508
25.056825
25.568299
26.148707
26.740091
27.333243
27.917370
28.501497
29.207120
29.641950
30.089977
31.403991
36.169116
38.813923
40.506939
42.273469
44.052245
45.716618
47.451474
49.424490
51.060680
52.792653
54.364490
56.258367
57.809388
59.725306
61.298367
63.546032
65.804490
69.179592
70.240726
70.998707
71.937007
72.816735
73.764898
74.633878
75.702449
76.942676
79.208980
80.705306
82.516735
84.168163
85.536327
87.258702
89.722290
91.236327
92.771837
93.935918
95.622857
97.431655
101.049297
103.995714
106.135918
108.284898
110.726122
113.692653
114.332245
115.148980
115.733469
116.753878
117.514286
118.231383
119.367982
119.928163
120.582857
121.496327
122.250204
123.045306
123.850975
124.903673
125.779683
126.547755
127.190272
127.874694
128.744807
129.449433
130.330612
131.209796
131.955918
132.765306
133.763719
134.462857
135.072245
136.026531
136.892653
137.657959
138.512698
139.743492
140.561270
141.652063
142.583810
143.498776
144.150794
144.947937
145.857778
146.884444
148.592698
150.632381
152.997460
155.359592
158.078095
159.388844
160.228435
161.229524
162.268299
163.023311
163.755510
164.374127
164.981905
165.568209
166.181769
166.782857
167.316190
167.860317
168.394286
168.918095
169.447302
169.930476
170.457460
170.960317
171.409524
171.873696
172.401315
172.848163
173.405624
173.870612
174.412245
174.921224
175.293084
175.787302
176.301224
176.664082
177.137098
177.562857
178.151020
178.651837
179.094286
179.549660
182.617370
183.841905
185.114286
186.152698
188.111837
192.612880
193.237052
193.809796
194.344490
194.944898
195.497710
196.146122
196.717551
197.282449
197.770091
198.345714
198.946531
199.498776
200.022857
200.615510
201.184036
201.750023
202.302857
203.088707
206.697143
208.186440
209.439637
210.878957
212.140227
213.332063
214.774331
216.121723
217.229478
218.503401
219.901876
221.127574
222.218912
223.465397
225.035057
228.118186
231.213560
234.206032
237.190113
240.186803
243.151882
246.079546
249.016463
251.976100
254.878231
257.943583
260.973560
264.697007
268.620771
270.681678
272.690023
276.716054
280.968571
288.209433
293.021497
297.701587
302.414921
307.316327
311.791020
316.397959
326.801088
329.130295
331.380136
332.883265
334.632200
335.976054
337.332562
339.054104
340.721224
347.520408
351.036122
354.059722
357.545714
360.942857
368.044762
371.511746
374.020317
375.472381
377.114286
378.814286
379.921224
381.488571
383.514603
390.254921
393.811746
397.119365
400.357460
404.171429
409.550612
412.267302
414.645714
416.702857
418.797370
419.403492
420.056508
420.651746
421.261905
421.860000
422.440000
423.035238
423.673333
424.198730
424.839819
425.426349
425.998413
426.586440
427.200952
427.782857
428.329524
429.043129
429.685306
430.391429
431.079728
431.803265
432.449796
433.162540
433.813333
434.466395
435.220000
435.949796
436.632857
437.196009
438.624444
440.050794
445.379592
447.227347
449.211020
451.670159
453.198503
454.479592
456.408163
457.933016
461.193061
461.916735
462.553764
463.141905
463.816712
464.200635
464.877778
465.439048
466.038413
466.648231
467.196508
467.745397
468.269206
468.918413
469.667937
470.695283
471.311746
472.071451
472.706667
473.228980
474.069841
475.338095
476.710794
478.214603
479.199365
480.960635
482.249841
483.062222
485.164762
486.332245
487.026349
487.816825
488.541905
489.223810
489.946259
490.531111
491.155057
491.706349
492.447619
493.164376
493.908549
494.512109
