0.692971
1.405556
2.104399
2.789116
3.472517
4.156236
4.845669
5.511429
6.199615
6.875828
7.610748
8.255601
8.938821
9.624626
10.312290
10.970068
11.563039
12.320862
12.913696
13.516780
14.205805
14.851701
15.471791
16.156145
16.774785
17.487937
18.088345
18.757460
19.401905
20.006032
20.649161
21.337732
22.025714
22.613061
23.238957
23.930249
24.518005
25.292925
25.923764
26.621882
27.228844
27.916508
28.636825
29.268299
29.888707
31.360091
31.973243
32.612109
33.321497
34.307120
34.741950
35.129977
35.963991
40.569116
42.673481
44.106939
45.609116
47.272245
48.599847
50.291474
51.844490
53.460680
55.172653
56.277415
57.818367
59.334178
60.725306
62.289184
64.086032
65.724490
68.859592
69.860726
70.798707
71.812336
72.736735
73.684898
74.613878
75.582449
76.862676
79.234490
80.725306
82.036735
83.668163
85.136327
86.789615
88.922290
90.136327
91.231837
92.375918
93.582857
94.951655
97.849297
99.871429
101.475918
103.284898
105.518367
108.892653
109.792245
110.568980
111.573469
112.233878
112.954286
113.811383
114.887982
115.468163
116.082857
117.116327
118.010204
118.825306
119.550975
120.783673
121.479683
122.767755
123.470272
124.214694
125.304807
126.084717
127.050612
127.969796
128.895918
129.725306
130.603719
131.462857
132.232245
133.586531
134.252653
134.977959
135.852698
136.863492
137.721270
138.832063
139.703810
140.678776
141.510794
142.327937
143.159683
143.984444
145.552698
147.078912
148.797460
150.824490
152.029048
152.876281
153.548435
154.184762
154.788299
155.363311
155.915510
156.514127
157.041905
157.628209
158.243537
158.862857
159.396190
159.980159
160.534286
161.038095
161.621905
162.170476
162.692381
163.260952
163.749524
164.273696
164.821315
165.308163
165.725624
166.390612
166.892245
167.323673
167.953084
168.407302
168.941224
169.384082
169.837098
170.402857
170.935510
171.351837
171.694286
172.074830
174.837370
176.041905
177.354286
178.532698
180.011837
184.052880
184.448526
185.069796
185.653469
186.344898
186.997710
187.706122
188.277551
188.962449
189.510091
190.185714
190.886531
191.458776
192.151429
192.795510
193.424036
194.110023
194.702857
195.488707
197.737143
199.129288
200.259637
201.278957
202.300227
203.312063
204.334331
205.401723
206.449478
207.431489
208.525001
209.547574
210.598912
211.665397
213.015057
215.838186
218.673560
221.526032
224.390113
227.146803
229.931882
232.619546
235.456463
238.176100
240.958231
243.723583
246.433560
250.017007
253.620771
255.701678
257.680045
261.816054
266.066122
272.389433
277.421497
282.460794
287.434921
292.616327
297.431020
302.657959
309.761088
311.870295
313.420136
314.723265
315.707392
317.036054
318.292562
319.768526
321.381224
325.460408
328.632245
332.517778
335.585714
338.802857
344.984762
347.191746
348.580317
349.752381
350.694286
351.765714
353.021224
354.689524
356.554603
360.254921
363.051746
366.699365
369.777460
373.291429
376.670612
379.567302
382.697143
385.602857
388.337370
389.043492
389.696508
390.311746
390.901905
391.540000
392.120000
392.735238
393.413333
394.018730
394.679819
395.286349
395.938413
396.586440
397.260952
397.882857
398.517143
399.323129
400.005306
400.731429
401.439728
402.183265
402.889796
403.622540
404.333333
405.026395
405.800000
406.509796
407.212857
407.976009
408.904444
409.910794
411.046531
412.267347
413.371020
414.810159
416.017007
417.159592
418.168163
419.233016
421.866122
422.636735
423.353764
423.981905
424.683560
425.300635
426.017778
426.618095
427.338413
428.008231
428.636508
429.285397
429.949206
430.618413
431.287937
431.955283
432.711746
433.511451
434.406667
435.208980
436.009841
436.799048
437.570794
438.374603
439.159365
440.021270
440.789841
441.642222
442.964762
443.912245
444.771746
445.910476
446.541905
447.283810
447.966259
448.391111
449.375057
449.846349
450.807619
451.584376
452.408549
453.152109
