1.272971
1.965556
2.644399
3.209116
3.852517
4.436236
4.985669
5.575714
6.139615
6.735828
7.350748
7.883900
8.409705
9.024626
9.552290
10.130068
10.671519
11.200862
11.716848
12.196780
12.805805
13.351701
13.871791
14.416145
14.914785
15.547937
16.048345
16.617460
17.141905
17.666032
18.224580
18.797732
19.425714
20.093061
20.618957
21.050249
21.578005
22.176463
22.723764
23.287294
23.788844
24.416508
25.047365
25.508299
26.048707
26.600091
27.213243
27.737370
28.284299
28.947120
29.421950
30.029977
31.163991
34.289116
36.733923
38.886939
41.087347
43.292245
45.336327
47.631474
49.824490
52.042041
54.472653
55.904490
57.998367
59.829388
61.821224
63.898367
66.226032
68.364490
71.739592
72.741451
73.758707
74.752336
75.696735
76.589796
77.633878
78.542449
79.902676
82.588980
84.425306
86.353469
88.568163
90.898163
92.889615
96.002290
97.436327
98.955510
100.375918
101.742857
103.203311
105.829297
108.911429
111.335918
113.884898
117.006122
120.052653
120.912245
121.748980
122.453469
123.193878
124.014286
124.591383
125.547982
126.056054
126.617143
127.556327
128.250204
128.825306
129.530975
130.263673
131.019683
131.927755
132.490272
133.194694
133.964807
134.624717
135.430612
136.069796
136.675918
137.465306
138.123719
138.822857
139.472245
140.186531
140.972653
141.648980
142.304233
142.963492
143.521270
144.252063
144.983810
145.758776
146.310794
147.081323
147.639683
148.464444
149.332698
151.332381
153.557460
155.708980
156.998095
157.688844
158.228435
158.724762
159.228299
159.683311
160.137755
160.623532
161.081905
161.537052
162.006220
162.462857
162.936190
163.400317
163.874286
164.278095
164.807302
165.215238
165.657460
166.140106
166.529524
166.953696
167.441315
167.862721
168.225624
168.710612
169.132245
169.581224
169.953084
170.347302
170.781224
171.124082
171.497098
171.845714
172.335510
172.751837
173.114286
173.574830
175.437370
177.541905
179.714286
181.545397
184.331837
188.312880
189.017052
189.629796
190.244490
190.864898
191.457710
192.126122
192.697551
193.302449
193.830091
194.445714
195.046531
195.618776
196.131429
196.775510
197.344036
197.910023
198.502857
199.212177
201.477143
202.886440
204.099637
205.298957
206.460227
207.558866
208.874331
210.120862
211.289478
212.223401
213.535011
214.867574
215.958912
217.065397
218.675057
222.418186
226.013560
229.506032
232.930113
236.426803
239.751882
243.139546
246.436463
249.776100
253.118231
256.343583
259.413560
263.537007
267.680771
269.841678
271.910023
276.016054
280.499184
286.169433
291.641497
296.424762
301.294921
306.196327
311.051020
316.259320
325.701088
327.830295
329.960136
331.443265
333.002177
334.356054
335.652562
336.988526
338.201224
343.240408
347.227464
351.177778
354.805714
358.802857
364.624762
367.611746
370.120317
371.592381
373.334286
374.637143
376.141224
377.229524
379.054603
383.514921
387.291746
391.119365
394.777460
398.811429
401.870612
406.987302
409.605714
413.302857
415.517370
416.723492
417.396508
417.991746
418.601905
419.240000
419.780000
420.435238
420.993333
421.578730
422.199819
422.746349
423.338413
423.906440
424.460952
425.002857
425.509524
426.083129
426.725306
427.331429
427.939864
428.583265
429.184898
429.762540
430.353333
430.946395
431.610000
432.209796
432.872857
433.419501
434.324444
435.110794
436.206531
437.647347
439.191020
440.770159
442.277007
443.686531
445.568163
447.133016
449.793061
450.676735
451.333764
451.881905
452.516712
453.080635
453.697778
454.259048
454.858413
455.428231
455.996508
456.561799
457.069206
457.678413
458.207937
458.715283
459.311746
459.991451
460.646667
461.168980
461.829841
462.579048
463.310794
464.054603
464.799365
465.520635
466.289841
467.102222
467.844762
468.632245
469.346349
470.096825
470.861905
471.563810
472.266259
472.991111
473.715057
474.426349
475.167619
475.544376
475.988549
476.894679
