0.392971
0.945556
1.544399
2.149116
2.732517
3.276236
3.865669
4.435714
4.999615
5.615828
6.230748
6.803900
7.349705
7.944626
8.532290
9.150068
9.723039
10.360862
10.917899
11.456780
12.065805
12.631701
13.211791
13.816145
14.374785
14.847937
15.508345
16.117460
16.681905
17.186032
17.764580
18.317732
18.985714
19.533061
20.118957
20.710249
21.298005
21.912925
22.483764
23.081882
23.608844
24.236508
24.856825
25.408299
26.008707
26.600091
27.213243
27.777370
28.361497
29.087120
30.121950
30.589977
31.543991
36.089116
38.373923
40.586939
42.827347
45.492245
47.473761
49.751474
51.984490
54.442041
56.492653
58.764490
61.158367
63.049388
65.085306
67.158367
69.646032
71.864490
74.539184
75.460726
76.338707
77.232336
78.137143
78.984898
79.873878
80.822449
82.342676
85.468980
87.245306
89.156735
91.008163
92.896327
95.029615
97.882290
99.816327
102.211837
103.575918
105.302857
106.931655
110.549297
113.391429
115.255918
117.584898
119.686122
122.412653
123.172245
123.928980
124.653469
125.453878
126.154286
126.851383
127.807982
128.368163
129.062857
129.896327
130.670204
131.265306
131.950975
133.043673
133.719683
134.407755
135.010272
135.694694
136.564807
137.204717
138.070612
138.709796
139.375918
140.185306
141.043719
141.742857
142.472245
143.253061
144.092653
144.797959
145.492698
146.383492
147.241270
148.347438
149.183810
149.958776
150.710794
151.487937
152.279683
153.144444
154.652698
156.452381
158.597460
160.644490
162.038095
163.049615
163.928435
164.644762
165.308299
165.883311
166.475510
167.074127
167.681905
168.348209
168.983537
169.602857
170.156190
170.760317
171.374286
171.938095
172.527302
173.090476
173.654921
174.180317
174.678095
175.173696
175.741315
176.228163
176.713741
177.290612
177.952245
178.361224
178.833084
179.227302
179.741224
180.144082
180.677098
181.062857
181.495510
182.091837
182.508571
182.957415
186.257370
187.641905
189.294286
190.992698
193.051837
196.472880
197.037052
197.569796
198.084490
198.702449
199.237710
199.853061
200.397551
200.942449
201.430091
202.012857
202.606531
203.138776
203.651429
204.215510
204.804036
205.350023
205.942857
206.748707
210.017143
211.626440
212.739637
214.158957
215.420227
216.732063
218.214331
219.641723
220.989478
222.283401
223.515011
224.987574
226.338912
227.685397
229.055057
232.178186
235.173560
238.126032
241.090113
244.066803
247.031882
249.999546
252.896463
255.856100
258.838231
261.863583
264.753560
268.577007
272.300771
274.361678
276.140045
279.928163
283.775102
290.849433
297.101497
303.124762
309.294921
315.576327
321.551020
327.977959
337.281088
339.270295
341.080544
342.723265
344.287392
345.836054
347.332562
348.988526
350.981224
356.240408
360.632245
365.057778
369.585714
374.162857
379.904762
382.251746
384.140317
385.692381
387.314286
388.637143
389.862449
391.304762
393.274603
397.934921
402.271746
406.679365
411.097460
415.791429
420.210612
422.827302
424.905714
426.762857
428.677370
429.243492
429.818836
430.391746
430.930952
431.560000
432.060000
432.615238
433.193333
433.738730
434.339819
434.906349
435.478413
436.046440
436.640952
437.242857
437.929524
438.923129
439.685306
440.471429
441.259728
442.063265
442.789796
443.602540
444.373333
445.186395
446.000000
446.809796
447.631429
448.396009
450.584444
452.284762
453.306531
454.607347
456.151020
458.050159
459.297007
460.426531
461.928163
463.018836
465.573061
466.256735
466.793764
467.361905
467.956712
468.480635
469.057778
469.619048
470.218413
470.788231
471.356508
471.905397
472.449206
473.038413
473.607937
474.235283
474.871746
475.631451
476.446667
477.368980
478.289841
479.197143
480.130794
481.094603
481.999365
482.900635
483.809524
484.864444
485.804762
486.692245
487.158095
488.716825
489.321905
490.143810
490.906259
491.811111
492.455057
493.166349
493.927619
494.704376
495.408549
496.112109
