0.452971
1.105556
1.764399
2.409116
3.032517
3.636236
4.245669
4.875714
5.499615
6.175828
6.810748
7.363900
8.009705
8.644626
9.252290
9.870068
10.443039
11.120862
11.713696
12.356780
13.065805
13.715102
14.371791
15.016145
15.614785
16.267937
16.848345
17.497460
18.141905
18.706032
19.364580
19.977732
20.665714
21.273061
21.878957
22.510249
23.098005
23.792925
24.423764
25.101882
25.668844
26.296508
26.956825
27.508299
28.128707
28.720091
29.393243
29.957370
30.561497
31.287120
32.041950
32.909977
34.523991
38.529116
40.733923
42.646939
44.607347
46.792245
48.516327
50.551474
52.564490
54.702041
56.732653
58.496122
60.658367
62.529388
64.645306
66.838367
69.226032
71.428980
74.139592
75.081451
75.938707
76.892336
77.556735
78.404898
79.313878
80.502449
81.642676
84.888980
86.272653
87.736735
89.588163
91.176327
92.909615
95.100573
95.916327
96.911837
97.775918
98.722857
100.291655
102.849297
105.331429
107.195918
109.064898
111.046122
113.692653
114.692245
115.508980
116.153469
117.201633
117.934286
118.531383
119.267982
120.108163
120.762857
121.576327
122.370204
123.125306
123.810975
124.703673
125.419683
126.107755
127.061088
128.034694
128.884807
129.844717
130.650612
131.529796
132.475918
133.345306
134.143719
135.022857
135.832245
136.686531
137.812653
138.597959
139.492698
140.483492
141.321270
142.632063
143.543810
144.478776
145.270794
146.247937
147.159683
148.224444
149.792698
151.532381
153.297460
156.924490
158.758095
160.308844
161.528435
162.564762
163.508299
164.303311
165.235510
166.054127
166.801905
167.508209
168.223537
168.962857
169.516190
170.100317
170.654286
171.198095
171.767302
172.230476
172.677460
173.120317
173.529524
173.933696
174.361315
174.788163
175.185624
175.650612
176.052245
176.501224
176.817695
177.147302
177.561224
177.944082
178.297098
178.722857
179.155510
179.591837
179.954286
180.489660
183.197370
184.401905
186.134286
187.432698
189.098367
192.652880
193.357052
193.989796
194.584490
195.224898
195.815420
196.486122
197.137551
197.722449
198.290091
198.965714
199.586531
200.238776
200.762857
201.435510
202.084036
202.730023
203.334286
204.168707
207.277143
209.046440
210.759637
212.578957
214.360227
215.932063
217.854331
219.681723
221.589478
223.001701
224.875011
226.607574
228.378912
230.125397
232.895057
236.258186
239.713560
243.226032
246.690113
250.086803
253.351882
256.499546
259.656463
262.976100
266.438231
269.903583
273.113560
276.617007
279.940771
281.661678
283.260045
286.436054
289.459184
295.089433
301.625986
308.004762
314.274921
320.616327
326.731020
333.037959
341.481088
343.470295
344.800136
345.923265
346.974785
347.976054
349.112562
350.688526
352.241224
357.340408
361.972245
366.117778
370.685714
375.142857
381.464762
383.891746
385.320635
386.392381
387.394286
388.397143
389.481224
391.009524
392.974603
397.634921
402.091746
406.419365
410.977460
415.571429
417.470612
419.027302
420.785714
422.362857
424.017370
424.923492
425.616508
426.271746
426.921905
427.540000
428.120000
428.707619
429.346667
429.898730
430.519819
431.066349
431.638413
432.226440
432.820952
433.402857
434.009524
434.983129
435.745306
436.551429
437.259728
438.063265
438.769796
439.582540
440.353333
441.106395
441.840000
442.649796
443.412857
444.456009
445.804444
447.033968
448.246531
449.587347
451.531020
453.750159
454.738503
455.766531
456.788163
457.753016
460.453061
461.096735
461.713764
462.261905
462.896712
463.400635
464.017778
464.579048
465.158413
465.748231
466.316508
466.865397
467.409206
467.998413
468.627937
469.215283
470.003492
470.782902
471.406667
472.437959
473.349841
474.039048
475.110794
476.054603
476.879365
477.620635
478.429841
479.202222
480.004762
481.112245
481.726349
482.694603
483.381905
484.186667
484.926259
485.651111
486.415057
487.132698
487.947619
488.744376
489.528549
490.272109
