0.432971
1.105556
1.764399
2.418231
3.072517
3.676236
4.325669
4.955714
5.619615
6.215828
6.890748
7.483900
8.149705
8.764626
9.412290
10.050068
10.643039
11.360862
11.973696
12.556780
13.245805
13.871701
14.531791
15.156145
15.814785
16.487937
17.048345
17.677460
18.321905
18.986032
19.629161
20.257732
20.945714
21.553061
22.158957
22.790249
23.398005
24.112925
24.743764
25.361882
25.988844
26.616508
27.296825
27.868299
28.528707
29.180091
29.873243
30.417370
31.261497
32.327120
32.761950
33.159955
34.303991
39.009116
41.393923
44.026939
46.367347
49.132245
51.616327
54.231474
56.852245
59.784082
62.255918
64.284490
67.218367
69.469388
72.085306
74.289184
76.806032
79.044490
82.559592
83.840726
84.998707
86.315692
87.396735
88.484898
89.833878
90.942449
92.742676
97.168980
98.945306
100.816735
103.008163
104.896327
106.929615
109.362290
111.252653
112.891837
114.575918
116.202857
118.331655
123.109297
126.911429
129.331429
131.504898
134.426122
140.152653
141.672245
142.408980
143.133469
143.913878
144.854286
145.331383
146.347982
146.928163
147.542857
148.436327
149.150204
149.945306
150.590975
151.423673
152.419683
153.187755
153.750272
154.434694
155.624807
156.024717
156.790612
157.529796
158.195918
159.005306
159.863719
160.562857
161.172245
161.926531
162.832653
163.537959
164.232698
165.043492
165.861270
166.686413
167.503810
168.438776
169.110794
169.887937
170.799683
171.844444
173.612698
175.532381
177.897460
180.264490
181.558095
182.568844
183.288435
183.964762
184.628299
185.223311
185.815510
186.394127
186.961905
187.548209
188.163537
188.882857
189.456190
190.060317
190.694286
191.258095
191.921905
192.530476
193.112381
193.740317
194.229524
194.813696
195.421315
195.968163
196.385624
197.250612
197.872245
198.441224
199.073084
199.574603
200.161224
200.444082
200.837098
201.885714
202.475510
202.851837
203.602857
204.154830
207.737370
210.563810
212.514286
214.265397
216.431837
221.132880
221.857052
222.409796
222.984490
223.604898
224.177710
224.826122
225.397551
225.964898
226.510091
227.125714
227.726531
228.298776
228.882857
229.515510
230.064036
230.610023
231.242857
232.028707
234.277143
235.906440
237.639637
239.378957
241.100227
242.672063
244.334331
246.001723
247.289478
249.223401
250.965034
252.547574
254.218912
256.785397
258.995057
263.558186
267.393560
271.286032
275.210113
278.846803
282.151882
285.579546
289.076463
292.716100
296.338231
300.003583
303.313560
307.337007
311.420771
313.861678
315.840499
320.536054
324.975918
331.949433
339.441497
346.764762
354.139683
361.796327
368.951020
376.597959
389.481088
392.490295
394.200136
395.543265
396.687392
397.696054
398.812562
400.288526
401.790612
406.460408
410.652245
414.897778
418.425714
422.751429
429.509524
436.071746
437.900317
439.372381
440.494286
441.517143
442.761224
444.369524
446.234603
450.494921
454.631746
458.859365
462.437460
467.182857
472.710612
475.947302
478.945714
480.982857
483.457370
484.163492
484.896508
485.571746
486.261905
486.980000
487.640000
488.295238
488.973333
489.637460
490.339819
491.006349
491.658413
492.326440
492.980952
493.662857
494.249524
495.043129
495.765306
496.531429
497.279728
498.043265
498.729796
499.482540
500.233333
500.966395
501.760000
502.489796
503.252857
504.048027
505.364444
506.673968
508.066531
509.367347
510.751020
512.410159
513.598503
514.586531
516.108163
517.493016
521.173061
522.513469
523.213764
523.821905
524.436712
525.040635
525.697778
526.299048
526.898413
527.568231
528.136508
528.725397
529.298413
529.918413
530.527937
531.105850
531.751746
532.551451
533.366667
534.128980
534.949841
536.319048
537.790794
539.614603
540.639365
541.880635
543.209841
544.502222
545.784762
547.493469
548.526349
549.941905
550.761905
551.867619
552.826259
553.791111
554.695057
555.717143
556.467619
557.244376
558.068549
558.812109
