0.932971
1.625556
2.244399
2.849116
3.512517
4.056236
4.685669
5.275714
5.899615
6.515828
7.110748
7.703900
8.349705
8.904626
9.492290
10.110068
10.683039
11.300862
11.853696
12.396780
13.065805
13.671701
14.271791
14.836145
15.414785
16.027937
16.608345
17.177460
17.741905
18.306032
18.924580
19.537732
20.185714
20.753061
21.338957
21.970249
22.518005
23.152925
23.783764
24.341882
24.908844
25.516508
26.176825
26.728299
27.328707
27.900091
28.513243
29.097370
29.681497
30.307120
30.741950
31.269977
31.983991
35.129116
36.853923
38.446939
39.867347
41.612245
43.036361
44.791474
46.140641
47.761020
49.172653
50.504490
52.038367
53.299410
54.625306
56.238367
57.986032
59.784490
62.439592
63.260726
64.178707
65.112336
65.956735
66.834694
67.753878
68.654694
70.102676
72.728980
74.465306
76.336735
78.408163
80.336327
82.289615
84.782290
86.232653
87.751837
88.855918
90.222857
91.591655
93.609297
96.371429
98.463673
100.784898
102.346122
104.352653
105.012245
105.668980
106.293469
106.987755
107.654286
108.151383
108.947982
109.508163
110.082857
110.816327
111.430204
111.945306
112.650975
113.263673
114.179683
115.007755
115.590272
116.574694
117.504807
118.184717
119.110612
120.049796
120.835918
121.785306
122.823719
123.522857
124.252245
125.106531
125.992653
126.697959
127.472698
128.283492
128.961270
130.032063
130.923810
131.838776
132.530794
133.307937
134.279683
135.244444
137.272698
139.304762
141.354921
143.844490
145.289048
146.208844
146.994218
147.664762
148.308299
148.863311
149.415510
150.074127
150.681905
151.268209
151.923537
152.602857
153.136190
153.720317
154.294286
154.858095
155.454603
156.060952
156.637460
157.160317
157.589524
158.173696
158.861315
159.308163
159.785624
160.490612
161.092245
161.541224
162.153084
162.527302
163.041224
163.504082
163.897098
164.422857
164.922041
165.371837
165.817143
166.434830
168.957370
170.739048
173.454286
175.072698
177.171837
180.772880
181.464263
182.029796
182.524490
183.084898
183.597710
184.186122
184.717551
185.282449
185.770091
186.365714
186.966531
187.478776
187.971429
188.555510
189.144036
189.710023
190.322857
191.128707
193.617143
195.306440
197.139637
198.558957
200.100227
201.432063
203.054331
204.501723
205.849478
207.003401
208.635011
210.067574
211.338912
212.790794
214.735057
217.898186
221.153560
224.346032
227.570113
230.666803
233.711882
236.639546
239.616463
242.476100
245.358231
248.283583
250.927120
254.497007
258.020771
259.741678
261.290023
264.516054
267.559184
272.709433
277.161497
281.692381
285.994921
290.296327
294.411020
298.757959
306.341088
308.370295
309.740136
311.106531
312.447392
313.376054
314.632562
315.788526
317.001224
321.620408
325.472245
329.157778
332.625714
336.451429
341.324762
343.531746
344.640317
347.012381
348.274286
349.397143
350.701224
351.949524
353.034603
357.454921
361.311746
364.899365
368.517460
372.691429
376.190612
379.167302
381.905714
384.522857
387.297370
388.023492
388.676508
389.331746
389.981905
390.660000
391.300000
391.915238
392.593333
393.218730
393.899819
394.506349
395.138413
395.766440
396.440952
397.082857
397.649524
398.331565
398.945306
399.631429
400.299728
401.023265
401.689796
402.342540
402.953333
403.606395
404.320000
404.989796
405.692857
406.716009
407.384444
408.410794
409.466531
410.207347
411.371020
412.870159
413.978503
415.086531
416.008163
416.949418
418.873061
419.756735
420.393764
420.981905
421.656712
422.240635
422.857778
423.478095
424.118413
424.768231
425.389524
425.965397
426.578413
427.218413
427.847937
428.435283
429.051746
429.691451
430.446667
431.068980
431.849841
432.639048
433.490794
434.294603
435.079365
435.880635
436.629841
437.442222
438.144762
438.892245
439.566349
440.365079
440.881905
441.583810
442.192517
442.813333
443.430113
444.126349
444.867619
445.644376
446.608549
447.352109
