0.432971
1.145556
1.784399
2.429116
3.032517
3.656236
4.265669
4.855714
5.459615
6.115828
6.750748
7.303900
7.889705
8.524626
9.152290
9.730068
10.323039
10.980862
11.593696
12.176780
12.845805
13.471701
14.071791
14.676145
15.254785
15.887937
16.448345
17.097460
17.681905
18.266032
18.884580
19.497732
20.185714
20.713061
21.318957
21.930249
22.536009
23.172925
23.763764
24.361882
24.928844
25.573016
26.236825
26.748299
27.368707
28.000091
28.613243
29.217370
29.801497
30.447120
30.981950
31.549977
32.363991
36.089116
38.093923
40.026939
41.693469
43.592245
45.296327
47.551474
49.764490
51.842041
53.752653
55.724490
57.498367
59.369388
61.245306
63.038367
65.386032
67.904490
71.139592
72.060726
73.018707
73.992336
74.896735
75.764898
76.813878
77.762449
79.242676
82.468980
84.225306
86.076735
87.928163
89.476327
91.309615
94.062290
96.214286
97.951837
99.135918
100.762857
102.191655
105.709297
109.111429
111.855918
115.304898
117.546122
119.772653
120.492245
121.268980
121.933469
122.573878
123.262857
123.831383
124.727982
125.248163
125.942857
126.616327
127.250204
127.845306
128.510975
129.225714
130.119683
130.887755
131.470272
132.174694
133.024807
133.524717
134.350612
135.149796
135.775918
136.585306
137.343719
138.042857
138.712245
139.546531
140.432653
141.177959
141.992698
142.883492
143.922540
145.112063
146.003810
146.958776
147.750794
148.507937
149.359683
150.344444
151.992698
153.652381
155.397460
157.084490
157.978095
158.628844
159.144218
159.624762
160.108299
160.543311
161.037755
161.529021
162.061905
162.428209
162.863537
163.282857
163.696190
164.100317
164.517143
164.958095
165.415767
165.770476
166.077460
166.500317
166.809841
167.173696
167.550329
167.908163
168.265624
168.705306
169.092245
169.484245
169.773084
170.107302
170.481224
170.804082
171.137098
171.482857
171.875510
172.251837
172.574286
172.974830
176.797370
178.461905
180.954286
182.472698
184.691837
189.492880
190.197052
190.809796
191.397959
192.064898
192.637710
193.326122
193.917551
194.502449
195.030091
195.745714
196.346531
196.958776
197.494286
198.155510
198.764036
199.370023
199.982857
201.088707
203.457143
204.966440
206.359637
207.778957
209.100227
210.412063
212.014331
213.661723
215.149478
216.503401
217.990023
219.567574
220.958912
222.765397
224.215057
227.478186
230.693560
233.806032
237.010113
240.126803
243.171882
246.199546
249.116463
252.176100
255.278231
258.603583
261.653560
265.977007
270.060771
272.161678
274.310023
278.536054
282.439184
288.989433
296.361497
302.884762
309.804762
316.336327
322.891020
329.697959
340.161088
342.210295
343.840136
345.223265
347.022630
348.536054
350.132562
351.608526
353.941224
360.320408
365.412245
370.157778
374.605714
379.782857
386.144762
388.231746
389.400317
389.972381
391.154286
391.777143
392.901224
394.209524
395.914603
401.914921
406.682222
411.539365
416.117460
421.451429
426.450612
428.107302
429.865714
431.482857
433.197370
433.843492
434.516508
435.111746
435.741905
436.400000
437.020000
437.635238
438.306667
438.938730
439.599819
440.166349
440.778413
441.386440
442.000952
442.582857
443.149524
443.903129
444.565306
445.331429
445.999728
446.703265
447.349796
448.022540
448.693333
449.326395
450.040000
450.709796
451.432857
452.056009
454.004444
455.626349
457.073061
458.887347
460.351020
462.210159
463.598503
465.326531
467.648163
469.013016
474.253061
474.956735
475.633764
476.241905
476.916712
477.480635
478.157778
478.759048
479.418413
480.008231
480.616508
481.245397
481.809206
482.458413
483.047937
483.635283
484.271746
484.991451
485.686667
486.428980
487.209841
487.959048
488.950794
489.834603
490.619365
491.400635
492.129841
493.002222
493.764762
494.552245
495.192698
495.977778
496.641905
497.363810
498.086259
498.771111
499.475057
500.166349
500.907619
501.564376
502.428549
503.412109
