0.830113379
3.837097506
7.151746032
10.753741497
14.362993197
18.570158730
22.587210884
26.535510204
30.292244898
34.276462585
37.827346939
41.794784580
45.755941043
49.683696145
54.104263039
57.580453515
61.029342404
64.869931973
68.673015873
72.312743764
75.986031746
79.842539683
84.030136054
86.615102041
89.365374150
92.046394558
94.737777778
97.482653061
100.185510204
103.073718821
105.824603175
108.591360544
111.319818594
114.092630385
116.512585034
119.102811791
121.420634921
123.804784580
126.075646259
128.171065760
130.523038549
132.641088435
135.035646259
137.595646259
139.772517007
141.923265306
144.089818594
146.271587302
148.462290249
150.599977324
152.868730159
154.749387755
157.475895692
160.313469388
162.770634921
165.317188209
168.232494331
172.602630385
175.699591837
178.758526077
181.658843537
184.651541950
187.719546485
190.527777778
193.445532880
196.253378685
198.754716553
201.106780045
203.368004535
205.481519274
208.163265306
211.814739229
215.732970522
219.489523810
223.647800454
227.486848073
231.279387755
236.174671202
240.355555556
246.450793651
249.600000000
253.001904762
256.095011338
259.118049887
262.399047619
266.090068027
269.805714286
273.869206349
276.916825397
279.990430839
282.890158730
285.856507937
288.609523810
291.423492063
294.444852608
297.527346939
300.322993197
302.984126984
305.834240363
308.498412698
311.119591837
313.874467120
316.592743764
319.099433107
321.776439909
324.273945578
326.929841270
329.570158730
332.085283447
334.716258503
337.328730159
339.953696145
342.636666667
345.365192744
347.966145125
350.587959184
353.285714286
355.950272109
358.700453515
361.308956916
364.000907029
366.638095238
368.863492063
370.876326531
372.930340136
375.018004535
376.985691610
378.907210884
380.657097506
382.539659864
384.373945578
386.247619048
388.165079365
390.341950113
393.610158730
396.860634921
399.420952381
402.519365079
406.278095238
410.321269841
416.203174603
420.221746032
423.984761905
427.814603175
431.791950113
435.098412698
438.460952381
442.331428571
445.998730159
449.838730159
455.293968254
458.924603175
462.933333333
466.650657596
470.796190476
474.321269841
478.262857143
482.526802721
486.948571429
490.869070295
494.842063492
498.472721088
502.610929705
510.707097506
513.905419501
516.961179138
520.058049887
523.196507937
526.418888889
529.336439909
532.293922902
535.314399093
538.148004535
540.804807256
543.583492063
546.407619048
549.755646259
553.122675737
556.429138322
559.868276644
563.228276644
566.542244898
569.437460317
572.110907029
574.603673469
577.455374150
581.241904762
584.929523810
591.529795918
595.025850340
598.865850340
602.530385488
606.965034014
609.602176871
612.284081633
615.828027211
619.127346939
622.590839002
626.433741497
630.839727891
634.209523810
638.145306122
644.501995465