1.411270
7.014966
12.854558
18.440272
23.914966
29.959592
35.741905
41.516871
47.561224
53.854558
59.714830
65.362449
71.319728
76.508299
82.737823
88.471156
95.041088
100.754286
106.836599
112.368980
118.222721
124.025850
129.448980
134.446531
139.227755
143.823401
149.005986
154.640000
162.778367
167.473061
173.578231
178.721769
184.677823
190.121633
195.967075
200.571156
206.000136
211.066395
216.285714
222.989796
230.056735
236.267823
245.755646
251.210431
256.136825
260.494286
265.060000
269.266349
273.706667
277.992336
282.095329
286.346259
290.397098
294.234150
298.168617
302.098730
305.724943
309.497687
313.206395
316.645624
320.369116
323.694286
327.120952
330.579048
334.135374
337.747710
341.587211
345.892018
350.236236
355.976508
361.725805
367.235465
372.844762
378.439819
384.096463
389.963900
396.601315
402.673016
408.946939
414.950476
420.821451
427.107392
432.615283
438.267075
443.655601
448.673696
453.963356
460.795465
469.261224
476.639274
484.753107
492.864490
500.243583
506.484853
511.154331
515.841315
520.228390
524.689524
529.530839
534.788322
541.288435
549.637188
558.240295
