0.371270
5.634966
10.332925
16.000272
20.714966
26.279592
31.601905
36.856871
42.701224
47.854558
52.854830
57.554150
62.639728
67.608299
72.797823
77.947891
83.880272
88.954286
94.716599
99.288980
104.562721
109.585850
114.489796
118.846531
122.627755
126.323401
130.343946
134.800000
141.218367
146.413061
151.658912
156.941769
162.358912
166.901633
171.807075
176.311156
180.420136
184.526395
188.351429
194.509796
200.336735
205.787823
212.635646
215.810431
220.096825
223.314286
226.880000
230.166349
233.646667
236.892336
240.075329
243.406259
246.877098
249.774150
252.684308
255.378730
258.108118
260.477687
262.913197
265.242812
267.532279
269.754286
272.180952
274.459048
276.675374
278.947710
281.427211
284.172018
287.736236
292.616508
297.525805
302.215465
307.044762
311.879819
316.756463
321.543900
327.341315
332.633016
338.289660
343.530476
348.721451
353.827392
358.455283
362.927075
367.195601
371.233424
375.623356
380.975465
388.881224
394.839274
402.213107
409.204490
414.943583
420.884853
424.654331
428.821315
432.548390
436.477905
441.170839
446.808322
452.892653
461.077188
467.980295
