1.211270
6.704762
11.336599
16.760272
21.614966
26.859592
31.981905
36.676871
42.281224
46.934558
51.574830
56.594150
61.619728
66.208299
70.757823
75.342313
80.920272
85.674286
91.096599
95.408980
100.822721
105.445850
109.949796
114.046531
118.007755
121.843401
125.925986
130.500000
137.118367
141.233061
145.818912
150.641769
155.918912
160.641633
165.407075
169.071156
173.640136
177.626395
181.291429
186.529796
191.175814
196.387823
202.195646
205.430431
209.516825
213.534286
217.540000
221.426349
225.086667
228.532336
231.635329
235.306259
238.977098
242.534150
246.124308
249.938730
253.688707
256.997687
260.073197
262.905624
265.669116
268.314286
271.042857
273.659048
276.110748
278.667710
281.367211
284.532018
288.916236
293.716508
298.625805
303.235465
308.004762
312.619819
317.216463
321.783900
327.241315
332.373016
337.449660
341.850476
346.901451
351.727392
356.435283
360.727075
364.915601
368.953424
373.103356
378.155465
384.941224
391.019274
398.393107
403.284490
408.683583
414.324853
418.494331
422.740188
426.608390
430.449524
434.830839
439.591409
442.564218
448.717188
457.580295
