0.331270
5.194966
10.149116
15.340272
20.400348
23.939592
29.421905
34.416871
40.381224
44.934558
49.494830
53.714150
58.779728
62.768299
67.057823
71.371156
77.620272
82.134286
86.876599
91.108980
96.322721
100.705850
105.069796
109.086531
112.847755
116.523401
120.345986
124.800000
131.398367
136.373061
140.919456
145.581769
150.557823
154.761633
159.067075
162.711156
166.260136
169.586395
173.171429
178.109796
184.336735
190.167823
197.715646
200.950431
204.796825
208.714286
212.220000
215.686349
219.206667
222.472336
225.555329
228.946259
232.353871
235.614150
238.844308
241.658730
244.468118
246.816812
248.919244
251.065624
252.969116
254.937143
256.760952
258.879048
260.815374
262.947710
265.427211
268.132018
273.116236
277.516508
281.885805
285.935465
290.284762
294.379819
298.556463
302.823900
308.241315
312.693016
317.529660
321.750476
326.681451
331.247392
335.455283
339.487075
343.435601
347.253424
351.263356
355.935465
362.761224
368.899274
374.733107
380.544490
385.363583
390.350809
394.074331
397.921315
401.168390
404.649524
408.890839
412.928322
417.584218
423.757188
432.360295
