1.931270
7.989932
13.814558
20.280272
25.874966
31.019592
37.701905
43.941224
51.081224
57.074558
62.774830
68.488299
74.379728
79.968299
85.617823
90.825578
97.580272
103.014286
108.656599
114.248980
120.182721
125.465850
130.369796
135.306531
139.355510
143.403401
147.745986
153.100000
160.318367
165.693061
171.258912
176.461769
181.678912
186.581633
192.327075
197.011156
201.780136
206.726395
211.231429
217.649796
223.776735
230.347823
238.615646
241.850431
246.136825
250.214286
253.900000
257.726349
260.986667
264.512336
268.075329
271.666259
275.425699
278.834150
282.184308
285.158730
288.168118
290.917687
293.513197
296.185624
298.829116
301.394286
304.020952
306.699048
309.455374
312.387710
315.207211
318.612018
323.836236
328.916508
333.925805
338.875465
344.224762
349.179819
354.176463
359.243900
364.741315
369.973016
375.189660
380.530476
385.561451
390.487392
394.995283
399.547075
403.775601
407.973424
412.643356
418.235465
425.621224
431.499274
439.133107
445.384490
450.663583
455.544853
459.654331
463.780658
467.408390
471.529524
475.970839
480.648322
486.241088
494.157188
502.800295
