0.831270
6.114966
12.234558
17.860272
23.354966
28.879592
34.761905
40.156871
46.741224
52.114558
58.014830
62.694150
68.099728
73.128299
78.017823
83.476735
88.840272
94.534286
100.516599
105.228980
110.782721
116.225850
121.309796
126.326531
130.747755
135.063401
139.425986
144.800000
151.358367
155.953061
160.698912
165.561769
170.595646
175.601633
180.787075
185.391156
189.760272
193.826395
197.954286
203.899592
209.756735
215.687823
222.915646
226.150431
231.156825
235.994286
240.760000
245.166349
249.806667
254.284671
258.675329
263.032517
267.597098
272.034150
276.524308
280.858730
285.352472
289.117687
292.373197
295.205624
297.949116
300.534286
303.280952
306.059048
308.815374
311.607710
314.767211
318.132018
322.116236
326.956508
331.925805
336.695465
341.584762
346.339819
351.176463
355.983900
361.113772
366.186032
371.669660
376.770476
382.044354
387.187392
391.955283
396.867075
401.575601
405.913424
410.563356
415.935465
424.401224
431.179274
439.733107
447.904490
454.243583
460.384853
465.214331
470.401315
475.448390
480.269524
485.330839
490.108322
495.324218
501.597188
510.860295
