1.051270
6.549796
11.414558
17.020272
22.194966
27.259592
32.381905
37.830612
44.321224
49.134558
54.654830
59.274150
65.179728
69.908299
74.917823
80.565578
86.700272
91.934286
97.476599
102.546939
107.499048
112.565850
117.597143
122.526531
126.707755
130.783401
135.063946
139.760000
147.038367
152.238367
158.298912
163.681769
169.638912
174.621633
180.147075
185.071156
189.740136
194.105578
198.542857
204.169796
210.316735
216.567823
225.435646
228.750431
233.996825
239.274286
244.180000
249.206349
253.686667
258.312336
262.895329
268.066259
272.857098
277.374150
281.284308
284.758730
288.328118
291.517687
294.533197
297.645624
300.749116
303.811429
307.120952
310.219048
313.490748
316.567710
320.047211
323.572018
327.616236
332.556508
337.505805
342.295465
347.184762
352.019819
356.836463
361.743900
367.167891
372.333016
377.629660
382.650476
388.141451
393.267392
398.415283
403.327075
407.855601
412.313424
416.783356
422.015465
429.281224
434.759274
441.853107
448.824490
454.803583
461.224853
466.274331
471.561315
476.668390
482.209524
487.670839
493.248322
499.105442
505.917188
513.860295
