1.011270
5.314830
9.574558
14.000272
18.394966
22.539592
27.101905
31.496871
36.661224
40.774558
44.854830
48.934150
53.419728
57.228299
61.357823
65.565578
71.580272
75.694286
80.216599
84.348980
88.782721
92.885850
96.714898
100.189504
103.407755
106.463401
110.003946
114.560000
120.618367
124.913061
129.498912
133.921769
138.658912
142.701633
146.847075
150.611156
154.220136
157.726395
161.211429
167.129796
171.508367
176.127823
183.655646
185.815215
188.516825
191.234286
193.760000
196.246349
198.726667
201.332336
203.875329
206.826259
209.059706
211.574150
214.104308
216.158730
218.478303
220.617687
222.813197
225.005624
226.989116
229.265714
231.380952
233.779048
235.835374
238.007710
240.427211
243.492018
247.656236
252.236508
256.645805
260.995465
265.404762
269.699819
274.076463
278.463900
283.981315
288.553016
292.909660
297.150476
301.301451
305.727392
309.715283
313.707075
317.535601
321.113424
325.223356
330.575465
338.401224
344.499274
351.873107
359.164490
365.743583
370.704853
373.734331
376.961315
379.628390
382.678254
386.130839
390.008322
394.582177
400.857188
408.472537
