0.311270
5.874966
11.114558
16.540272
21.814966
26.379592
33.121905
38.436871
44.921224
50.414558
55.734830
60.870748
66.659728
71.728299
76.737823
82.085578
88.720272
93.834286
99.376599
104.429796
109.702721
114.305850
119.277959
123.926531
127.807755
131.463401
135.449932
140.720000
148.198367
152.313061
157.858912
162.301769
167.718912
172.361633
177.487075
181.791156
186.560136
190.366395
194.231429
200.769796
206.536735
212.187823
219.475646
222.710431
227.256825
231.134286
235.200000
238.766349
242.386667
246.032336
249.455329
253.346259
256.497098
260.014150
263.484308
266.678730
270.032472
273.197687
276.213197
279.205624
282.289116
285.354286
288.640952
292.259048
295.635374
298.963129
302.787211
306.472018
311.416236
315.956508
320.585805
324.995465
329.544762
333.959819
338.336463
342.883900
348.061315
352.973016
357.829660
362.270476
366.961451
371.367392
375.635283
379.607075
383.615601
387.213424
391.543356
398.035465
406.761224
412.519274
419.893107
426.464490
432.203583
437.104853
441.454331
445.661315
449.368390
453.289524
457.710839
461.908322
466.244218
471.917188
479.280295
