0.731270
5.634966
10.281905
15.340272
19.796871
24.659592
29.121905
33.516871
39.201224
43.814558
48.314830
52.774150
57.799728
62.028299
66.477823
70.625578
75.840272
80.094286
84.396599
88.628980
93.242721
97.545850
101.769796
105.886531
109.667755
113.343401
117.285986
121.600000
126.498367
130.933061
135.438912
139.621769
144.395646
148.581633
152.827075
156.631156
160.280136
163.886395
167.651429
172.329796
176.576735
181.127823
187.195646
190.430431
194.296825
197.774286
201.080000
204.506349
208.066667
211.312336
214.535329
217.846259
221.317098
224.474150
228.124308
231.378730
235.008118
238.097687
240.813197
243.365624
245.809116
248.214286
250.560952
253.119048
255.755374
258.307710
260.967211
263.932018
268.056236
272.176508
276.385805
280.315465
284.424762
288.399819
292.336463
296.183900
300.741315
304.813016
309.349660
313.376310
317.681451
321.787392
325.695283
329.467075
333.175601
336.873424
340.743356
345.395465
351.461224
355.939274
361.553107
366.244490
370.403583
374.842426
378.734866
382.247105
385.988390
389.969524
393.970839
397.608322
401.424218
406.617188
413.800295
