0.975918
5.245714
9.621905
13.920000
18.194558
22.453878
26.766032
31.229388
35.394286
39.623175
44.195510
48.638776
53.047755
57.516735
62.163084
67.013424
71.401043
75.895238
80.584444
84.883175
89.252744
93.511338
97.752381
102.237460
106.473333
110.736190
114.787075
119.188571
123.467347
127.966440
132.762041
137.191655
141.630476
146.017460
150.225079
154.679410
158.946032
163.256553
167.758549
172.271020
176.762449
181.340000
185.833061
190.028980
194.536009
198.740181
203.109388
207.443673
211.760499
215.976780
220.440000
224.396644
228.557914
232.725034
236.887755
241.220998
245.263764
249.410249
253.640000
257.823038
262.188980
267.028435
271.321451
275.656780
279.942993
284.210975
288.406032
292.716327
297.193016
301.660000
305.752245
309.933288
314.097143
318.372290
322.579320
326.678639
330.721134
334.943900
338.962449
343.163265
347.508571
353.209252
357.648163
362.522721
367.101769
371.962993
376.676009
381.645714
386.294921
391.155646
395.548571
399.771429
404.280000
408.695238
413.320408
417.454694
421.843265
429.600816
