0.500000
4.745714
9.181905
13.582993
18.134558
22.883265
27.886032
32.649388
37.214286
42.123175
47.495510
52.098776
57.167755
61.976735
67.323084
72.453424
77.461043
82.895238
88.344444
92.403175
96.892744
101.131338
105.812381
110.517460
114.533333
119.016190
123.647075
128.228571
132.707347
137.246440
142.562041
147.311655
151.890476
156.297460
160.885079
165.899410
170.606032
175.399320
180.198549
185.391020
190.222449
195.375601
201.473061
205.588980
209.836009
214.040000
218.429388
222.823673
227.500499
232.500000
237.448209
241.696644
245.917914
250.045034
254.587755
258.900998
263.123764
267.330249
271.425850
275.663039
279.968980
285.508435
289.781451
294.096780
298.702993
303.350975
307.786032
312.556327
317.653016
322.629524
326.772245
330.973288
335.037143
339.672290
343.859320
348.118639
352.421134
356.823900
360.942449
365.443265
369.968571
376.129252
381.228163
387.142721
392.621769
398.360952
404.196009
410.425714
415.334921
421.668572
427.588571
433.331429
438.905986
444.715238
450.860000
456.534694
464.243265
471.380816
