0.535918
4.785714
9.221905
13.462993
17.774558
21.927755
26.646032
31.229388
35.314286
39.603175
43.935510
48.238776
52.587755
56.956735
61.663084
66.293424
70.601043
74.995238
79.624444
83.783175
88.072744
92.271338
96.572381
101.137460
105.153333
109.456190
113.707075
118.248571
122.720000
127.046440
131.282041
135.511655
139.950476
144.197460
148.565079
153.099410
157.186032
161.256553
165.878549
170.951020
175.422449
179.400000
183.573061
187.628980
191.876009
196.040181
200.209388
204.483673
208.660499
213.176780
217.360000
221.356644
225.637914
229.765034
233.807755
238.200998
242.423764
246.810249
250.745850
254.763038
259.188980
263.648435
267.801451
271.796780
276.062993
280.250975
284.526032
288.616327
293.753016
298.109524
302.224490
306.633288
310.817143
315.252290
319.519320
323.738639
327.921134
332.263900
336.242449
340.623265
344.968571
350.189252
354.648163
359.662721
364.441769
369.662993
374.696009
380.225714
385.054921
389.615646
394.348571
399.171429
404.000000
409.195238
414.820408
419.100000
425.563265
432.680816
