1.715918
6.705714
11.741905
16.422993
21.094558
25.840408
31.146032
36.069388
40.894286
45.842222
51.015510
55.638776
60.655510
65.416735
70.543084
75.613424
80.441043
85.655238
90.744444
95.383175
100.072744
104.671338
109.312381
114.157460
118.953333
123.376190
127.707075
132.448571
137.047347
142.006440
146.882041
151.451655
155.970476
160.617460
165.305079
170.259410
174.846032
179.636553
184.658549
189.491020
194.062449
199.315601
204.673061
209.346939
214.096009
218.540000
223.009388
227.443673
232.060499
236.576780
241.200000
245.476644
250.017914
254.265034
258.567755
262.700998
266.783764
270.870249
274.925850
279.163039
283.368980
287.740000
292.221451
296.596780
301.082993
305.310975
309.426032
313.800000
318.133016
322.609524
326.732245
331.093288
335.277143
339.632290
343.879320
347.938639
352.121134
356.323900
360.622449
365.023265
369.388571
374.729252
379.448163
384.422721
389.501769
394.902993
400.096009
406.105714
410.634921
416.775646
421.728571
426.851429
431.825986
437.035238
442.640408
447.194694
455.103265
461.860816
