1.055918
5.565714
10.301905
14.982993
19.734558
24.593878
29.586032
34.289388
39.014286
43.923175
48.715510
53.498776
58.347755
63.196735
68.283084
73.413424
78.341043
83.415238
88.444444
93.023175
97.612744
102.171338
106.972381
112.057460
116.533333
121.136190
125.827075
130.488571
135.227347
139.926440
144.682041
149.491655
154.210476
158.977460
163.565079
168.759410
173.446032
178.299320
183.418549
188.511020
193.182449
198.435601
203.293061
207.708980
212.256009
216.700181
221.389388
226.123673
230.800499
235.536780
240.360000
244.816644
249.397914
253.845034
258.487755
263.060998
267.463764
271.770249
276.125850
280.463038
284.888980
289.628435
294.341451
298.876780
303.322993
308.130975
312.826032
317.596327
322.553016
327.509524
331.892245
336.393288
340.837143
345.512290
349.999320
354.398639
358.801134
363.443900
368.102449
372.623265
377.168571
382.429252
386.608163
391.542721
396.381769
401.760000
406.436009
411.725714
416.234921
421.475646
425.888571
430.751429
435.220000
440.175238
445.760408
450.494694
457.283265
464.380816
