1.975918
6.685714
11.801905
16.522993
21.034558
25.873878
31.066032
35.869388
40.514286
45.443175
50.495510
55.565306
60.327755
65.116735
69.943084
74.653424
79.321043
84.035238
88.924444
93.583175
98.160000
102.731338
107.152381
111.837460
116.373333
120.996190
125.547075
130.285714
134.927347
139.666440
144.642041
149.411655
154.030476
158.557460
163.205079
168.259410
172.766032
177.516553
181.998549
186.531020
191.002449
195.680000
201.153061
205.688980
210.476009
214.960181
219.729388
224.123673
228.600499
233.216780
237.760000
242.176644
246.717914
251.465034
256.207755
260.720998
265.043764
269.590249
273.885850
278.363039
282.948980
288.028435
292.601451
297.156780
301.682993
306.170975
310.526032
315.176327
319.793016
324.489524
328.972245
333.453288
338.037143
342.772290
347.119320
351.278639
355.701134
360.163900
364.502449
369.063265
373.768571
379.180000
384.068163
389.282721
394.581769
399.902993
405.096009
410.845714
415.794921
421.335646
426.468571
431.951429
437.025986
442.175238
448.100408
453.674694
461.923265
469.140816
