0.615918
4.905714
9.301905
13.482993
17.594558
21.853878
26.358095
30.829388
35.094286
39.123175
43.335510
47.678776
51.727755
55.636735
60.063084
64.520000
68.761043
73.140000
77.504444
81.720000
85.692744
89.611338
93.652381
97.740000
101.673333
105.556190
109.547075
113.728571
117.667347
121.900000
126.062041
130.191655
134.070476
138.137460
142.185079
146.599410
150.666032
154.676553
158.820000
162.951020
167.122449
171.935601
176.033061
180.048980
184.176009
187.860181
191.849388
195.883673
200.100499
204.416780
208.328209
212.016644
216.057914
219.945034
223.727755
227.480998
231.243764
235.010249
238.725850
242.483038
246.448980
250.588435
254.521451
258.356780
262.142993
265.800000
269.506032
273.676327
278.113016
281.769524
285.432245
289.233288
292.940000
296.752290
300.339320
303.918639
307.521134
311.283900
315.282449
319.383265
323.488571
328.309252
332.848163
337.402721
341.981769
347.222993
352.016009
357.265714
362.054921
368.015646
372.768571
377.451429
382.065986
386.975238
392.200408
396.914694
404.143265
411.520816
