1.595918
5.945714
10.520000
14.962993
19.334558
23.753878
28.766032
33.149388
37.594286
42.263175
46.695510
51.058776
55.587755
60.036735
64.603084
69.253424
73.740000
78.355238
82.864444
87.343175
91.852744
96.500000
100.872381
105.837460
110.053333
114.516190
119.287075
124.128571
128.560000
133.366440
137.822041
142.291655
146.770476
151.097460
155.505079
160.619410
165.226032
169.708980
174.718549
179.431020
184.082449
188.735601
193.440000
197.848980
202.676009
207.000000
211.669388
216.343673
220.960499
225.756780
230.288209
234.856644
239.337914
244.065034
248.507755
253.260998
257.743764
262.790249
267.445850
272.023038
276.748980
282.128435
286.641451
291.336780
295.942993
300.390975
305.106032
309.796327
314.493016
319.169524
323.572245
328.113288
332.737143
337.412290
342.039320
346.318639
351.141134
355.863900
360.542449
365.243265
370.208571
376.429252
381.228163
386.542721
391.981769
397.622993
403.216009
408.785714
414.054921
419.695646
425.408571
431.511429
437.165986
443.015238
449.900408
455.294694
462.443265
469.160816
