0.535918
6.205714
12.581905
18.642993
24.429116
30.553878
36.546032
42.369388
48.254286
54.243175
60.555510
66.178776
72.214286
78.056735
84.283084
90.593424
96.541043
102.695238
109.044444
114.343175
119.972744
125.291338
131.014286
137.117460
142.773333
148.356190
154.087075
160.288571
166.167347
172.266440
178.642041
183.911655
189.250476
194.357460
199.945079
206.419410
212.646032
218.476553
224.558549
230.191020
235.662449
242.455601
248.673061
253.728980
258.956009
263.760181
268.809388
274.243673
279.740499
285.096780
290.428209
295.196644
300.057914
305.045034
310.207755
315.400998
320.283764
325.610249
330.925850
335.923039
341.428980
347.728435
352.701451
357.750340
362.702993
367.750975
372.992063
378.776326
384.393016
389.949524
394.732245
399.553288
404.257143
409.292290
414.039320
418.660000
423.521134
428.503900
433.722449
439.143265
444.468571
454.029252
460.908163
466.902721
473.141769
479.542993
485.676009
492.725714
498.674921
505.295646
511.228571
516.991429
522.705986
528.775238
535.500408
541.554694
549.803265
561.580816
