0.515918
4.965714
9.701905
14.220000
18.994558
23.673878
28.866032
33.609388
38.414286
43.383175
48.375510
53.158776
58.147755
63.276735
68.803084
74.013424
79.161043
84.555238
90.184444
95.203175
100.252744
105.151338
110.132381
115.057460
119.813333
124.876190
129.847075
134.848571
140.167347
145.566440
151.022041
155.791655
160.890476
166.017460
171.085079
176.739410
181.946032
187.476553
192.918549
198.271020
203.642449
209.295601
215.013061
220.188980
225.736009
230.760181
236.109388
241.403673
246.780499
252.396780
257.828209
263.056644
268.257914
272.985034
278.047755
283.000998
287.943764
293.070249
298.185850
303.003039
307.928980
313.448435
318.841451
324.196780
329.842993
335.070975
340.666032
346.476327
352.693016
358.549524
363.792245
368.993288
373.777143
379.132290
384.059320
389.098639
394.181134
399.523900
404.922449
410.303265
415.868571
421.789252
427.068163
432.102721
437.261769
442.762993
448.236009
453.585714
458.714921
464.035646
469.148571
474.111429
479.205986
484.415238
490.040000
495.054694
501.863265
508.900816
