1.235918
5.745714
10.381905
14.842993
19.434558
23.973878
28.666032
33.189388
37.574286
42.143175
46.635510
51.178776
55.767755
60.436735
65.143084
69.853424
74.521043
79.435238
84.260000
88.783175
93.512744
97.851338
102.412381
107.037460
111.593333
116.076190
120.367075
124.868571
129.367347
134.060000
138.862041
143.411655
147.910476
152.437460
157.065079
161.939410
166.506032
171.056553
175.638549
180.311020
184.942449
190.015601
194.733061
199.108980
203.716009
207.920181
212.469388
216.843673
221.280499
225.800000
230.348209
234.476644
238.897914
243.205034
247.507755
251.620998
255.820000
260.030249
264.145850
268.343038
272.708980
277.540000
281.741451
285.976780
290.282993
294.510975
298.626032
303.016326
307.613016
311.789524
315.712245
319.873288
324.057143
328.392290
332.559320
336.540000
340.701134
344.863900
349.022449
353.303265
357.608571
363.269252
368.228163
373.462721
378.521769
383.602993
388.616009
394.185714
398.874921
404.080000
409.108571
414.131429
419.145986
424.400000
429.920000
434.974694
441.123265
448.140816
