0.815918
4.745714
8.621905
12.302993
16.114558
20.213878
24.086032
28.160000
31.774286
35.723175
39.975510
44.018776
47.887755
51.376735
55.543084
59.773424
63.461043
67.495238
71.444444
75.360000
79.172744
83.031338
86.832381
90.760000
94.433333
98.296190
101.827075
105.568571
109.160000
113.080000
117.122041
120.971655
124.790476
128.537460
132.305079
136.159410
139.946032
143.656553
147.500000
151.191020
154.940000
158.960000
162.693061
166.288980
170.056009
173.620181
177.329388
181.143673
184.900499
188.716780
192.428209
195.976644
199.600000
203.325034
207.007755
210.640998
214.123764
217.770249
221.220000
224.903039
228.608980
232.648435
236.281451
240.116780
243.842993
247.470975
251.246032
254.856327
258.853016
262.640000
266.132245
269.753288
273.340000
277.012290
280.639320
284.260000
287.961134
291.443900
295.022449
298.903265
302.468571
307.209252
311.408163
315.642721
319.821769
324.262993
328.660000
333.345714
337.374921
342.775646
347.168571
351.331429
355.365986
359.535238
364.440408
368.854694
375.520000
382.740816
