1.755918
5.905714
10.341905
14.782993
19.094558
23.333878
28.266032
32.609388
36.754286
41.303175
46.035510
50.418776
55.067755
59.576735
64.200000
68.733424
73.201043
77.755238
82.624444
86.920000
91.212744
95.211338
99.372381
103.597460
107.853333
112.076190
116.087075
120.528571
124.660000
129.086440
133.262041
138.111655
142.390476
146.557460
150.825079
155.359410
159.786032
164.676553
169.098549
173.691020
177.862449
182.360000
187.133061
191.468980
195.856009
199.940181
204.169388
208.663673
212.740000
216.476780
220.780000
224.956644
229.037914
233.425034
237.447755
241.520998
245.400000
249.290249
252.645850
256.523038
260.368980
264.780000
268.841451
273.116780
277.662993
281.130975
285.146032
289.516326
293.520000
297.849524
301.732245
305.773288
309.537143
313.312290
317.099320
320.718639
324.801134
328.620000
332.222449
336.003265
339.988571
345.249252
349.688163
354.702721
359.321769
363.802993
368.480000
373.425714
377.500000
382.235646
386.308571
390.491429
394.880000
399.195238
404.160408
408.834694
414.883265
421.000816
