1.155918
6.085714
11.221905
16.042993
20.834558
25.953878
31.126032
36.049388
40.874286
45.883175
51.275510
55.858776
60.727755
65.416735
70.503084
75.433424
80.021043
84.975238
90.100000
94.380000
99.192744
104.071338
108.772381
113.597460
118.433333
122.996190
127.507075
132.128571
136.787347
141.686440
146.522041
150.991655
155.430476
159.917460
164.705079
169.659410
174.226032
178.856553
183.658549
188.351020
192.960000
197.855601
202.893061
207.388980
212.436009
217.020181
221.729388
226.503673
231.080499
235.636780
240.220000
244.596644
249.097914
253.705034
258.207755
262.440998
266.683764
271.030249
275.345850
279.663039
284.068980
288.488435
292.841451
297.296780
302.382993
306.410975
310.826032
315.556327
320.013016
324.629524
328.932245
333.193288
337.557143
342.112290
346.179320
350.398639
354.561134
358.903900
363.002449
367.483265
371.968571
377.369252
382.048163
386.942721
391.821769
396.920000
401.640000
406.945714
411.834921
416.955646
421.588571
426.031429
430.640000
435.215238
440.100408
444.400000
450.280000
456.940816
