0.975918
6.245714
11.821905
17.343946
22.414558
27.533878
33.166032
38.769388
43.734286
48.783175
54.355510
59.798776
65.427755
70.936735
76.480000
82.133424
87.501043
93.235238
98.784444
103.883175
109.332744
114.591338
119.812381
125.357460
130.593333
135.596191
140.427075
145.628571
150.887347
156.426440
161.822041
167.191655
172.850476
177.837460
183.005079
188.519410
193.386032
198.696553
204.220000
209.451020
214.682449
220.575601
225.753061
230.948980
236.336009
241.380181
246.549388
251.603673
256.920499
262.076780
267.428209
272.496644
277.577914
282.525034
287.667755
292.460998
297.243764
302.270249
307.045850
311.963038
317.068980
322.288435
327.341451
332.316780
337.642993
342.630975
347.506032
354.116327
358.053016
363.237143
368.012245
372.893288
377.697143
382.972290
387.699320
392.458639
397.281134
402.063900
407.502449
412.363265
417.448571
423.349252
428.968163
434.622721
440.101769
445.722993
451.336009
457.485714
463.194921
469.715646
475.228571
480.771429
485.845986
491.155238
497.100408
502.574694
508.823265
518.900816
