1.115918
5.785714
10.721905
15.702993
20.274558
24.693878
29.986032
34.985714
39.414286
44.243175
49.175510
53.898776
58.507755
63.256735
68.123084
72.893424
77.361043
81.920000
86.764444
91.323175
95.932744
100.491338
105.172381
109.737460
113.893333
118.296190
122.827075
127.428571
131.827347
136.486440
141.022041
145.191655
149.370476
153.557460
157.925079
162.399410
166.646032
170.916553
175.498549
179.971020
184.302449
188.580000
193.033061
197.108980
201.516009
205.860181
209.949388
214.240000
218.580499
223.036780
227.440000
231.496644
235.697914
240.145034
244.587755
249.040998
253.323764
257.770249
262.205850
266.463038
270.688980
274.888435
279.061451
283.336780
287.920000
291.950975
296.306032
300.816327
305.393016
309.800000
313.812245
317.973288
322.277143
326.732290
331.039320
335.138639
339.481134
343.923900
348.202449
352.703265
357.388571
362.729252
367.828163
372.942721
377.981769
383.362993
388.636009
394.065714
398.734921
404.135646
408.968571
413.951429
418.825986
423.775238
429.280408
434.254694
441.740000
448.980816
