0.535918
5.145714
8.800000
12.662993
16.414558
20.173878
24.280000
28.189388
32.114286
36.243175
40.275510
44.380000
48.387755
52.236735
56.100000
60.153424
64.140000
68.420000
72.700000
76.443175
80.432744
84.271338
88.272381
92.500000
96.213333
99.916190
103.807075
107.848571
111.767347
116.006440
120.242041
124.100000
127.570476
131.337460
135.225079
139.699410
143.600000
147.336553
151.418549
155.811020
160.022449
164.895601
169.773061
173.508980
177.356009
180.740181
184.449388
188.423673
192.600499
196.536780
200.368209
204.416644
208.180000
212.085034
215.847755
219.800998
223.523764
227.240000
230.605850
234.363039
238.108980
242.668435
246.400000
250.100000
253.820000
257.810975
261.566032
265.540000
269.740000
273.849524
277.712245
281.373288
284.977143
288.952290
292.759320
296.418639
299.861134
303.903900
307.202449
310.743265
315.028571
318.629252
322.628163
326.680000
330.721769
334.480000
338.400000
342.585714
346.414921
350.975646
355.128571
359.011429
362.960000
366.815238
372.000408
374.034694
376.723265
382.280816
