2.355918
6.805714
11.361905
15.660000
20.094558
24.593878
29.206032
33.749388
38.214286
42.783175
47.575510
52.238776
57.107755
61.796735
66.783084
71.733424
76.541043
81.215238
86.244444
90.703175
95.052744
99.291338
103.512381
107.980000
112.153333
116.276190
120.327075
124.508571
128.740000
133.306440
137.962041
142.391655
146.590476
150.797460
155.060000
159.400000
163.586032
167.796553
172.158549
176.431020
180.602449
185.160000
190.173061
194.368980
198.916009
203.000000
207.229388
211.303674
215.640499
220.116780
224.628209
228.796644
232.997914
237.105034
241.207755
244.820998
248.563764
252.210249
255.625850
259.443039
263.308980
267.700000
271.640000
275.636780
279.442993
283.250975
286.946032
290.976327
295.353016
299.449524
303.112245
307.073288
310.877143
314.772290
318.399320
321.780000
325.281134
328.943900
332.782449
336.863265
340.948571
347.178503
352.168163
357.562721
362.441769
367.562993
372.256009
377.585714
382.294921
388.515646
393.448571
398.991429
403.505986
408.275238
413.940408
418.780000
427.483265
434.700816
