5.675918
9.825714
13.941905
18.040000
21.994558
26.133878
30.406032
34.569388
38.274286
42.503175
46.895510
51.098776
55.207755
59.436735
63.643084
68.180000
72.341043
76.515238
80.744444
84.600000
88.612744
92.391338
96.232381
100.160000
103.813333
107.396191
110.927075
114.868571
118.567347
122.286440
126.442041
130.311655
134.150476
138.097460
141.665079
145.700000
149.400000
152.956553
156.560000
160.371020
164.280000
168.395601
172.553061
176.308980
180.356009
183.920181
187.869388
191.683673
195.600499
199.396780
203.268209
206.836644
210.397914
214.005034
217.527755
221.040998
224.683764
228.370249
232.025850
235.483038
239.128980
243.188435
247.041451
250.796780
254.402993
257.910975
261.466032
265.316327
269.033016
272.789524
276.232245
279.633288
283.077143
286.692290
290.199320
293.560000
297.181134
300.643900
304.042449
307.883265
311.568571
316.029252
320.368163
324.462721
328.800000
333.362993
337.796009
342.265714
346.374921
351.155646
355.188571
359.051429
362.860000
366.495238
370.500408
374.134694
378.460000
383.300816
