0.795918
5.045714
9.460000
13.742993
18.094558
22.513878
27.266032
31.729388
35.934286
40.383175
44.795510
49.078776
53.487755
57.776735
62.260000
66.813424
71.140000
75.335238
80.224444
84.603175
88.972744
93.051338
97.392381
101.737460
105.913333
110.076190
114.107075
118.468571
122.727347
126.906440
131.282041
135.411655
139.540000
143.577460
147.865079
151.999410
156.046032
160.249660
164.338549
168.571020
172.682449
176.975601
181.773061
186.148980
190.636009
194.740181
199.055102
203.383673
207.600499
212.120000
216.220000
220.116644
223.977914
228.085034
232.007755
235.900998
239.723764
243.730249
247.645850
251.403039
255.328980
259.628435
263.941451
268.296780
272.462993
276.790975
280.866032
285.136326
289.500000
293.649524
297.532245
301.673288
305.697143
309.792290
313.839320
317.678639
321.621134
325.763900
329.782449
333.883265
338.048571
342.949252
347.168163
351.442721
355.641769
360.062993
364.116009
368.865714
372.874921
377.295646
381.408571
385.731429
389.365986
393.195238
397.120408
401.034694
405.843265
411.700816
