0.515918
4.585714
9.261905
13.762993
18.334558
23.053878
27.826032
32.569388
36.874286
41.423175
46.195510
50.698776
55.367755
60.076735
65.163084
69.973424
74.661043
79.735238
84.544444
89.083175
93.892744
98.391338
103.152381
108.097460
112.573333
117.136190
121.787075
126.608571
131.367347
136.346440
141.022041
145.491655
150.110476
154.637460
159.025079
163.879410
168.526032
173.166213
177.978549
182.851020
187.502449
192.455601
197.573061
202.128980
206.856009
211.180000
215.749388
220.583674
225.420499
229.916780
234.760000
239.096644
243.077914
247.265034
251.627755
256.080998
260.523764
265.030249
269.385850
273.903038
278.468980
283.188435
287.681451
291.996780
296.602993
300.870975
305.226032
309.816327
314.533016
319.049524
323.112245
327.253288
331.317143
335.664580
339.919320
344.020000
348.381134
352.863900
357.022449
361.703265
366.168571
371.709252
376.928163
381.961769
387.521769
393.282993
399.056009
404.885714
409.974921
415.715646
420.648571
425.491429
430.445986
435.435238
441.140408
446.100000
453.603265
460.660816
