1.595918
5.525714
9.361905
13.222993
17.014558
20.693878
24.666032
28.749388
32.374286
36.063175
39.855510
43.798776
47.627755
51.516735
55.483084
59.673424
63.461043
67.595238
71.644444
75.363175
79.232744
82.811338
86.572381
90.257460
93.913333
97.736190
101.187075
104.848571
108.427347
112.286440
116.240000
120.040000
124.050476
127.777460
131.605079
135.519410
139.146032
142.976553
146.640000
150.611020
154.380000
158.420000
162.373061
165.948980
169.576009
172.860000
176.369388
179.883673
183.500499
187.140000
190.840000
194.516644
198.197914
201.965034
205.467755
209.040998
212.603764
216.410249
220.005850
223.523039
227.148980
230.848435
234.541451
238.136780
241.542993
245.210975
248.706032
252.316327
255.880000
259.429524
263.012245
266.653288
270.197143
273.872290
277.439320
280.980000
284.601134
288.303900
291.822449
295.683265
299.428571
304.049252
308.168163
312.262721
316.381769
320.560000
324.800000
328.865714
333.194921
337.695646
341.608571
345.411429
349.340000
353.275238
357.340000
361.554694
367.523265
373.440816
