0.555918
5.305714
10.261905
15.122993
19.994558
24.933878
29.846032
34.709388
39.734286
44.723175
49.875510
54.998776
60.087755
65.096735
70.180000
75.453424
80.521043
85.675238
90.864444
95.603175
100.352744
105.211338
110.072381
115.057460
120.053333
124.656190
129.327075
134.028571
138.807347
144.006440
149.102041
154.051655
158.830476
163.657460
168.125079
173.159410
177.926032
182.676553
187.618549
192.611020
197.242449
202.475601
207.273061
211.928980
216.556009
220.980181
225.589388
230.343673
235.160499
239.936780
244.800000
249.236644
253.737914
258.345034
262.747755
267.160998
271.443764
275.830249
280.085850
284.503039
289.108980
294.008435
298.761451
303.016780
307.702993
312.090975
316.546032
321.136326
325.993016
330.689524
334.952245
339.513288
343.957143
348.552290
352.939320
357.058639
361.421134
365.683900
370.302449
374.863265
379.588571
385.169252
390.068163
395.442721
400.761769
406.120000
411.216009
416.485714
421.714921
427.315646
432.368571
437.531429
442.705986
447.960000
453.780408
459.154694
466.403265
471.880816
