0.275918
4.080000
7.841905
11.402993
15.134558
18.673878
22.560000
26.149388
29.894286
33.663175
37.635510
41.318776
45.227755
49.156735
53.180000
57.133424
61.020000
65.120000
69.284444
72.863175
76.492744
79.951338
83.452381
87.037460
90.400000
93.840000
97.147075
100.628571
104.127347
108.060000
112.122041
115.831655
119.410476
123.017460
126.685079
130.719410
134.206032
138.016553
141.658549
145.471020
149.362449
153.555601
157.913061
161.460000
164.800000
168.000000
171.189388
174.683673
178.100499
181.476780
184.840000
187.996644
191.157914
194.420000
197.907755
201.460998
204.663764
208.060000
211.225850
214.343039
217.648980
221.440000
224.820000
228.096780
231.300000
234.550975
237.886032
241.316327
244.820000
248.040000
251.272245
254.560000
257.760000
261.372290
264.699320
267.740000
271.141134
274.223900
277.442449
280.983265
284.528571
289.369252
293.048163
297.402721
301.521769
305.900000
310.240000
315.045714
319.454921
324.275646
328.008571
331.691429
335.220000
338.835238
342.540408
346.454694
353.703265
360.980816
