1.255918
6.005714
10.921905
15.662993
20.394558
24.953878
30.406032
35.449388
40.114286
45.183175
50.160000
54.898776
59.667755
64.416735
69.363084
74.513424
79.141043
84.095238
88.844444
93.503175
98.252744
102.911338
107.572381
112.457460
117.053333
121.556190
126.027075
130.728571
135.447347
140.386440
145.182041
149.951655
154.550476
159.357460
164.165079
169.159410
173.866032
178.682766
183.400000
188.271020
192.862449
197.895601
203.053061
207.768980
212.576009
217.200181
221.889388
226.803674
231.440499
236.116780
240.888209
245.336644
249.697914
253.985034
258.167755
262.280998
266.203764
270.330249
274.425850
278.783038
283.248980
288.048435
292.641451
297.096780
301.602993
306.050975
310.426032
315.176327
319.973016
324.469524
328.832245
333.173288
337.357143
341.752290
345.719320
349.798639
354.021134
358.363900
362.882449
367.423265
372.068571
377.429252
382.108163
387.082721
391.921769
396.900000
401.696009
406.705714
411.614921
416.755646
421.428571
426.151429
430.705986
435.455238
440.660408
445.334694
452.503265
459.560816
