1.195918
5.305714
9.420000
13.702993
17.874558
21.953878
26.246032
30.369388
34.594286
39.003175
43.395510
47.478776
51.647755
55.796735
59.840000
64.353424
68.541043
72.935238
77.120000
81.223175
85.332744
89.471338
93.512381
97.677460
101.613333
105.456190
109.127075
113.168571
117.107347
121.486440
125.642041
129.771655
133.830476
137.717460
141.545079
145.719410
149.766032
153.936553
158.260000
162.371020
166.362449
170.875601
175.153061
179.388980
183.456009
187.500000
191.569388
195.583674
199.640499
203.876780
208.168209
211.936644
215.737914
219.660000
223.287755
227.100998
230.943764
234.510249
238.025850
241.843039
245.908980
250.388435
254.580000
258.616780
262.722993
266.850975
270.666032
274.676327
279.113016
283.180000
286.752245
290.673288
294.597143
298.592290
302.559320
306.298639
310.021134
313.703900
317.542449
321.623265
325.648571
331.569252
336.428163
341.322721
346.321769
351.562993
356.636009
362.045714
366.894921
372.875646
377.688571
382.911429
388.460000
393.175238
398.740408
404.220000
412.323265
419.560816
