0.735918
5.525714
10.480000
15.122993
19.974558
24.873878
30.226032
35.209388
39.994286
45.183175
50.515510
55.618776
60.767755
65.976735
71.203084
76.653424
81.661043
87.075238
92.384444
96.943175
101.612744
106.131338
110.552381
115.157460
119.773333
124.156190
128.747075
133.248571
137.927347
142.766440
147.702041
152.431655
156.870476
161.517460
165.825079
170.539410
174.966032
179.692426
184.538549
189.571020
194.102449
198.895601
203.893061
208.428980
213.096009
217.540181
221.889388
226.463673
231.000499
235.896780
240.540000
244.716644
248.877914
253.065034
257.387755
261.940998
266.343764
270.810249
275.165850
279.483039
284.048980
289.108435
293.721451
298.176780
302.822993
307.120000
311.566032
316.096327
320.913016
325.549524
329.812245
334.113288
338.297143
342.632290
347.039320
351.138639
355.481134
359.923900
364.382449
368.883265
373.468571
379.149252
384.608163
390.202721
396.281769
402.162993
408.156009
413.925714
419.114921
424.795646
429.908571
435.271429
440.325986
445.935238
452.140408
457.374694
464.663265
471.720816
