0.955918
5.385714
10.061905
14.582993
19.249116
23.817143
28.986032
33.729388
38.334286
43.283175
47.955510
52.478776
56.867755
61.336735
66.243084
71.133424
75.621043
80.235238
85.204444
89.783175
94.332744
99.071338
103.532381
108.277460
112.833333
117.276190
121.927075
126.577143
131.167347
135.886440
140.702041
145.071655
149.430476
153.997460
158.445079
163.139410
167.466032
171.976553
176.760000
181.131020
185.622449
190.295601
195.713061
200.580000
204.596009
208.780181
212.949388
217.323673
221.880499
226.296780
230.788209
235.196644
239.617914
243.365034
247.327755
251.320998
255.403764
259.750249
264.085850
268.323038
272.908980
277.548435
281.761451
285.976780
290.762993
294.390975
298.666032
303.196326
307.753016
311.989524
316.152245
320.373288
324.117143
328.112290
332.179320
336.060000
340.381134
344.503900
348.722449
353.263265
357.828571
363.289252
367.688163
372.282721
376.681769
381.440000
386.196009
391.205714
395.154921
399.615646
403.648571
408.011429
411.685986
415.815238
420.140408
424.340000
430.680000
435.960816
