10.375918
14.205714
17.981905
21.842993
25.814558
29.873878
34.166032
38.229388
42.114286
46.103175
50.275510
54.178776
58.307755
62.276735
66.360000
70.693424
74.721043
78.780000
82.980000
86.943175
90.952744
94.771338
98.752381
102.777460
106.773333
110.676191
114.507075
118.568571
122.420000
126.466440
130.442041
134.531655
138.550476
142.537460
146.685079
150.939410
154.920000
159.016553
163.160000
167.351020
171.520000
175.780000
180.253061
184.048980
188.036009
191.700181
195.769388
199.583674
203.680499
207.676780
211.740000
215.556644
219.397914
223.305034
227.167755
231.200000
234.923764
238.910249
242.625850
246.323038
250.088980
254.800000
258.481451
262.216780
265.902993
269.830975
273.506032
277.496327
281.393016
285.209524
289.092245
292.813288
296.597143
300.612290
304.439320
308.078639
311.901134
315.863900
319.522449
323.483265
327.408571
332.529252
336.628163
341.162721
345.261769
349.802993
354.316009
358.905714
363.294921
367.755646
371.708571
375.691429
379.320000
383.215238
387.780408
392.614694
400.463265
407.700816
