0.360000
5.505714
11.001905
16.002993
21.034558
26.673878
31.846032
37.229388
41.954286
47.243175
52.715510
57.818776
62.926531
68.056735
73.080000
78.113424
82.701043
87.875238
93.064444
97.763175
102.452744
107.151338
111.592381
116.397460
121.053333
125.636190
130.447075
135.128571
139.947347
145.086440
150.162041
155.031655
159.510476
164.477460
169.045079
174.339410
178.946032
183.693107
188.618549
193.791020
198.742449
203.975601
208.813061
213.340000
218.116009
222.920181
227.429388
232.163673
237.140499
242.496780
247.360000
251.936644
256.437914
260.745034
265.207755
269.800998
274.223764
278.910249
283.545850
288.043039
293.008980
298.508435
303.461451
308.076780
312.942993
317.270975
321.866032
326.796327
332.193016
336.980000
341.372245
345.693288
349.677143
354.252290
358.739320
363.038639
367.481134
372.143900
376.822449
381.483265
386.508571
392.549252
398.088163
403.282721
408.621769
413.702993
419.036009
424.105714
428.734921
434.095646
439.188571
444.191429
449.005986
454.075238
460.460408
465.554694
473.163265
480.380816
