5.155918
9.405714
13.861905
18.102993
22.394558
26.613878
31.326032
35.529388
39.914286
44.223175
48.775510
52.758776
56.707755
60.876735
65.063084
69.633424
73.741043
78.155238
82.344444
86.323175
90.532744
94.511338
98.652381
102.957460
107.013333
111.176191
115.187075
119.608571
123.927347
128.346440
132.662041
136.691655
140.570476
144.697460
148.645079
153.099410
157.326032
161.436553
165.758549
170.491020
174.962449
179.995601
184.413061
188.488980
192.856009
196.740181
200.949388
205.063673
209.320499
213.416780
217.620000
221.456644
225.497914
229.545034
233.767755
237.660998
241.663764
245.630249
249.465850
253.683039
258.128980
262.428435
266.441451
270.556780
274.702993
278.710975
282.686032
286.696326
290.893016
294.949524
298.912245
302.913288
306.937143
311.252290
314.820000
318.638639
322.541134
326.743900
330.842449
335.163265
339.668571
345.029252
349.108163
353.782721
358.481769
363.442993
368.036009
373.025714
377.314921
381.340000
385.708571
390.271429
394.585986
399.055238
404.560408
408.594694
414.883265
420.840816
