0.535918
4.945714
9.461905
13.882993
18.483673
23.093878
27.946032
32.729388
37.334286
42.123175
47.095510
51.618776
56.567755
61.216735
66.083084
70.853424
75.481043
80.295238
85.084444
89.583175
94.112744
98.471338
102.932381
107.637460
112.133333
116.536191
121.027075
125.608571
130.247347
134.806440
139.542041
144.251655
148.730476
153.137460
157.425079
161.919410
166.286032
170.756553
175.098549
179.671020
183.982449
188.935601
193.593061
197.968980
202.596009
206.900181
211.429388
215.823673
220.620499
225.120000
229.608209
234.076644
238.417914
242.785034
247.027755
251.200998
255.383764
259.550249
263.785850
268.103039
272.548980
277.200000
281.521451
285.916780
290.202993
294.610975
298.906032
303.716327
308.193016
312.749524
317.012245
321.313288
325.597143
330.012290
334.299320
338.398639
342.621134
347.003900
351.322449
355.883265
360.328571
366.889252
371.868163
377.062721
381.981769
387.242993
392.416009
397.885714
402.374921
408.535646
413.488571
418.071429
422.620000
427.220000
432.360408
437.000000
443.563265
452.440816
