0.455918
4.725714
9.181905
13.562993
18.114558
22.435510
27.326032
31.849388
36.294286
40.923175
45.455510
49.998776
54.487755
59.076735
63.903084
68.713424
73.141043
77.955238
82.884444
87.063175
91.532744
95.851338
100.512381
105.097460
109.433333
113.936190
118.327075
122.848571
127.267347
131.966440
136.602041
141.351655
145.890476
150.597460
155.305079
160.639410
165.186032
169.929660
174.640000
179.531020
184.182449
189.355601
194.193061
198.608980
203.096009
207.280181
211.909388
216.523674
220.960499
225.456780
229.788209
234.156644
238.437914
242.725034
247.087755
251.460998
255.783764
260.230249
264.445850
268.923039
273.288980
278.068435
282.341451
286.716780
290.962993
295.580000
300.026032
304.396326
308.913016
313.129524
317.432245
321.813288
326.037143
330.512290
334.699320
338.878639
343.121134
347.523900
351.762449
356.123265
360.588571
365.840000
370.428163
375.362721
380.181769
385.120000
389.916009
394.865714
399.574921
404.635646
409.168571
413.891429
418.525986
423.175238
429.060408
433.360000
438.663265
444.560816
