0.795918
5.065714
9.441905
14.000000
18.334558
22.813878
27.526032
32.169388
36.580000
41.243175
45.955510
50.418776
54.707755
59.176735
63.763084
68.653424
72.921043
77.615238
82.184444
86.503175
91.112744
95.471338
99.832381
104.280000
108.373333
112.556190
116.727075
121.308571
125.907347
130.746440
135.402041
139.931655
144.470476
149.057460
153.625079
158.359410
162.886032
167.176553
171.558549
176.051020
180.362449
185.275601
190.073061
194.468980
199.196009
203.580181
208.049388
212.423673
217.060499
221.636780
226.220000
230.696644
235.097914
239.065034
243.067755
247.060998
251.123764
255.290249
259.485850
263.703038
268.128980
272.908435
277.381451
281.836780
286.162993
290.390975
294.626032
299.096327
303.733016
308.229524
312.512245
316.833288
320.737143
324.612290
328.599320
332.538639
336.461134
340.743900
345.042449
349.503265
354.088571
360.209252
365.108163
369.762721
374.621769
379.462993
384.396009
389.105714
393.774921
399.175646
403.400000
407.831429
412.385986
416.795238
421.500408
425.560000
432.963265
440.080816
