0.695918
5.265714
10.221905
14.802993
19.714558
24.213878
29.426032
34.009388
38.854286
43.883175
48.835510
53.678776
58.547755
63.756735
68.703084
73.793424
78.781043
84.115238
89.184444
93.723175
98.292744
102.791338
107.192381
112.157460
116.793333
121.376190
125.887075
130.488571
135.100000
140.186440
145.202041
149.891655
154.570476
158.997460
163.485079
168.419410
172.966032
177.766213
182.798549
187.751020
192.622449
197.235601
202.313061
207.028980
211.856009
216.700181
220.809388
225.503673
230.200499
234.876780
239.400000
243.636644
247.817914
252.385034
256.967755
261.360998
265.543764
269.790249
274.105850
278.583038
282.868980
287.968435
292.601451
297.216780
302.002993
306.270975
310.846032
315.556327
320.213016
324.929524
329.092245
333.433288
337.857143
342.372290
346.499320
350.538639
354.641134
358.963900
363.362449
367.843265
372.608571
377.769252
382.588163
387.922721
393.221769
398.582993
404.736009
410.080000
414.394921
420.195646
425.168571
430.351429
435.385986
440.575238
446.360408
451.160000
456.723265
461.960816
