0.975918
5.065714
9.141905
13.182993
17.134558
21.033878
25.266032
29.249388
33.274286
37.543175
42.015510
45.838776
49.907755
53.856735
58.203084
62.400000
66.420000
70.480000
75.044444
79.163175
83.152744
87.151338
91.092381
95.037460
98.813333
102.656190
106.407075
110.128571
113.927347
118.006440
122.140000
126.071655
129.710476
133.297460
137.205079
141.059410
144.446032
147.916553
151.418549
155.151020
158.782449
162.695601
167.253061
171.028980
174.816009
178.260000
181.869388
185.583674
189.320499
193.256780
197.168209
201.216644
205.117914
208.760000
212.127755
215.740998
219.263764
222.890249
226.385850
229.823038
233.328980
237.668435
241.441451
245.176780
248.842993
252.450975
256.166032
260.076326
264.180000
268.229524
271.952245
275.953288
279.617143
283.192290
286.819320
290.198639
293.701134
297.403900
300.562449
304.263265
307.788571
313.480000
317.648163
322.142721
326.361769
330.900000
335.096009
339.525714
343.494921
348.075646
352.208571
356.651429
361.085986
365.355238
369.900408
374.040000
380.243265
388.262449
