0.426032
1.165850
2.430204
3.736054
6.773197
8.200045
9.518571
10.692653
12.072698
13.621905
15.131202
16.845714
19.550975
21.292562
22.671429
23.950612
25.839048
27.302041
28.541633
29.869388
31.496463
33.017460
34.260816
35.552381
36.791293
37.957143
39.157279
40.474694
42.395420
43.857460
45.198821
46.458776
47.657279
48.829773
50.088481
51.287347
52.527347
53.622857
54.766122
55.834966
57.048163
57.951837
59.349388
64.168980
65.658912
67.013878
68.219184
69.638413
70.834286
71.987755
73.219728
74.461587
75.727166
76.873288
78.114875
79.943673
82.439320
84.150884
85.433469
86.699592
88.366803
89.810340
91.036463
92.260000
93.817687
95.203810
96.386077
97.676054
98.881542
100.099274
101.258639
102.582177
105.146122
106.774621
108.838413
110.724490
112.623265
114.196735
115.588299
116.784467
117.887937
121.056735
122.776871
124.540998
126.133197
127.832789
129.704898
131.694150
133.462902
135.344036
137.521769
140.889796
144.121270
146.096327
148.790204
151.042585
153.772653
156.142449
158.815918
161.644762
163.824490
165.921633
168.316735
171.750204
174.353741
176.939184
179.168163
181.872245
184.444263
187.043628
189.763810
192.434694
195.016054
198.519320
200.949751
203.323084
205.906848
208.220000
210.500590
212.785034
215.647347
217.841270
219.645578
221.252381
222.782177
224.141527
225.533515
228.097143
230.673878
232.875246
235.051837
238.573878
241.658095
243.001633
244.117460
245.266349
246.598730
248.009977
250.477778
252.159592
253.327891
254.454014
255.559819
256.570476
257.650476
258.774558
259.848798
260.853265
261.851429
262.928435
264.017755
265.105170
266.703492
270.135692
272.958776
275.830612
278.361905
281.187664
283.833016
287.374694
290.360000
293.558776
296.394921
299.361043
302.256508
305.719184
306.995601
308.101769
309.107302
310.054785
310.729630
311.729841
312.753061
313.585397
314.526122
315.415556
316.311111
317.524490
320.138776
322.813968
325.832381
329.154150
332.186939
335.537143
339.831111
342.756463
345.871134
351.437959
