0.566032
1.405850
2.810204
4.236054
6.933197
8.280045
9.577143
10.752653
12.152698
13.701905
15.211202
16.985714
19.150975
20.792562
22.251429
23.730612
25.559048
27.022041
28.361633
29.889388
31.576463
33.017460
34.360816
35.752381
37.091293
38.477143
39.797279
41.194694
42.803855
44.217460
45.618821
47.038776
48.417279
49.689773
51.028481
52.307347
53.587347
54.802857
56.066122
57.254966
58.564082
59.807347
61.349388
66.348980
68.038912
69.633878
70.979184
72.678413
74.094286
75.467755
76.879728
78.201587
79.547166
80.779728
82.154875
83.707755
85.659320
87.141769
88.413469
89.799592
91.266803
92.610340
93.936463
95.260000
96.837687
98.163810
99.386077
100.756054
102.021542
103.357823
104.618639
105.982177
108.546122
110.033107
111.758413
113.444490
115.343265
116.798367
118.068299
119.228934
120.587937
123.776735
126.016871
127.760998
129.193197
130.772789
132.364898
134.194150
136.002902
138.104036
140.701769
143.908724
146.301270
148.716327
151.310204
153.751293
156.092653
158.222449
160.595918
163.204762
165.484490
167.641633
169.956735
172.850204
175.173741
177.639184
179.688163
181.824082
184.004263
186.483628
188.823810
191.114694
193.316054
196.079320
198.429751
200.703084
202.946848
205.140000
207.260590
209.505034
211.647347
213.901270
215.845578
217.512381
219.144354
220.724580
222.311172
224.357143
226.433878
228.771474
231.171837
234.293878
237.218095
238.341633
239.877460
241.286349
242.758730
244.209977
245.677778
247.019592
248.347891
249.674014
250.999819
252.310476
253.610476
254.921905
256.288798
257.506531
258.651429
259.882812
261.195510
262.585170
264.203492
266.675692
269.758776
272.630612
275.241905
277.907664
280.162169
282.914694
285.500000
288.109388
290.714921
293.401043
295.804056
298.619184
299.835601
300.921769
302.047302
303.094785
304.148889
305.189841
306.193061
307.165397
308.146122
309.135556
310.151111
311.404490
313.978776
316.693968
319.232381
322.234150
324.866939
328.117143
332.191111
335.116463
337.551134
340.717959
