0.326032
1.045850
2.170204
3.656054
6.473197
8.140045
9.657143
10.832653
12.252698
13.801905
15.391202
17.305714
19.630975
21.152562
22.391429
23.670612
25.099048
26.362041
27.601633
28.869388
30.076463
31.297460
32.440816
33.652381
34.911293
36.077143
37.257279
38.454694
39.843855
41.217460
42.538821
43.798776
44.997279
46.129773
47.328481
48.547347
49.767347
50.922857
52.086122
53.294966
54.668163
55.927347
57.169388
60.348980
61.858912
63.153469
64.459184
65.938413
67.214286
68.427755
69.739728
71.041587
72.407166
73.639728
75.054875
77.035918
78.959320
80.390884
81.553469
82.779592
84.126803
85.410340
86.616463
87.820000
89.057687
90.263810
91.386077
92.656054
93.841542
95.039274
96.218639
97.342177
99.666122
100.813107
102.569206
104.104490
105.643265
107.156735
108.548299
109.768934
111.027937
114.056735
116.836871
118.720998
120.473197
122.092789
124.544898
126.894150
128.982902
131.124036
133.521769
136.809796
139.240423
141.476327
143.410204
145.491293
147.492653
149.582449
151.755918
154.204762
156.224490
158.361633
160.736735
164.090204
166.310748
168.499184
170.148163
172.164082
174.088853
176.143628
178.863810
181.115782
183.236054
185.839320
188.149751
190.343084
192.606848
194.440000
196.260590
198.189007
200.127347
202.113545
203.832789
205.432381
207.184354
208.784580
210.433515
212.197143
214.493878
216.831474
218.991837
222.253878
225.298095
227.041633
228.457460
229.746349
231.098730
232.396659
233.757778
235.099592
236.287891
237.534014
238.679819
239.850476
241.010476
242.201905
243.408798
244.566531
245.675714
246.768435
247.895510
249.083596
250.203492
252.755692
255.178776
257.810612
260.221905
262.567664
264.733016
267.634694
270.280000
272.869388
275.734921
278.501043
280.736508
283.959184
285.855601
287.461769
289.007302
290.149569
291.308889
292.369841
293.313061
294.185397
295.046122
295.895556
297.011111
298.304490
300.918776
303.753968
306.532381
310.034150
313.246939
316.937143
320.871111
324.616463
327.631134
330.677959
