1.006032
1.708617
2.790204
4.136054
6.873197
8.260091
9.608571
10.772653
12.172698
13.741905
15.331202
17.025714
18.970975
20.412562
21.671429
22.930612
24.399048
25.642041
26.821633
28.049388
29.296463
30.557460
31.713605
32.952381
34.231293
35.477143
36.657279
37.914694
39.503855
40.997460
42.378821
43.658776
44.897279
46.089773
47.408481
48.707347
50.027347
51.222857
52.506122
53.714966
55.088163
56.111020
57.389388
60.788980
62.038912
63.353878
64.579796
65.958413
67.214286
68.447755
69.779728
71.081587
72.447166
73.719728
75.074875
76.555918
78.359320
79.850884
81.053469
82.279592
83.666803
84.950340
86.136463
87.300000
88.677687
89.903810
91.046077
92.296054
93.501542
94.739274
95.938639
97.141088
99.306122
100.193107
101.679735
102.938590
104.263265
105.519456
106.868299
108.048934
109.367937
111.776735
113.396871
114.900200
116.213197
117.612789
118.944898
120.494150
122.202902
124.104036
126.341769
129.209796
131.645317
133.936327
136.190204
138.751293
141.032653
143.302449
145.795918
148.164762
150.433469
152.661633
154.936735
157.630204
160.053741
162.139184
164.408163
166.364082
168.704263
170.843628
173.163810
175.334694
177.756054
180.259320
182.429751
184.623084
186.908949
189.060000
191.080590
193.205034
195.127347
196.821270
198.345578
199.712381
201.144354
202.464580
203.833515
205.497143
207.253878
209.131474
210.451837
213.062776
215.518095
216.841633
217.977460
219.106349
220.338730
221.629977
223.117778
224.339592
225.447891
226.534014
227.719819
228.730476
229.910476
231.096984
232.268798
233.293265
234.350286
235.444218
236.577755
237.745170
238.923492
241.295692
243.918776
246.430612
248.701905
251.107664
253.173016
255.954694
258.280000
260.749388
263.354921
265.961043
268.596508
271.059184
272.415601
273.541769
274.607302
275.614785
276.568889
277.564921
278.493061
279.425397
280.386122
281.355556
282.331111
283.984490
286.704694
289.293968
291.804127
294.614150
297.286939
300.137143
303.811111
306.896463
310.111134
313.855918
