0.246032
0.965850
2.090204
3.396054
6.193197
7.580045
8.917143
10.152653
11.592698
13.181905
14.691202
16.245714
18.130975
19.612562
20.951429
22.310612
23.759048
25.062041
26.381633
27.769388
29.316463
30.657460
31.940816
33.312381
34.642585
35.977143
37.257279
38.594694
40.103855
41.537460
42.859410
44.218776
45.577279
46.849773
48.148481
49.447347
50.827347
52.082857
53.366122
54.594966
55.988163
57.067347
58.529388
62.588980
64.118912
65.533878
66.879184
68.358413
69.714286
71.027755
72.419728
73.661587
75.027166
76.259728
77.514875
78.915918
81.019320
82.550884
83.833469
85.179592
86.646803
87.970340
89.276463
90.600000
92.037687
93.343810
94.606077
96.016054
97.301542
98.639274
99.918639
101.242177
103.226122
104.973107
107.058413
108.804490
110.763265
112.456735
114.168299
115.608934
117.127937
119.896735
121.696871
123.460998
125.033197
126.652789
128.454966
130.214150
132.002902
134.084036
136.221769
139.349796
141.640635
143.736327
145.750204
147.925646
149.992653
152.042449
154.135918
156.704762
158.664490
160.701633
162.856735
165.710204
168.093741
170.399184
172.488163
174.704082
177.084263
179.343628
181.783810
183.914694
186.236054
188.679320
190.779501
192.903084
195.035571
197.200000
199.280590
201.485034
203.627347
205.801270
207.805578
209.532381
211.304354
212.984580
214.656757
216.637143
218.753878
220.951474
223.111837
225.873878
229.558095
230.981633
232.237460
233.406349
234.818730
236.309977
238.057778
239.499592
240.807891
242.094014
243.379819
244.690476
245.990476
247.361905
248.768798
250.066531
251.411429
252.704218
254.055510
255.465170
256.923492
259.475692
262.498776
265.310612
267.861905
270.647664
273.113016
276.054694
278.680000
281.354694
284.134921
286.981043
289.656508
292.579184
293.835601
294.981769
296.127302
297.194785
298.488889
299.408730
300.253061
301.205397
302.186122
303.095556
304.071111
305.424490
308.378776
311.573968
314.672381
318.014150
321.088571
324.397143
327.811111
330.816463
334.951134
337.617959
