0.386032
1.105850
2.290204
3.596054
6.108299
7.460045
8.777143
9.952653
11.412698
12.981905
14.571202
16.305714
18.270975
19.772562
21.111429
22.430612
23.819048
25.022041
26.261633
27.589388
29.076463
30.457460
31.740816
32.992381
34.291293
35.517143
36.677279
37.894694
39.363855
41.017460
42.818821
44.258776
45.517279
46.669773
47.848481
49.087347
50.347347
51.502857
52.693061
53.869932
55.188163
56.407347
57.749388
61.508980
62.878912
64.052313
65.159184
66.418413
67.694286
68.967755
70.359728
71.681587
73.027166
74.299728
75.854875
77.735918
79.819320
81.290884
82.573469
83.799592
85.126803
86.330340
87.496463
88.680000
90.137687
91.463810
92.643039
93.876054
95.081542
96.359274
97.518639
98.722177
100.646122
102.233107
103.919773
105.301122
106.743265
108.256735
109.648299
110.808934
112.007937
115.156735
116.856871
118.420998
119.933197
121.512789
122.984898
124.754150
126.382902
128.164036
130.581769
133.969796
136.701270
139.276327
142.010204
144.671293
147.332653
149.702449
152.535918
155.464762
157.704490
159.801633
162.396735
166.230204
169.013741
171.539184
173.848163
176.244082
178.764263
181.203628
183.663810
185.914694
188.556054
191.619320
193.949751
196.272336
198.666712
200.900000
203.240590
205.372148
207.607347
209.661270
211.332789
212.752381
214.244354
215.684580
217.333515
219.897143
222.553878
224.771474
226.891837
229.733878
232.598095
234.001633
235.397460
236.626349
237.978730
239.304989
240.697778
241.939592
243.073946
244.174014
245.559819
246.750476
247.890476
249.001905
250.208798
251.306531
252.471429
253.648435
254.935510
256.305170
257.523492
260.355692
263.458776
266.130612
268.541905
271.267664
273.753016
277.214694
279.960000
283.049388
286.134921
288.861043
291.456508
294.919184
296.195601
297.361769
298.427302
299.434785
300.428889
301.449841
302.393061
303.365397
304.366122
305.335556
306.371111
307.824490
310.658776
313.593968
317.272381
320.914150
324.306939
327.757143
331.571111
334.036463
337.051134
341.755918
