1.066032
1.865850
3.270204
4.836054
7.513197
9.140045
10.677143
12.052653
13.712698
15.581905
17.291202
18.945714
20.690975
22.372562
23.951429
25.530612
27.159048
28.782041
30.181633
31.809388
33.396463
35.014921
36.500816
38.072381
39.651293
41.197143
42.774558
44.314694
45.943855
47.477460
49.098821
50.638776
52.197279
53.749773
55.328481
56.934694
58.527347
59.982857
61.546122
63.014966
64.588163
65.907347
67.589388
71.928980
73.658912
75.413878
76.919184
78.578413
80.214286
81.747755
83.439728
85.061587
86.787166
88.299728
89.954875
91.835918
93.699320
95.272653
96.793469
98.319592
99.906803
101.410340
102.936463
104.360000
105.897687
107.403810
108.826077
110.336054
111.781542
113.337098
114.758639
116.122177
118.126122
119.873107
121.858413
123.464490
125.263265
126.876735
128.768299
130.488934
132.107937
134.776735
137.796871
139.800998
141.573197
143.212789
145.124898
146.954150
148.862902
150.684036
152.481769
154.753207
156.921270
159.196327
161.390204
163.791293
166.092653
168.337143
170.915918
173.744762
176.164490
178.421633
180.796735
184.065034
186.653741
189.239184
191.748163
194.084082
196.584263
199.143628
201.563810
203.914694
206.416054
209.019320
211.309751
213.823084
216.166848
218.480000
220.800590
223.245034
225.687347
228.021270
230.205578
232.272381
234.384354
236.284580
238.173515
240.377143
242.633878
244.891474
246.931837
249.813878
252.758095
254.101633
255.697460
257.386349
258.974921
260.649977
262.277778
263.819184
265.247891
266.674014
268.019819
269.530476
270.970476
272.441905
273.988798
275.446531
276.871429
278.288435
279.775510
281.225170
282.175985
284.535692
286.638776
288.755306
290.912381
292.987664
294.993016
297.274694
299.520000
301.609388
303.854921
306.081043
308.286521
311.215918
312.755601
314.421769
316.007302
317.593923
318.997778
320.469841
321.393061
322.425397
323.506122
324.411852
325.371111
326.664490
328.858776
331.413968
334.032381
336.634150
339.426939
342.457143
345.651111
348.232154
350.291134
352.937959
