0.386032
1.105850
2.230204
3.496054
6.193197
7.500045
8.777143
9.952653
11.372698
12.921905
14.431202
16.045714
17.890975
19.272562
20.571429
21.890612
23.299048
24.542041
25.841633
27.229388
28.756463
30.077460
31.320816
32.632381
33.911293
35.177143
36.397279
37.694694
39.103855
40.477460
41.798821
43.098776
44.397279
45.669773
46.988481
48.287347
49.567347
50.742857
52.026122
53.254966
54.648163
55.967347
57.469388
61.648980
63.198912
64.613878
65.959184
67.418413
68.754286
70.027755
71.439728
72.741587
74.087166
75.319728
76.654875
78.115918
80.139320
81.610884
82.873469
84.179592
85.646803
86.970340
88.276463
89.600000
91.097687
92.403810
93.646077
95.016054
96.281542
97.599274
98.838639
100.162177
102.426122
104.153107
106.138413
107.944490
109.923265
111.516735
112.988299
114.308934
115.707937
118.236735
119.936871
121.480998
122.993197
124.612789
126.484898
128.174150
129.922902
131.824036
134.421769
137.769796
140.241270
142.576327
144.790204
147.191293
149.472653
151.562449
153.795918
156.464762
158.504490
160.561633
162.716735
165.590204
168.193741
170.599184
172.728163
175.164082
177.644263
180.163628
182.643810
184.894694
187.176054
189.579320
191.709751
193.843084
196.186848
198.400000
200.540590
202.745034
205.087347
207.441270
209.545578
211.352381
213.124354
214.784580
216.453515
218.697143
220.773878
223.271474
225.671837
229.093878
232.838095
234.161633
235.357460
236.566349
237.998730
239.449977
241.137778
242.579592
243.887891
245.194014
246.479819
247.710476
248.990476
250.361905
251.808798
253.126531
254.491429
255.808435
257.175510
258.525170
260.063492
262.855692
265.978776
268.930612
271.481905
274.227664
276.673016
279.614694
282.240000
284.989388
287.674921
290.261043
292.896508
295.239184
296.495601
297.621769
298.707302
299.734785
300.728889
301.749841
302.733061
303.705397
304.666122
305.635556
306.631111
307.944490
310.778776
313.853968
316.952381
320.174150
323.186939
326.217143
329.831111
332.756463
335.671134
338.337959
