0.526032
1.265850
2.410204
3.896054
6.733197
8.200045
9.597143
10.852653
12.332698
13.841905
15.331202
16.945714
18.830975
20.312562
21.671429
23.130612
24.659048
26.062041
27.361633
28.729388
30.216463
31.617460
32.920816
34.292381
35.731293
37.097143
38.417279
39.754694
41.403855
42.837460
44.218821
45.538776
46.857279
48.149773
49.428481
50.727347
52.087347
53.302857
54.626122
55.914966
57.288163
58.278735
59.789388
63.314490
64.838912
66.293878
67.639184
69.178413
70.594286
71.947755
73.459728
74.841587
76.347166
77.639728
78.974875
80.875918
82.719320
84.290884
85.633469
87.059592
88.606803
90.090340
91.456463
92.840000
94.437687
95.883810
97.186077
98.596054
100.101542
101.479274
102.798639
104.242177
106.266122
107.913107
109.738413
111.304490
112.771633
114.256735
115.748299
117.148934
118.647937
121.806939
123.636871
125.560998
127.253197
129.032789
130.984898
132.954150
134.862902
136.864036
138.981769
141.589796
144.301270
146.776327
149.430204
152.151293
154.772653
157.422449
160.275918
163.284762
165.928980
168.641633
171.236735
174.510204
176.993741
179.879184
182.348163
184.988163
187.904263
190.603628
193.423810
195.894694
198.976054
201.719320
204.469751
207.123084
209.886848
212.480000
215.180590
217.845034
220.487347
222.821270
225.045578
227.092381
229.104354
230.964580
232.733515
234.717143
237.033878
239.511474
241.851837
245.113878
248.458095
249.981633
251.417460
252.746349
254.318730
255.789977
257.497778
259.079592
260.447891
261.754014
263.179819
264.570476
265.910476
267.261905
268.588798
269.803265
271.011429
272.189478
273.475510
275.025170
276.583492
279.275692
282.198776
285.150612
288.001905
290.907664
293.573016
296.854694
299.700000
302.608163
305.794921
308.841043
311.315168
314.739184
316.035601
317.201769
318.327302
319.394785
320.468889
321.609841
322.593061
323.605397
324.646122
325.675556
326.691111
328.084490
330.538776
333.533968
336.612381
339.674150
342.686939
345.917143
349.651111
352.556463
356.671134
360.217959
