0.366032
1.085850
2.270204
3.536054
6.913197
8.260045
9.577143
10.752653
12.132698
13.641905
15.131202
16.785714
18.730975
20.152562
21.411429
22.710612
24.259048
25.542041
26.781633
28.020722
29.456463
30.837460
32.040204
33.292381
34.651293
35.937143
37.197279
38.494694
40.103855
41.637460
43.138821
44.798776
46.077279
47.269773
48.648481
50.067347
51.387347
52.582857
53.846122
54.994966
56.288163
57.607347
58.849388
64.028980
65.478912
66.813878
68.119184
69.518413
70.854286
72.147755
73.519728
74.821587
76.227166
77.519728
78.854875
80.575918
82.639320
84.090884
85.313469
86.619592
88.086803
89.410340
90.636463
91.900000
93.357687
94.643810
95.806077
97.136054
98.401542
99.699274
100.938639
102.222177
104.806122
106.393107
108.278413
109.744490
111.503265
113.056735
114.344150
115.468934
116.647937
119.016735
120.716871
122.840333
124.233197
125.756395
127.244898
128.934150
130.662902
132.424036
135.101769
138.729796
141.261270
143.776327
146.430204
149.071293
151.637959
154.042449
156.795918
159.704762
161.924490
164.021633
166.296735
169.070204
171.436871
173.819184
176.108163
178.224082
180.444263
182.763628
185.243810
187.514694
189.956054
192.999320
195.509751
197.963084
200.486848
202.860000
205.100590
207.505034
209.887347
212.021270
213.785578
215.172381
216.584354
217.804580
219.073515
221.137143
223.413878
225.691474
227.951837
231.213878
233.978095
235.401633
236.737460
238.006349
239.398730
240.829977
242.517778
243.879592
245.067891
246.314014
247.579819
248.870476
250.150476
251.481905
252.748798
253.906531
255.011429
256.224218
257.397755
258.645170
260.203492
262.495692
265.298776
268.230612
270.741905
273.547664
276.253016
279.334694
281.920000
284.692653
287.834921
290.821043
293.556508
297.619184
298.915601
300.081769
301.167302
302.174785
303.148889
304.149841
305.053061
305.965397
306.926122
307.835556
308.811111
310.124490
312.818776
315.793968
318.592381
321.614150
324.566939
327.677143
331.251111
333.896463
337.171134
340.809796
