0.366032
0.701950
1.710204
3.056054
5.633197
7.000045
8.237143
9.392653
10.752698
12.261905
13.745601
15.345714
17.441950
18.952562
20.371429
21.790612
23.339048
24.642041
26.061633
27.469388
28.976463
30.317460
31.660816
33.052381
34.411293
35.757143
37.137279
38.454694
40.131565
41.637460
43.078821
44.478776
45.857279
47.169773
48.528481
49.827347
51.187347
52.442857
53.686122
54.934966
56.208163
57.107347
58.509388
62.288980
63.818912
65.293878
66.599184
67.998413
69.354286
70.647755
72.019728
73.361587
74.767166
75.999728
77.374875
78.835918
80.739320
82.250884
83.613469
84.999592
86.486803
87.870340
89.216463
90.600000
92.097687
93.483810
94.766077
96.176054
97.521542
98.917823
100.238639
101.562177
103.626122
105.273107
107.318413
109.061122
110.823265
112.416735
114.108299
115.568934
117.067937
119.876735
121.776871
123.680998
125.453197
127.172789
129.284898
131.314150
133.282902
135.424036
137.661769
140.864898
143.201270
145.496327
147.690204
150.031293
152.292653
154.422449
156.675918
159.164762
161.184490
163.201633
165.336735
168.137551
170.587677
172.879184
174.928163
177.164082
179.424263
181.683628
184.003810
186.207347
188.436054
190.799320
192.969751
194.983084
197.206848
199.220000
201.140590
203.181678
205.127347
207.101270
209.065578
210.872381
212.704354
214.484580
216.233515
218.337143
220.513878
222.447623
224.071837
226.933878
230.738095
232.101633
233.397460
234.646349
236.078730
237.509977
238.997778
240.399592
241.687891
242.957007
244.259819
245.550476
246.830476
248.141905
249.508798
250.686531
251.931429
253.109478
254.365170
255.645170
256.883492
259.435692
261.878776
263.970612
266.141905
268.547664
270.753016
272.978231
275.360000
277.749388
280.394921
283.101043
285.596508
287.939184
288.997800
290.161769
291.327302
292.414785
293.468889
294.489841
295.473061
296.425397
297.466122
298.455556
299.451111
300.864490
303.598776
306.313968
309.252381
312.174150
315.006939
317.957143
321.471111
324.116463
326.531134
327.997959
