0.386032
1.102925
2.170204
3.496054
6.293197
7.700045
9.077143
10.292653
11.772698
13.361905
14.971202
16.685714
19.530975
21.312562
22.771429
24.170612
25.856190
27.186122
28.781633
30.169388
31.816463
33.434921
34.720816
36.032381
37.371293
38.637143
39.891837
41.194694
43.103855
44.557460
45.958821
47.298776
48.597279
49.829773
51.088481
52.327347
53.547347
54.662857
55.666122
56.714966
57.982721
58.990913
60.309388
64.788980
66.298912
67.653878
68.879796
70.278413
71.534286
72.707755
73.959728
75.221587
76.527166
77.739728
79.094875
81.015918
83.539320
85.330884
86.733469
88.059592
89.766803
91.270340
92.556463
93.880000
95.777687
97.123810
98.406077
99.736054
101.041542
102.359274
103.638639
105.042177
107.586122
109.513107
112.018413
113.724490
115.643265
117.276735
118.696100
119.868934
121.023968
123.576735
126.316871
128.260998
129.853197
131.472789
133.424898
135.114150
137.082902
138.824036
140.981769
144.349796
147.481270
149.956327
152.770204
155.431293
158.192653
160.922449
163.575918
166.544762
168.784490
170.961633
173.496735
177.130204
179.773741
182.499184
185.068163
187.744082
190.424263
193.063628
195.723810
198.189388
200.856054
203.939320
206.469751
208.863084
211.486848
213.980000
216.320590
218.610068
221.307347
223.541270
225.325578
226.852381
228.304354
229.724580
231.133515
233.117143
235.713878
238.051474
240.291837
243.493878
246.718095
248.181633
249.377460
250.626349
251.938730
253.389977
255.617778
257.199592
258.507891
259.674014
260.879819
261.950476
263.070476
264.201905
265.368798
266.406531
267.463810
268.548435
269.677755
270.665170
272.023492
275.115692
278.138776
280.910612
283.241905
286.187664
288.633016
291.554694
294.320000
297.409388
300.414921
303.341043
306.096508
309.319184
310.735601
311.881769
312.963651
313.937392
314.848889
315.709841
316.613061
317.465397
318.386122
319.255556
319.991111
321.304490
323.678776
326.711323
329.672381
332.917075
336.086939
339.497143
343.751111
346.816463
350.371134
353.577959
