0.726032
1.565850
2.790204
4.136054
6.424399
7.740091
9.057143
10.312653
11.752698
13.363810
14.951202
16.625714
18.790975
20.432562
21.751429
23.070612
24.679048
26.022041
27.221633
28.509388
29.956463
31.357460
32.560816
33.812381
35.051293
36.277143
37.497279
38.734694
40.243855
41.777460
43.398821
44.958776
46.177279
47.349773
48.548481
49.767347
51.047347
52.202857
53.466122
54.709932
56.088163
57.267347
58.589388
62.248980
63.698912
64.853878
65.999184
67.258413
68.414286
69.567755
70.899728
72.121587
73.407166
74.639728
75.974875
77.895918
80.119320
81.610884
82.833469
84.059592
85.486803
86.830340
87.996463
89.140000
90.497687
91.723810
92.826077
94.036054
95.161542
96.399274
97.538639
98.687392
100.766122
102.413107
104.418413
106.004490
107.443265
108.976735
110.408299
111.628934
112.927937
115.736735
117.536871
119.580998
121.073197
122.692789
124.404898
126.314150
128.082902
129.864036
132.561769
135.309796
137.961270
140.356327
142.910204
145.551293
148.050612
150.482449
153.155918
156.064762
158.344490
160.501633
163.096735
167.110204
169.753741
172.619184
174.828163
177.544082
180.244263
182.683628
185.603810
188.194694
190.876054
194.499320
197.219501
199.663084
202.306848
204.940000
207.360590
209.765034
212.247347
214.501270
216.305578
217.872381
219.444354
220.904580
222.733515
225.117143
228.273878
230.745737
233.031837
236.433878
239.258095
240.501633
241.817460
243.011587
244.278730
245.589977
247.057778
248.319592
249.447891
250.574014
251.699819
252.870476
253.970476
255.141905
256.348798
257.486531
258.671429
259.844218
261.195510
262.585170
264.083492
267.215692
270.338776
273.310612
275.861905
278.727664
281.153016
284.674694
287.400000
290.529388
293.674921
296.761043
299.576508
302.379184
303.655601
304.781769
305.787302
306.734785
307.708889
308.649841
309.613061
310.585397
311.626122
312.595556
313.611111
315.088980
318.018776
321.173968
324.552381
327.954150
331.540816
335.337143
339.051111
342.136463
344.691134
347.357959
