0.666032
1.485850
2.770204
4.576054
8.973197
10.540045
12.137143
13.412653
14.852698
16.441905
18.011202
19.625714
21.650975
23.192562
24.571429
26.001224
27.519048
28.964082
30.421633
31.929388
33.296463
34.737460
35.980816
37.452381
38.731293
40.277143
41.617279
42.954694
44.423855
45.917460
47.258821
48.638776
50.097279
51.389773
52.768481
54.147347
55.627347
57.042857
58.346122
59.714966
61.108163
62.307347
63.909388
68.308980
69.678912
71.333878
72.739184
74.418413
75.894286
77.367755
78.919728
80.541587
82.447166
83.799728
85.274875
86.955918
88.959320
90.590884
91.973469
93.359592
94.786803
96.210340
97.596463
99.060000
100.517687
101.803810
103.066077
104.496054
105.841542
107.239274
108.598639
109.802177
111.806122
113.533107
115.378413
117.081122
118.823265
120.696735
122.368299
123.988934
125.487937
128.396735
130.976871
133.460998
135.193197
136.812789
138.704898
140.654150
142.762902
145.224036
148.101769
152.349796
155.181270
157.676327
159.970204
162.311293
164.845306
167.382449
169.855918
172.644762
175.144490
177.701633
180.496735
184.110204
189.953741
193.699184
196.328163
198.804082
201.464263
203.971947
206.743810
209.414694
212.196054
215.279320
218.089751
220.563084
223.126848
225.460000
227.680590
229.985034
232.527347
234.901270
237.125578
239.209524
241.344354
243.404580
245.527029
248.577143
251.393878
253.231474
255.871837
258.573878
261.598095
263.041633
264.297460
265.846349
267.178730
268.649977
270.237778
271.639592
273.107891
274.474014
275.879819
277.170476
278.530476
279.881905
281.388798
282.766531
284.311429
285.648435
287.355510
288.925170
290.643492
293.615692
296.638776
299.370612
301.810317
304.447664
307.033016
309.654694
312.280000
314.989388
318.534921
321.981043
325.116508
328.099184
329.915601
331.141769
332.607302
333.774785
334.968889
336.029841
337.033061
338.085397
339.146122
340.295556
341.391111
342.704490
345.618776
348.693968
352.152381
355.434150
358.966939
362.837143
367.111111
370.036463
374.671134
377.717959
