0.446032
1.185850
2.390204
3.836054
7.513197
8.840045
10.117143
11.272653
12.672698
14.161905
15.611202
17.045714
19.030975
20.672562
21.971429
23.230612
24.839048
26.102041
27.381633
28.669388
30.076463
31.377460
32.580816
33.872381
35.231293
36.517143
37.757279
39.014694
40.603855
42.097460
43.738821
45.098776
46.397279
47.569773
48.848481
50.147347
51.387347
52.522857
53.706122
54.874966
56.228163
57.267347
58.809388
63.008980
64.518912
65.833878
67.119184
68.618413
69.914286
71.167755
72.499728
73.761587
75.047166
76.273243
77.574875
79.315918
81.519320
83.070884
84.253469
85.459592
86.886803
88.190340
89.376463
90.600000
91.957687
93.211905
94.326077
95.636054
96.881542
98.139274
99.318639
100.502177
102.646122
104.373107
106.218413
107.624490
109.383265
110.916735
112.148299
113.328934
114.403968
116.856735
118.556871
120.300998
121.653197
122.992789
124.504898
125.974150
127.542902
129.184036
131.421769
134.889796
137.501270
140.116327
142.410204
144.971293
147.252653
149.422449
151.855918
154.524762
156.964490
158.893605
160.945578
163.770204
166.153741
168.479184
170.528163
172.624082
174.911297
176.963628
179.343810
181.512449
183.637007
186.619320
188.569751
190.703084
192.933370
194.980000
197.081179
199.425034
201.455782
203.481270
205.265578
206.652381
207.944354
209.231145
210.473515
212.477143
214.733878
216.891474
218.891837
221.553878
224.518095
225.881633
227.097460
228.306349
229.618730
231.009977
232.577778
233.999592
235.167891
236.374014
237.579819
238.750476
239.870476
241.020952
242.128798
243.186531
244.211429
245.188435
246.277755
247.365170
248.277392
251.215692
254.178776
257.190612
259.861905
262.347664
264.626508
267.594694
270.060000
272.669388
275.294921
277.801043
280.196508
282.919184
284.155601
285.281769
286.347302
287.334785
288.328889
289.369841
290.353061
291.325397
292.326122
293.315556
294.311111
295.884490
298.858776
301.833968
304.472381
307.654150
311.006939
314.777143
318.611111
322.096463
326.851134
332.637959
