0.402222
1.525533
2.393061
3.368254
4.279093
5.177596
6.080590
7.033016
8.104762
9.470635
10.756599
12.029524
13.198685
14.494286
15.675510
16.879184
18.123265
19.308707
20.638050
21.937551
23.091429
24.323673
25.583175
26.939683
28.267347
29.640544
30.817914
32.099683
33.337959
34.814240
36.041179
37.218776
38.411383
39.600000
40.792971
42.011746
43.162948
44.362540
45.591565
46.714497
47.924444
49.201905
51.660408
53.135873
54.507937
55.950476
57.403900
58.815238
60.214467
61.612381
62.699184
63.782676
65.034558
66.385714
67.864490
69.262857
70.702449
72.090204
73.420635
74.784898
76.130204
77.528163
78.853061
80.396417
81.781859
83.020544
84.242132
85.457596
86.732211
87.877143
89.155737
90.367075
91.828571
93.173651
94.396327
95.596054
96.805079
97.955238
99.243628
100.494014
101.614104
102.800544
103.977959
105.349524
106.550975
107.710476
108.797778
109.800204
110.824082
111.783265
112.712290
113.619229
114.517143
115.434694
116.306122
117.287347
118.302857
120.578776
122.758367
123.728163
127.284490
128.393016
129.842857
133.952381
134.988571
136.853469
138.153515
139.948163
141.380952
142.701633
148.724535
150.718458
152.211837
153.550023
154.594286
155.540136
156.468254
157.381859
158.366667
159.684762
