0.202222
1.165533
2.013061
2.948254
3.899093
4.717596
5.620590
6.533016
7.604762
8.941270
10.239433
11.489524
12.618685
13.754286
14.975510
16.179184
17.443265
18.668707
19.978050
21.237551
22.351429
23.563673
24.903175
26.459683
27.527347
29.060544
30.437914
32.119683
34.537959
36.399683
37.721179
38.939388
40.231383
41.420000
42.666485
43.911746
45.154316
46.381270
47.611565
48.843492
50.064444
51.327302
53.720408
55.287937
56.667937
58.170476
59.723900
61.195238
62.597234
63.972381
64.999184
65.962676
67.074558
68.725714
70.202245
71.540952
72.902449
74.210204
75.500635
76.784898
78.090204
79.448163
80.773061
82.236417
83.581859
84.920544
86.242132
87.557596
88.928844
90.237143
91.635737
92.987075
94.797143
96.114603
97.316327
98.416579
99.585079
100.775238
102.003628
103.317007
104.514104
105.840544
107.177959
108.829524
110.070975
111.330476
112.417778
113.300408
114.504082
115.529796
116.532290
117.499229
118.457143
119.514694
120.478367
121.547347
122.622857
126.538776
127.778367
128.741633
131.064490
133.553016
134.611429
139.252381
142.048571
144.062041
145.373515
150.848163
153.580952
154.741633
155.584535
156.598458
157.731837
158.630023
159.634286
160.660136
161.688254
162.701859
163.726667
165.244762
