0.442222
1.445533
2.313061
3.208254
4.079093
4.937596
5.840590
6.733016
7.584762
8.901270
10.296599
11.749524
12.998685
14.342857
15.655510
17.039184
18.283265
19.606122
21.118050
22.757551
24.031429
25.423673
26.803175
28.439365
29.767347
31.320544
32.991655
34.619683
36.557959
38.239683
39.761179
41.178776
42.591383
44.000000
45.452971
46.811746
48.142948
49.502540
50.991565
52.403492
53.804444
55.241905
57.780408
59.515873
61.067937
62.730476
64.403900
65.990476
67.554467
69.132381
70.499184
71.862676
73.454558
75.365714
77.044490
78.600952
80.182449
81.770204
83.361270
84.984898
86.450204
88.188163
89.739184
91.896417
93.547438
95.140544
96.582132
98.017596
99.548844
101.057143
102.615737
104.127075
105.988571
107.634603
109.196327
110.636054
112.085079
113.535238
115.003628
116.477007
117.854104
119.280544
120.617959
122.309524
123.970975
125.310476
126.797778
127.900408
129.124082
130.249796
131.352290
132.418458
133.457143
134.574694
135.778367
137.069388
138.642857
141.278776
144.358367
145.845714
148.484490
152.253016
159.851429
161.952381
166.828571
168.893469
170.373515
171.488163
172.680952
174.161633
175.244535
176.218458
177.771837
178.950023
180.234286
181.640136
182.988254
183.901859
184.826667
186.264762
