1.042222
2.145533
3.033061
4.108254
4.939093
6.017596
7.020590
8.013016
9.184762
10.741270
12.416599
14.029524
15.578685
17.134286
18.595510
20.199184
21.723265
23.248707
24.818050
26.457551
27.911429
29.483673
30.983175
32.699683
34.267347
36.020544
37.837914
39.959683
42.157959
44.079683
45.741179
47.358776
48.951383
50.400000
51.952971
53.471746
54.862948
56.382540
57.811565
59.283492
60.784444
62.521905
65.180408
67.115873
68.847937
70.610476
72.443900
74.135238
75.737234
77.172381
78.419184
79.742676
81.294558
83.065714
84.924490
86.680952
88.322449
89.950204
91.560635
93.144898
94.770204
96.428163
98.053061
99.616417
101.321859
102.920544
104.522132
106.157596
107.828844
109.417143
111.075737
112.827075
114.922857
116.694603
118.356327
119.896054
121.525079
122.955238
124.643628
126.197007
127.774104
129.200544
130.817959
132.449524
133.930975
135.390476
136.617778
137.740408
139.024082
140.129796
141.192290
142.239229
143.271429
144.274694
145.358367
146.387347
147.502857
148.576327
149.598367
150.601633
151.604490
152.633016
153.631429
154.652381
155.608571
156.653469
157.693515
158.706880
159.700952
160.741633
161.632268
162.638458
163.751837
164.670023
165.634286
166.640136
167.588254
168.641859
169.626667
170.584762
