0.322222
1.265533
2.133061
3.088254
4.019093
4.857596
5.840590
6.773016
7.842381
9.174467
10.476599
11.609524
12.778685
14.114286
15.235510
16.459184
17.703265
18.928707
20.298050
21.597551
22.771429
24.023673
25.303175
26.679683
27.947347
29.260544
30.637914
32.499683
34.777959
36.959683
38.321179
39.618776
40.951383
42.240000
43.572971
44.851746
46.082948
47.322540
48.591565
49.823492
51.064444
52.341905
54.940408
56.655873
58.187937
60.090476
61.683900
63.175238
64.574467
66.112381
67.219184
68.182676
69.274558
70.705714
72.304490
73.700952
75.122449
76.510204
77.840635
79.184898
80.530204
81.948163
83.293061
85.016417
86.641859
88.080544
89.702132
91.057596
92.448844
93.877143
95.415737
97.087075
99.248571
100.631534
101.816327
102.996054
104.265079
105.475238
106.683628
107.977007
109.214104
110.540544
112.057959
113.509524
114.730975
115.930476
117.037778
118.120408
119.284082
120.329796
121.352290
122.419229
123.457143
124.549388
125.558367
126.667347
127.922857
130.438776
133.178367
134.885714
137.564490
143.793016
148.691429
150.792381
152.608571
156.733469
158.073515
159.768163
160.880317
161.861633
162.784535
163.858458
164.991837
165.970068
166.994286
168.040136
169.148254
170.221859
171.326667
172.984762
