1.502222
2.565533
3.413061
4.308254
5.219093
6.097596
7.000590
7.913016
8.884762
10.261270
11.676599
13.049524
14.338685
15.714286
16.995510
18.319184
19.603265
20.908707
22.258050
23.837551
25.151429
26.583673
28.003175
29.459683
30.747347
32.180544
33.677914
35.419683
37.617959
39.279683
40.601179
41.938776
43.231383
44.520000
45.852971
47.191746
48.502948
49.802540
51.071565
52.363492
53.684444
55.101905
57.360408
59.035873
60.607937
62.310476
63.943900
65.435238
66.931701
68.532381
69.639184
70.682676
71.914558
73.705714
75.364490
76.860952
78.342449
79.830204
81.240635
82.644898
84.050204
85.508163
86.933061
88.376417
89.741859
91.020544
92.362132
93.697596
95.068844
96.357143
97.735737
99.127075
100.708571
102.114603
103.536327
104.836054
106.225079
107.655238
109.083628
110.477007
111.854104
113.300544
114.737959
117.389524
118.630975
120.050476
121.237778
122.320051
123.284082
124.389796
125.332290
126.259229
127.237143
128.174694
129.138367
130.187347
131.262857
132.158776
133.078367
134.021633
134.892245
135.833016
136.791429
137.756190
138.728571
139.593469
140.693515
141.614082
142.700952
143.621633
144.444535
145.399229
146.511837
147.410023
148.374286
149.360136
150.368254
151.341859
152.306667
154.084762
