0.182222
1.165533
1.993061
2.888254
3.799093
4.657596
5.560590
6.473016
7.544762
8.921270
10.176599
11.389524
12.498685
13.654286
14.775510
15.939184
17.183265
18.388707
19.602256
20.857551
22.011429
23.207891
24.483175
25.859683
27.147347
28.490272
29.697914
31.259683
32.877959
34.499683
35.741179
36.932925
38.191383
39.420000
40.612971
41.831746
43.042948
44.227513
45.411565
46.603492
47.804444
49.080952
51.460408
52.935873
54.273968
55.710476
57.183900
58.515238
59.757234
61.052381
62.019184
62.922676
64.034558
65.585714
67.042245
68.280952
69.562449
70.830204
72.120635
73.384898
74.670204
75.948163
77.113061
78.396417
79.761859
81.020544
82.182132
83.497596
84.744422
85.977143
87.275737
88.467075
90.088571
91.394603
92.536327
93.639342
94.745079
95.895238
97.083628
98.374014
99.534104
100.810136
102.117959
103.529524
104.690975
105.950159
107.037778
108.080408
109.104082
110.149796
111.172290
112.119229
113.077143
114.074694
115.058367
116.067347
117.182857
119.295102
121.638367
123.798776
126.584490
132.413016
134.871429
136.612381
139.008571
140.086939
141.633515
143.848163
146.100952
149.181633
150.104535
151.118458
152.231837
153.210023
154.174286
155.180136
156.154127
157.201859
158.146667
159.200317
