1.391837
3.271111
5.324580
7.320000
9.449932
11.549433
13.705079
15.755147
17.861270
19.963719
22.148254
24.250113
26.347982
28.449206
30.520000
32.618912
34.808571
36.863810
39.337506
41.596054
43.615918
45.740544
48.107619
50.270340
52.484036
54.830204
56.984082
59.102449
61.223946
63.353651
65.586122
67.800408
70.064762
72.271610
74.488118
76.641905
78.743039
81.067483
83.306395
85.479184
87.772290
90.194286
92.613061
96.708526
99.262222
101.935419
104.588223
108.288844
110.882177
113.922630
116.460136
119.593878
121.828526
124.430431
126.706531
128.978367
131.207891
133.488980
135.815873
139.869252
142.451746
144.762404
146.942993
149.558277
151.780748
154.045306
156.251610
158.467030
160.579184
162.801338
164.877959
167.023265
169.098503
171.162857
173.357687
175.414943
177.496825
179.677120
181.837007
184.289955
186.553968
188.666485
190.759365
193.080340
195.293333
197.528889
199.859592
202.003809
204.145079
206.269206
208.423016
210.607302
212.861996
215.087755
217.302630
219.489206
221.718481
223.771429
226.018912
228.291293
230.827619
232.902903
235.330748
237.849524
242.380635
245.246032
247.889229
250.258498
254.124376
256.703356
259.806916
262.378141
265.477778
267.746122
270.372109
272.611837
274.815374
277.090272
279.313333
281.617415
285.383061
287.929796
290.165306
292.456803
295.076848
297.212109
299.404898
301.682132
303.904490
305.940272
308.072653
310.177143
312.279410
314.489297
316.767188
319.105079
321.379592
323.465714
325.674875
327.709070
329.761633
331.878231
334.075238
336.165624
338.365442
340.552653
342.729887
344.999864
347.094014
349.197143
351.351429
353.546122
355.683764
357.801315
359.920816
362.006825
364.117256
366.294467
368.480408
370.643129
372.803265
374.868571
376.973878
379.082721
381.166871
383.226757
385.483447
387.679320
389.936508
392.103220
394.868299
397.324422
400.503741
402.832063
404.987596
407.044354
409.241270
411.355533
413.418889
415.679592
417.800816
420.017234
422.194376
424.684490
426.911020
429.125170
431.409002
433.747438
435.970612
438.419501
440.676440
442.964921
445.305397
447.557075
449.654059
451.929229
454.158980
456.245578
458.439683
460.640000
462.766667
464.920612
467.058050
469.266395
471.428254
473.613696
475.806667
478.008254
480.271859
482.418503
484.673356
486.758367
489.229615
491.536893
493.930204
496.420499
500.962562
503.625850
506.433005
509.047982
512.942472
515.070658
517.312653
519.413968
521.590862
523.726349
525.899728
528.501088
533.991497
536.980499
539.373447
542.006825
544.631474
547.461587
549.582222
551.621270
553.764399
555.835510
558.189463
560.939524
