21.450204
25.771111
27.924580
29.900000
32.089932
34.214717
36.405079
38.395147
40.461270
42.481859
44.568254
46.570113
48.567982
50.609206
52.600000
54.698912
56.828571
58.963810
61.397506
63.832109
66.110612
68.300544
70.727619
73.090340
75.224036
77.490204
79.824082
82.142449
84.507891
86.833651
89.126122
91.340408
93.604762
95.911610
98.328118
100.861905
103.063039
105.467483
107.826395
110.199184
112.392290
114.734286
116.973061
120.268526
123.222222
126.075419
128.906893
132.419256
135.022177
138.042630
140.900136
144.393878
147.388526
150.030431
152.706531
155.038367
157.455782
159.964490
162.595873
166.509252
169.071746
171.442404
173.722993
176.158277
178.300748
180.445306
182.571610
184.667030
186.739184
188.801338
190.797959
192.883265
194.898503
197.002857
199.117687
201.194943
203.396825
205.557120
207.757007
210.269955
212.753968
214.866485
217.039365
219.460340
221.953333
224.148889
226.479592
228.883809
231.205079
233.598413
235.883016
238.187302
240.381995
242.627755
244.842630
247.249206
249.618481
251.742857
254.098912
256.331293
258.627619
260.667634
263.070748
265.469524
268.880635
271.726032
274.489229
277.272332
280.504376
283.203356
286.022305
288.918141
292.597778
295.226122
297.912109
300.615918
302.908843
305.480544
307.993333
310.752245
314.723061
317.349796
319.685306
322.056803
324.596848
326.792109
329.024898
331.112426
333.404490
335.520272
337.692653
339.857143
342.119410
344.369297
346.747188
349.185079
351.619592
354.085714
356.534875
358.809070
361.261633
363.478231
365.775238
367.945624
370.125442
372.312653
374.689887
376.659864
379.194014
381.397143
383.511429
385.666122
387.843764
389.941315
392.020816
394.086825
396.177256
398.374467
400.540408
402.763129
404.903265
406.988571
409.053878
411.182721
413.266871
415.346757
417.563447
419.599320
421.614127
423.583220
425.828299
428.072211
430.543742
432.692063
434.847596
436.924354
438.985079
441.095533
443.158889
445.239592
447.320816
449.417234
451.574376
453.704490
455.711020
457.785170
459.949002
462.147438
464.290612
466.418503
468.556440
470.769841
472.945397
475.234150
477.494059
479.649229
481.918980
483.985578
486.219683
488.460000
490.686667
492.901224
495.198050
497.546395
499.908254
502.153696
504.386667
506.788254
509.327438
511.558503
514.033356
516.193469
518.929614
521.036893
523.590204
526.120499
530.162562
533.205850
535.966009
538.787982
541.962472
544.210658
546.492653
548.673968
550.930862
553.086349
555.319728
557.440181
562.831497
566.160499
568.673447
571.466825
574.521912
577.741587
579.722222
581.641270
583.604399
585.555510
587.928390
590.679524
