0.971837
2.511111
4.604580
6.740000
8.909932
11.149433
13.365079
15.515147
17.761270
19.861859
21.968254
24.090113
26.207982
28.329206
30.480000
32.717823
35.008571
37.003810
39.277506
41.356054
43.545306
45.700544
48.027619
50.330340
52.424036
54.750204
56.944082
59.144898
61.843946
64.053651
66.346122
68.600408
70.804762
72.971610
75.208118
77.341905
79.603039
82.027483
84.106395
86.519184
88.592290
91.194286
93.593061
97.908526
100.722222
103.814195
106.893347
110.748844
114.222177
117.782630
120.853356
123.753878
126.108526
128.630431
131.026531
133.258367
135.487891
137.664490
139.995873
144.769252
147.371746
149.542404
151.622993
153.858277
156.080748
158.225306
160.411610
162.527030
164.659184
166.901338
168.957959
171.103265
173.198503
175.282857
177.417687
179.534943
181.696825
183.897120
185.917007
188.189955
190.313968
192.526485
194.739365
196.900340
199.093333
201.188889
203.459592
205.663809
207.865079
210.549206
212.743016
215.007302
217.161995
219.407755
221.562630
223.809206
225.918481
228.082857
230.398912
232.571293
234.787619
236.882903
239.450748
241.769524
245.873545
248.646032
251.749229
254.493991
258.664376
261.723356
265.606916
268.718141
271.657778
274.106122
276.732109
279.071837
281.428844
283.670272
285.793333
288.057415
292.703061
295.148980
297.365306
299.536803
301.916848
304.212109
306.364898
308.609705
310.884490
313.000272
315.132653
317.277143
319.599410
322.029297
324.367188
326.485079
329.079592
331.345714
333.554875
335.669070
337.801633
340.018231
342.195238
344.365624
346.565442
348.852653
351.069887
353.339864
355.494014
357.657143
360.051429
362.386122
364.543764
366.701315
368.840816
371.006825
373.217256
375.534467
377.820408
380.003129
382.243265
384.448571
386.693878
388.882721
391.026871
393.146757
395.323447
397.419320
399.534127
401.663220
404.048299
406.384422
409.063741
411.272063
413.487596
415.644354
417.901270
419.915533
422.058889
424.199592
426.340816
428.437234
430.494376
433.024490
434.971020
437.105170
439.169002
441.287438
443.390612
445.399501
447.576440
449.749841
451.865397
453.957075
456.034059
458.249229
460.438980
462.505578
464.739683
466.960000
469.206667
471.501224
473.738050
476.046395
478.368254
480.533696
482.586667
484.748254
486.991859
489.158503
491.413356
493.418367
495.689615
497.769223
500.230204
502.500499
507.062562
509.745850
512.906009
515.887982
519.962472
522.070658
524.232653
526.313968
528.370862
530.466349
532.539728
535.061088
541.391497
545.140499
548.353447
551.126825
553.991474
557.401587
559.442222
561.481270
563.584399
565.735510
568.148390
571.399524
