2.134694
4.391111
6.384580
8.340000
10.349932
12.369433
14.405079
16.395147
18.381270
20.321859
22.308254
24.250113
26.127982
27.989206
29.900000
31.838912
33.908571
35.883810
37.977506
40.236054
42.345306
44.320544
46.387619
48.440680
50.464036
52.550204
54.604082
56.682449
58.703946
60.753651
62.846122
64.920408
66.964762
68.951610
71.044354
73.061905
75.143039
77.367483
79.386395
81.419184
83.652290
86.174286
88.633061
92.448526
95.702222
98.438775
101.166893
105.428844
108.522177
111.782630
114.900136
118.273878
120.848526
123.850431
126.626531
129.398367
132.167891
134.848980
137.335873
141.309252
143.611746
145.702404
147.682993
149.818277
151.860748
153.925306
156.011610
158.047030
159.999184
162.061338
164.017959
166.023265
167.938503
169.822857
171.737687
173.614943
175.576825
177.597120
179.557007
181.769955
183.793968
185.886485
187.839365
190.060340
192.113333
194.088889
196.139592
198.203809
200.245079
202.289206
204.323016
206.427302
208.481995
210.515510
212.482630
214.509206
216.538481
218.562857
220.798912
222.771293
224.947619
227.142902
229.610748
232.009524
235.900635
239.046032
241.787687
244.653991
248.804376
251.723356
254.723458
257.578141
260.937778
263.346122
266.332109
269.251837
271.957279
274.670272
277.293333
279.937415
284.143061
286.369796
288.505306
290.456803
292.656848
294.652109
296.764898
298.852426
301.044490
302.780091
304.672653
306.608571
308.779410
311.329297
313.607188
315.665079
317.819592
319.805714
321.794875
323.709070
325.721633
327.658231
329.675238
331.645624
333.625442
335.432653
337.509887
339.639864
341.854014
343.837143
345.891429
347.966122
349.963764
351.921315
353.860816
355.766825
357.717256
359.974467
362.120408
364.063129
366.003265
367.908571
369.833878
371.842721
373.826871
375.726757
377.723447
379.599320
381.554127
383.483220
385.848299
388.164422
391.123741
393.252063
395.247596
397.184354
399.181270
401.175533
403.158889
405.179592
407.200816
409.217234
411.234376
413.404490
415.631020
417.690340
419.789002
421.907438
424.070612
426.278004
428.609320
430.829841
433.025397
435.197075
437.274059
439.369229
441.497959
443.525578
445.639682
447.740000
449.746667
451.761224
453.798050
455.886395
457.988254
459.953696
461.906667
464.028254
466.091859
468.158503
470.293356
472.298367
474.369615
476.498447
479.010204
481.320499
485.422562
488.425850
491.626009
494.527982
498.302472
500.790658
503.252653
505.533968
507.810862
510.026349
512.219728
514.421088
519.691497
522.840499
525.793447
528.746825
532.231474
535.481587
537.422222
539.221270
541.104399
542.935510
545.048390
547.979524
