1.011837
3.011111
5.242902
7.360000
9.689932
11.909433
14.265079
16.315147
18.421270
20.501859
22.668254
24.770113
26.827982
28.869206
30.900000
33.017823
35.208571
37.363810
39.737506
42.156054
44.205306
46.380544
48.687619
50.970340
53.204036
55.590204
57.784082
59.902449
62.243946
64.453651
66.566122
68.760408
70.984762
73.151610
75.368118
77.601905
79.763039
82.227483
84.506395
86.678367
89.092290
91.774286
94.493061
98.828526
101.402222
104.075419
106.966893
111.008844
113.622177
116.522630
119.480136
122.633878
125.088526
127.390431
130.253061
132.758367
134.987891
137.208980
139.655873
143.809252
146.311746
148.722404
150.862993
153.298277
155.520748
157.665306
159.831610
162.054059
164.259184
166.401338
168.457959
170.603265
172.658503
174.722857
176.757687
178.734943
180.816825
182.977120
185.177007
187.509955
189.813968
191.906485
194.019365
196.380340
198.493333
200.648889
202.979592
205.203809
207.345079
209.609206
211.783016
213.927302
216.001995
218.207755
220.382630
222.589206
224.858481
227.002857
229.478912
231.711293
234.187619
236.360726
239.090748
241.769524
246.020635
248.606032
251.189229
254.039249
258.064376
260.663356
263.386916
266.538141
269.677778
272.186122
274.872109
277.395918
279.788843
282.150272
284.373333
286.877415
290.829184
293.449796
295.705306
297.976803
300.336848
302.452109
304.764898
307.052426
309.384490
311.460272
313.612653
315.777143
317.979410
320.289297
322.667188
325.005079
327.159592
329.325714
331.674875
334.009070
336.146531
338.458231
340.595238
342.765624
344.965442
347.152653
349.329887
351.499864
353.634014
355.717143
357.831429
360.026122
362.163764
364.241315
366.300816
368.386825
370.477256
372.634467
374.680408
376.843129
378.943265
381.048571
383.133878
385.282721
387.366871
389.406757
391.563447
393.639320
395.814127
397.923220
400.548299
403.104422
405.943741
408.152063
410.287596
412.504354
414.861270
416.875533
418.978889
421.059592
423.180816
425.297234
427.414376
429.704490
431.911020
434.105170
436.349002
438.747438
441.150612
443.439002
445.716440
447.924921
450.045397
452.317075
454.434059
456.629229
458.878980
460.965578
463.299683
465.460000
467.926667
470.141224
472.298050
474.546395
476.688254
478.833696
481.066667
483.348254
485.671859
487.818503
490.213356
492.218367
494.709614
497.036893
499.670204
502.220499
506.702562
509.485850
512.406009
515.387982
519.782472
522.030658
524.312653
526.633968
528.850862
531.086349
533.419728
536.085870
541.091497
544.560499
547.153447
550.006825
553.051474
556.781587
558.862222
560.821270
562.864399
564.875510
567.348390
570.699524
