1.151837
2.871111
4.984580
6.980000
9.109932
11.189433
13.305079
15.315147
17.461270
19.481859
21.568254
23.650113
25.687982
27.669206
29.720000
31.798912
33.948571
35.923810
37.977506
40.176054
42.265306
44.360544
46.487619
48.710340
50.904036
53.230204
55.424082
57.582449
59.783946
59.922363
59.925338
59.928317
59.931134
59.933985
59.936996
59.940010
59.950580
60.142302
60.382057
60.838356
61.248872
61.838424
62.006554
62.180483
62.186487
62.192582
62.199553
62.488844
62.925098
62.934675
62.955864
63.039294
63.728526
65.430431
67.086531
68.538367
70.107891
70.964490
71.090711
72.529252
74.151746
75.202280
75.922993
77.638277
78.940451
78.981584
78.986409
78.991207
78.995808
79.001363
79.012531
79.036582
79.056653
79.261429
79.701722
79.704769
79.707730
79.710781
79.713770
79.716780
79.719775
79.784865
79.792659
79.880807
80.295556
80.445299
80.657773
80.947100
80.958343
81.180485
81.741005
82.302846
82.360998
82.682802
82.819035
82.869893
82.938481
83.450845
84.018912
85.225711
85.857687
87.622903
90.410748
92.869524
97.440635
100.326032
103.109229
105.653991
109.444376
112.183356
114.866916
117.598141
120.677778
123.106122
125.692109
127.875918
129.986531
132.230272
134.413333
136.677415
140.343061
142.709796
144.805306
146.896803
149.016848
151.032109
153.044898
155.172426
157.164490
159.180272
161.232653
163.277143
165.279410
167.649297
170.047188
172.185079
174.219592
176.205714
178.414875
180.649070
182.741633
184.878231
186.935238
188.945624
191.025442
193.112653
195.229887
197.419864
199.488027
201.637143
203.831429
206.126122
208.243764
210.421315
212.580816
214.666825
216.877256
219.154467
221.320408
223.523129
225.683265
227.848571
230.013878
232.162721
234.246871
236.346757
238.543447
240.559320
242.654127
244.823220
247.128299
249.444422
252.503741
254.612063
256.707596
258.784354
260.861270
262.855533
264.978889
267.079592
269.140816
271.197234
273.274376
275.664490
277.791020
279.885170
281.949002
284.027438
286.090612
288.219501
290.456440
292.504921
294.625397
296.757075
298.774059
300.949229
303.138980
305.285578
307.719683
309.840000
311.946667
314.121224
316.318050
318.472789
320.668254
322.853696
325.086667
327.388254
329.811859
332.118503
334.593356
336.836735
339.449614
341.716893
344.330204
346.820499
351.462562
354.345850
357.366009
360.247982
363.742472
366.030658
368.292653
370.593968
372.870862
375.126349
377.439728
380.166788
384.471497
387.480499
390.633447
394.486825
398.211474
402.461587
404.822222
407.001270
409.284399
411.635510
415.228390
418.499524
