1.111837
2.971111
4.864580
6.600000
8.609932
10.529433
12.465079
14.335147
16.321270
18.141859
19.968254
21.690113
23.427982
25.169206
26.940000
28.658912
30.528571
32.423810
34.397506
36.216054
38.205306
40.000544
42.047619
43.930340
45.824036
47.683401
49.544082
51.442449
53.303946
55.206825
55.310882
55.341004
55.345826
55.350706
55.355860
55.621905
56.430795
56.627483
57.200266
57.242398
57.511486
58.397143
59.393061
60.648526
61.079012
61.152357
61.418071
61.859886
61.967661
61.999737
62.279559
62.333878
62.466763
62.473840
62.496633
62.958367
64.727891
66.024490
67.221888
67.900021
67.905444
67.910389
67.915086
68.038277
68.061909
68.063904
68.065961
68.068007
68.069969
68.072001
68.074008
68.076024
68.077988
68.079942
68.997687
69.434943
69.788732
69.799984
69.805942
69.811932
69.817896
69.962699
69.974933
70.741718
70.784762
70.809019
70.819998
70.866118
70.879371
70.997596
71.683016
71.887792
71.898071
71.929365
72.022630
72.114108
72.578481
72.714068
73.558912
73.799578
74.667619
76.662903
79.050748
81.369524
85.660635
88.486032
91.129229
93.253991
95.995156
98.363356
100.933458
103.198141
105.557778
107.686122
109.832109
111.931837
113.848844
115.630272
117.553333
119.517415
123.007177
124.949796
126.965306
128.756803
130.596848
132.292109
134.324898
136.392426
138.344490
140.260091
142.192653
144.097143
146.039705
148.049297
150.127188
152.325079
154.099592
156.005714
157.797438
159.689070
161.541633
163.418231
165.455238
167.385624
169.325442
171.352653
173.148172
175.079864
177.274014
179.157143
180.981905
182.846122
184.683764
186.590658
188.360816
190.026825
191.957256
194.474467
196.320408
198.123129
199.863265
201.608571
203.373878
205.142721
206.906871
208.586757
210.363447
212.159320
214.034127
215.901610
217.908299
220.024422
222.663741
224.672063
226.627596
228.524354
230.401270
232.275533
234.278889
236.199592
238.100816
239.957234
241.814376
243.684490
245.771020
247.825170
249.909002
251.927438
253.970612
256.199501
258.176440
260.004921
261.985397
263.897075
265.894059
267.909229
269.855918
271.725578
273.539683
275.480000
277.346667
279.300408
281.198050
283.126395
285.034127
286.833696
288.646667
290.628254
292.662965
294.578503
296.713356
298.638367
300.849614
302.818447
305.210204
307.640499
312.362562
315.025850
317.606009
319.867982
322.462472
324.450658
326.352653
328.353968
330.190862
332.146349
334.079728
335.961088
340.991497
343.280499
345.273447
347.346825
350.411474
354.161587
356.022222
357.741270
359.544399
361.295510
363.668390
365.539524
