0.251837
2.271111
4.484580
6.500000
8.689932
10.789433
12.905079
15.095147
17.261270
19.441859
21.548254
23.630113
25.667982
27.709206
29.720000
31.838912
33.988571
36.123810
38.457506
40.496054
42.685306
44.860544
47.027619
49.330340
51.604036
53.830204
55.964082
58.162449
60.583946
62.733651
64.886122
66.960408
69.004762
69.719677
69.730292
69.761905
70.554732
71.053741
72.246395
72.819184
72.984328
73.039082
73.653061
75.378088
76.141433
76.154799
76.698024
76.715014
77.314812
77.541333
78.320136
79.380703
79.390450
79.410431
79.742177
79.778525
79.816973
80.079602
80.107312
81.249252
82.131746
82.570134
83.502993
85.378277
85.789736
86.205306
87.721635
87.728074
87.734247
87.740860
87.749308
87.757792
87.776119
88.502857
88.975909
89.180087
89.191261
89.277120
89.310591
89.357689
89.496736
91.106485
91.279603
91.600085
92.426989
92.468889
92.513134
92.789312
93.330896
94.229206
94.463016
95.324825
95.346999
96.940237
96.947002
96.954228
97.119696
97.394834
98.000998
98.027521
98.039365
98.044381
98.049890
98.055021
98.940635
100.428677
102.709229
105.333991
108.336712
110.841678
113.523458
116.078141
118.697778
121.066122
123.692109
126.315918
128.388844
130.731905
132.933333
135.377415
139.143061
141.609796
143.985306
146.196803
148.516848
150.632109
152.924898
155.072426
157.484490
159.540272
161.692653
163.697143
165.759410
167.941550
169.767188
172.045079
174.319592
176.485714
178.614875
180.949070
182.821633
185.058231
187.555238
189.765624
192.005442
194.332653
196.489887
198.779864
200.814014
202.817143
205.031429
207.286122
209.363764
211.421315
213.400816
215.346825
217.357256
219.474467
221.540408
223.703129
225.743265
227.748571
229.753878
231.782721
233.786871
235.766757
237.823447
239.959320
242.114127
243.983220
246.588299
249.004422
252.203741
254.512063
256.647596
258.664354
260.621270
262.675533
264.738889
266.819592
268.760816
270.917234
272.914376
274.884490
277.131020
279.205170
281.389002
283.647438
285.870612
288.079002
290.236440
292.404921
294.465397
296.417075
298.574059
300.929229
303.358980
305.445578
307.569841
309.580000
311.646667
313.881224
315.959512
318.106395
320.204127
322.253696
324.306667
326.456508
328.731859
330.938503
333.533356
335.698367
338.209614
340.436893
342.990204
345.620499
351.182562
354.425850
357.086009
359.647982
362.662472
364.830658
367.012653
369.213968
371.430862
373.646349
375.859728
378.200155
385.111497
388.560499
391.213447
393.966825
397.411474
402.561587
404.662222
406.461270
408.204399
409.935510
411.688390
413.179524
