1.471837
3.391111
5.524580
7.740000
10.069932
12.409433
14.705079
16.995147
19.201270
21.341859
23.628254
25.850113
28.107982
30.349206
32.600000
34.798912
37.248571
39.643810
42.377506
45.116054
47.501224
49.760544
52.187619
54.600680
57.004036
59.410204
61.764082
64.042449
66.443946
68.813651
71.206122
73.600408
75.984762
78.271610
80.668118
82.981905
85.323039
87.787483
90.186395
92.599184
95.152290
98.314286
101.613061
106.154104
109.542222
112.581678
115.806893
119.348844
122.442177
126.042630
129.080136
132.933878
136.088526
139.470431
142.806531
145.898367
148.847891
151.924490
154.855873
160.329252
162.871746
165.262404
167.482993
169.958277
172.420748
174.685306
177.071610
179.467030
181.819184
184.021338
186.197959
188.463265
190.718503
192.942857
195.237687
197.534943
199.816825
202.171361
204.357007
207.209955
209.693968
212.359456
214.819365
217.060340
219.473333
221.868889
224.319592
226.783809
229.085079
231.609206
233.983016
236.407302
238.741996
241.215510
243.462630
245.789206
248.098481
250.402857
252.978912
255.371293
257.767619
260.222903
263.590748
266.389524
270.700635
274.306032
277.489229
280.213991
284.024376
286.763356
290.106916
293.198141
296.837778
300.006122
303.212109
306.495918
309.224218
312.190272
315.153333
318.297415
323.923061
326.489796
328.845306
331.213605
333.756848
336.052109
338.464898
341.112426
343.344490
345.720272
347.992653
350.277143
352.679410
355.169297
357.627188
360.165079
362.819592
365.345714
367.854875
370.589070
372.541633
375.038231
377.455238
379.945624
382.525442
384.872653
387.069887
389.939864
392.374014
394.717143
397.111429
399.486122
401.883764
404.281315
406.600816
408.906825
411.297256
413.814467
416.260408
418.683129
421.043265
423.448571
425.893878
428.282721
430.746871
433.146757
435.683447
437.999320
440.614127
442.983220
446.008299
448.604422
451.703741
454.252063
456.547596
459.004354
461.341270
463.635533
465.958889
468.339592
470.760816
473.017234
475.274376
477.644490
479.971020
482.285170
484.709002
487.127438
489.530612
491.839501
494.336440
496.824921
499.325397
501.757075
504.134059
506.509229
508.938980
511.345578
513.759683
516.200000
518.566667
521.041224
523.398050
525.732789
528.068254
530.353696
532.660000
535.008254
537.371859
539.758503
542.233356
544.606938
547.109615
549.896893
553.140408
555.820499
560.582562
563.505850
566.726009
569.567982
573.402472
575.430658
578.172653
580.767937
583.190862
585.646349
588.258639
590.818281
596.471497
600.020499
602.893447
606.486825
610.451474
615.101587
617.362222
619.501270
621.644399
623.835510
626.288390
629.359524
