1.991837
3.791111
5.944580
8.040000
10.289932
12.489433
14.565079
16.595147
18.641270
20.621859
22.648254
24.610113
26.547982
28.489206
30.440000
32.598912
34.728571
36.963810
39.217506
41.556054
43.645306
45.830136
47.867619
49.990340
52.104036
54.370204
56.564082
58.722449
60.783946
62.833651
64.926122
67.000408
69.064762
71.131610
73.308118
75.461905
77.483039
79.547483
81.626395
83.819184
85.992290
88.274286
90.653061
93.988526
96.522222
99.295419
101.926893
105.722948
108.082177
111.082630
113.720136
116.353878
118.668526
121.170431
123.466531
125.578367
127.795782
130.104490
132.295873
136.009252
138.151746
140.362404
142.322993
144.458277
146.600748
148.705306
150.831610
152.927030
154.979184
156.981338
158.975918
161.003265
163.018503
165.002857
166.997687
169.034943
171.076825
173.177120
175.237007
177.509955
179.673968
181.766485
183.699365
185.780340
187.873333
189.988889
192.319796
194.443809
196.525079
198.569206
200.563016
202.687302
204.701995
206.727755
208.702630
210.789206
212.838481
214.702857
216.778912
218.911293
221.387619
223.462903
225.690748
228.049524
231.340635
233.846032
236.529229
239.113991
242.624376
245.003356
247.706916
250.418141
253.128889
255.246122
257.672109
259.891837
261.928844
264.120544
266.233333
268.308707
271.974354
274.089796
276.205306
278.236803
280.396848
282.412109
284.524898
286.652426
288.944490
290.960272
292.912653
294.838571
296.819410
299.009297
301.067188
303.245079
305.359592
307.385714
309.434875
311.729070
313.541633
315.498231
317.415238
319.325624
321.365442
323.512653
325.669887
327.819864
329.934014
331.957143
334.091429
336.172245
338.203764
340.261315
342.260816
344.246825
346.237256
348.254467
350.300408
352.283129
354.323265
356.308571
358.273878
360.322721
362.286871
364.206757
366.231723
368.179320
370.134127
372.143220
374.428299
376.744422
379.551871
381.692063
383.827596
385.984354
388.041270
390.015533
392.118889
394.039592
396.140816
398.217234
400.234376
402.484490
404.791020
407.025170
409.209002
411.467438
413.750612
416.018503
418.376440
420.564921
422.745397
424.997075
426.974059
429.049229
431.398980
433.425578
435.559683
437.720000
439.806667
441.941224
444.098050
446.226395
448.408254
450.393696
452.406667
454.548254
456.711859
458.678503
460.713356
462.758367
464.989615
467.016893
469.210204
471.400499
474.902562
477.405850
480.106009
482.581596
486.322472
488.590658
490.772653
492.933968
495.070862
497.126349
499.199728
501.374441
505.371497
508.380499
511.153447
513.746825
516.282948
519.741587
521.862222
523.781270
525.724399
527.615510
530.056780
533.279524
