1.231837
3.131111
5.304580
7.480000
9.629932
11.809433
13.925079
16.055147
18.061270
20.021859
22.008254
23.990113
25.987982
27.909206
29.920000
31.978912
34.248571
36.403810
39.057506
41.176054
43.465306
45.600544
47.827619
50.130340
52.204036
54.450204
56.584082
58.722449
60.903946
62.973651
65.066122
67.160408
69.169524
71.231610
73.376236
75.701905
77.703039
79.947483
82.026395
84.499184
86.612290
89.114286
91.693061
96.228526
99.182222
102.135419
105.086893
108.988844
111.602177
114.522630
117.600136
121.233878
123.848526
126.510431
129.306531
131.778367
134.171565
136.793469
139.515873
143.349252
145.931746
148.342404
150.522993
153.078277
155.280748
157.445306
159.703220
161.907030
163.939184
165.981338
167.937959
169.923265
171.898503
173.902857
175.817687
177.834943
179.856825
182.157120
184.337007
186.789864
189.113968
191.406485
193.519365
195.680340
197.893333
199.988889
202.119592
204.263809
206.385079
208.529206
210.583016
212.667302
214.721995
216.767755
218.802630
220.949206
223.298481
225.282857
227.498912
229.531293
232.027619
234.142902
236.590748
239.209524
244.100635
246.946032
249.909229
252.953991
256.824376
259.363356
262.326916
265.338141
268.957778
271.666122
274.452109
277.095918
279.610340
282.350272
284.853333
287.537415
291.383061
293.849796
296.025306
298.396803
300.796848
302.992109
305.184898
307.332426
309.524490
311.600272
313.712653
315.817143
318.199410
320.549297
322.927188
325.025079
327.219592
329.205714
331.374875
333.509070
335.583265
337.718231
339.855238
341.945624
344.165442
346.252653
348.409887
350.639864
352.734014
354.817143
356.915714
359.126122
361.154588
363.221315
365.240816
367.246825
369.317256
371.674467
373.800408
375.943129
378.003265
380.148571
382.233878
384.282721
386.326871
388.386757
390.543447
392.679320
394.814127
396.983220
399.748299
402.384422
405.783741
407.952063
410.127596
412.224354
414.301270
416.355533
418.378889
420.439592
422.500816
424.557234
426.614376
428.924490
430.971020
433.105170
435.269002
437.507438
439.610612
441.858503
444.236440
446.584921
448.785397
450.957075
453.154059
455.269229
457.478980
459.525578
461.659683
463.760000
465.766667
467.861224
469.958050
472.026395
474.048254
476.013696
478.006667
480.128254
482.551859
484.618503
486.873356
488.918367
491.369615
493.576893
496.160408
498.860499
504.202562
507.185850
510.186009
513.027982
517.342472
519.890658
522.252653
524.527937
526.730862
528.906349
531.099456
533.580218
538.811497
541.960998
544.913447
547.746825
550.811474
554.521587
556.462222
558.361270
560.324399
562.235510
564.688390
567.359524
