1.036871
2.851111
5.049161
7.180000
9.449932
11.709433
13.805079
15.895147
18.181270
20.381859
22.548254
24.770113
26.947982
29.129206
31.260000
33.438912
35.548571
37.863810
40.057506
42.216054
44.826531
46.980544
49.247619
51.350340
53.564036
55.810204
57.964082
60.122449
62.323946
64.513651
66.726122
68.920408
71.104762
73.311610
75.588118
77.781905
79.943039
82.147483
84.386395
86.459184
88.572290
91.034286
93.333061
96.288526
98.922222
101.755420
104.406893
108.028844
110.482177
113.702630
116.620136
119.443469
121.808526
124.450431
126.866531
128.995102
131.427891
133.724490
136.175873
139.829252
142.103492
144.242404
146.522993
148.798277
150.900748
152.965306
155.091610
157.227030
159.319184
161.501338
163.717959
165.863265
168.018503
170.142857
172.337687
174.474943
176.676825
178.837120
181.077007
183.249955
185.513968
187.812971
189.939365
192.140340
194.213333
196.408889
198.599592
200.803809
202.945079
205.109206
207.323016
209.527302
211.681995
213.827755
216.062630
218.349206
220.578481
222.742857
225.058912
227.211293
229.487619
231.562903
233.930748
236.209524
239.040635
241.626032
244.149229
246.653991
250.244376
252.683356
255.586916
258.438141
261.058413
263.346122
266.012109
268.215918
270.488844
272.830272
275.093333
277.437415
280.963061
283.249796
285.425306
287.676803
289.876848
292.092109
294.404898
296.492426
298.744490
300.940272
303.172653
305.417143
307.699410
310.249297
312.507188
314.870476
317.559592
319.865714
322.014875
324.149070
326.361633
328.558231
330.715238
332.825624
334.965442
337.272653
339.509887
341.779864
343.834014
346.057143
348.231429
350.426122
352.623764
354.781315
356.980816
359.146825
361.377256
363.574467
365.640408
367.743129
369.823265
371.968571
374.093878
376.262721
378.406871
380.526757
382.663447
384.719320
386.734127
388.716322
390.948299
393.044422
395.303742
397.532063
399.687596
401.884354
404.001270
406.115533
408.218889
410.379592
412.640816
414.897234
417.054376
419.364490
421.591020
423.785170
425.969002
428.247438
430.450612
432.937505
435.156440
437.464921
439.765397
441.997075
444.114059
446.229229
448.438980
450.525578
452.579682
454.760000
456.833333
458.981224
461.138050
463.286395
465.464127
467.641088
469.766667
472.088254
474.371859
476.618503
478.833356
480.918367
483.309615
485.536893
487.810204
489.940499
493.362562
496.325850
499.186009
501.967982
505.131236
507.290658
509.592653
511.813968
513.970862
516.226349
518.459456
520.661088
524.491497
527.160499
529.633447
532.366825
535.011474
538.161587
540.262222
542.361270
544.544399
546.715510
549.568390
552.659524
