0.910612
2.751111
4.824580
6.840000
8.989932
11.109433
13.285079
15.255147
17.401270
19.401859
21.448254
23.550113
25.647982
27.649206
29.700000
31.718912
33.828571
35.883810
38.037506
40.356054
42.345306
44.420544
46.547619
48.680680
50.804036
53.010204
55.064082
57.182449
59.263946
61.353651
63.526122
65.720408
67.844762
70.031610
72.208118
74.381905
76.403039
78.607483
80.746395
82.879184
84.952290
87.534286
89.953061
94.268526
96.900556
99.535420
102.086893
105.348844
107.862177
110.722630
113.640136
116.433878
118.648526
121.250431
123.706531
126.018367
128.267891
130.744490
133.155873
137.769252
140.271746
142.522404
144.642993
146.918277
149.080748
151.225306
153.371610
155.474059
157.579184
159.761338
161.837959
163.923265
166.058503
168.122857
170.197687
172.314943
174.376825
176.517120
178.577007
180.689955
183.033968
184.986485
187.039365
189.220340
191.366667
193.508889
195.759864
197.923809
200.025079
202.069206
204.243016
206.467302
208.641995
210.807755
213.002630
215.289206
217.418481
219.462857
221.698912
223.831293
226.107619
228.322902
230.970748
233.289524
237.840317
241.006032
243.349229
246.073991
249.618698
252.123356
255.066916
257.978141
260.877778
263.146122
265.812109
268.231837
270.548844
272.910272
275.313333
277.717415
281.906122
284.649796
286.965306
289.176803
291.536848
293.752109
295.864898
298.204853
300.424490
302.460272
304.692653
306.757143
309.059410
311.489297
313.767188
316.045079
318.279592
320.445714
322.634875
324.829070
327.021633
329.218231
331.455238
333.685624
335.905442
338.152653
340.449887
342.739864
344.874014
346.937143
349.191429
351.406122
353.583764
355.661315
357.780816
359.886825
362.057256
364.194467
366.380408
368.503129
370.663265
372.788571
374.913878
377.062721
379.186871
381.266757
383.443447
385.539320
387.614127
389.823220
392.348299
394.664422
397.363742
399.472063
401.547596
403.644354
405.761270
407.851066
409.958889
411.959592
414.080816
416.237234
418.374376
420.504490
422.571020
424.665170
426.849002
428.967438
431.170612
433.339501
435.532880
437.704921
439.925397
442.117075
444.194059
446.489229
448.778980
450.765578
452.899682
454.960000
456.966667
459.001224
461.138050
463.266395
465.428254
467.553696
469.626667
471.728254
473.971859
476.058503
478.333356
480.458367
482.749615
484.896893
487.310204
489.540499
494.002562
496.525850
499.223005
501.547982
504.902472
507.130658
509.312653
511.473968
513.630862
515.746349
517.919728
520.096318
525.551497
528.000499
530.473447
532.866825
535.351474
538.681587
540.684444
542.621270
544.604399
546.655510
548.908390
551.699524
