0.991837
2.451111
4.429161
6.460000
8.649932
10.789433
12.905079
14.995147
17.061270
19.101859
21.148254
23.190113
25.187982
27.209206
29.220000
31.238912
33.428571
35.683810
38.017506
40.276054
42.305306
44.440544
46.647619
48.870340
51.084036
53.390204
55.624082
57.802449
60.063946
62.213651
64.466122
66.600408
68.824762
70.991610
73.108118
75.221905
76.863039
77.567483
77.589436
77.598809
78.272290
79.739475
79.872131
80.076175
80.322222
81.130948
81.606893
82.199665
82.638818
83.962630
84.660136
84.767061
84.772306
84.777470
84.960026
84.967383
84.975293
85.104490
85.465096
85.603510
85.608277
85.612624
85.616752
86.203046
86.341456
86.343415
86.345435
86.347445
86.349371
86.351367
86.353338
86.355317
86.357247
86.359165
86.368941
86.418989
86.429780
86.439883
86.450831
86.488063
86.518963
87.346975
87.407926
88.700340
89.048333
89.076456
89.659592
89.928381
90.065079
90.220305
90.223897
90.227581
90.231211
90.234717
90.238203
90.268892
90.318481
90.329679
90.398912
90.659006
90.835986
90.983778
90.994104
91.929524
96.320635
99.306032
102.429229
105.333991
108.964376
111.843356
115.106916
118.278141
121.617778
124.386122
127.412109
130.195918
132.755374
135.270272
137.806667
141.137415
145.043061
147.589388
150.005306
152.336803
155.056848
157.492109
159.784898
161.852426
164.144490
166.300272
168.412653
170.537143
172.879410
175.309297
177.727188
180.065079
182.399592
184.625714
186.854875
189.089070
191.301633
193.478231
195.575238
197.765624
200.241769
202.412653
204.589887
206.559864
208.754014
210.857143
212.991429
215.446122
217.563764
219.701315
221.820816
223.873651
225.997256
228.214467
230.380408
232.583129
234.703265
236.748571
238.813878
240.942721
243.006871
245.026757
247.163447
249.159320
251.254127
253.303220
255.668299
257.552211
260.903741
263.212063
265.307596
267.384354
269.461270
271.455533
273.578889
275.639592
277.780816
279.897234
282.014376
284.344490
286.551020
288.825170
291.009002
293.287438
295.590612
297.978004
300.636440
302.604921
304.765397
306.917075
309.134059
311.269229
313.538980
315.685578
317.939683
320.200000
322.406667
324.661225
326.878050
329.145578
331.388254
333.633696
335.746667
338.008254
340.231859
342.458503
344.773356
346.942040
349.269614
351.516893
353.970204
356.360499
361.182562
364.265850
367.352018
370.307982
373.962472
376.390658
378.792653
381.333968
383.630862
386.006349
388.459728
391.181088
396.431497
399.300499
402.253447
405.066825
408.431474
412.681587
414.802222
416.701270
418.644399
420.535510
422.748390
424.569921
