0.371837
2.551111
4.424580
6.480000
8.689932
10.729433
12.805079
14.875147
16.901270
19.041859
21.168254
23.190113
25.207982
27.229206
29.140000
31.118912
33.148571
35.183810
37.337506
39.516054
41.505306
43.640544
45.767619
47.870340
49.964036
52.150204
54.284082
56.320816
58.503946
60.613651
62.806122
64.980408
67.244762
69.451610
71.712472
74.001905
76.123039
78.387483
80.506395
82.519184
84.712290
87.014286
89.273061
92.677705
95.622222
98.455419
101.046893
104.488844
106.982177
109.822630
112.620136
116.353878
118.268526
120.770431
123.266122
125.498367
128.027891
130.504490
133.075873
136.489252
139.031746
141.262404
143.402993
145.738277
147.760748
149.885306
151.931610
154.147030
156.219184
158.281338
160.457959
162.583265
164.598503
166.602857
168.657687
170.554943
172.536825
174.577120
176.597007
178.729955
180.913968
182.926485
184.939365
187.060340
189.173333
191.288889
193.499592
195.663809
197.692540
199.909206
202.043016
204.247302
206.381995
208.647755
210.862630
213.129206
215.378481
217.502857
219.838912
221.851293
223.907619
226.102902
228.405374
230.569524
233.980635
236.966032
239.769229
242.513991
245.744376
248.303356
251.066916
253.878141
257.177778
259.386122
261.992109
264.295918
266.448844
268.961088
271.453333
274.097415
277.663061
280.089796
282.285306
284.496803
286.876848
288.952109
291.204898
293.352426
295.684490
297.720272
299.892653
302.017143
304.339410
306.869297
309.367188
311.665079
314.039592
316.285714
318.574875
320.809070
323.041633
325.198231
327.515238
329.745624
332.045442
334.272653
336.549887
338.819864
341.048027
343.117143
345.491429
347.726122
349.943764
352.201315
354.360816
356.526825
358.737256
361.094467
363.280408
365.403129
367.503265
369.628571
371.773878
373.942721
376.066871
378.186757
380.483447
382.479320
384.637064
386.783220
389.288299
391.564422
394.103742
396.332063
398.287596
400.304354
402.421270
404.415533
406.498889
408.599592
410.740816
412.877234
414.954376
417.104490
419.231020
421.325170
423.569002
425.807438
428.010612
430.179501
432.376440
434.624921
436.905397
439.137075
441.274059
443.529229
445.678980
447.785578
449.859683
452.060000
454.226667
456.481224
458.718050
460.966395
463.208254
465.353696
467.486667
469.768254
472.071859
474.238503
476.473356
478.458367
480.809615
482.996893
485.270204
487.500499
491.682562
494.465850
497.646009
500.587982
504.341847
506.250658
508.612653
510.893968
513.272585
515.606349
517.839728
520.321088
526.291497
528.820499
531.733447
534.526825
537.511474
541.101587
543.222222
545.321270
547.444399
549.515510
551.728390
554.259524
