3.111837
4.991111
7.038322
9.060000
11.149932
13.169433
15.185079
17.155147
19.181270
21.081859
23.048254
25.030113
27.027982
29.009206
31.000000
32.998912
35.048571
37.223810
39.817506
42.016054
44.085306
46.100544
48.287619
50.410340
52.444036
54.530204
56.564082
58.682449
60.843946
62.913651
65.046122
67.100408
69.164762
71.171610
73.268118
75.321905
77.443039
79.667483
79.958866
80.858678
80.998289
81.848397
81.893061
84.098853
84.413687
84.446364
84.454569
84.495026
84.549102
84.797035
85.349581
85.508733
85.518898
85.556130
85.837425
86.008338
86.184262
86.190163
86.196704
86.549252
86.591933
86.642639
86.650928
86.660406
86.701251
86.703525
86.705870
86.708203
86.710439
86.712756
86.715044
86.717342
86.719582
87.382857
88.120033
88.123701
88.127267
88.130941
88.134540
88.138163
88.353373
88.401643
88.414529
88.465885
88.480489
88.490727
88.879592
89.981348
90.128135
90.724868
90.783323
90.924146
91.185857
91.328247
91.340804
91.481384
92.538481
92.633832
92.819456
92.890931
93.587619
95.295878
95.383765
95.389815
95.472127
96.906032
99.589229
102.913991
107.324376
110.043356
113.566916
116.938141
120.657778
123.246122
125.992109
128.695918
131.108844
133.590272
136.166667
139.477415
144.203061
146.529796
148.588435
150.658401
152.876848
154.790703
156.884898
158.912426
161.004490
162.960272
165.052653
167.077143
169.239410
171.409297
173.467188
175.685079
177.739592
179.945714
182.174875
184.209070
186.241633
188.278231
190.235238
192.245624
194.265442
196.412653
198.569887
200.819864
202.834014
204.757143
206.831429
208.906122
210.883764
212.841315
214.740816
216.666825
218.597256
220.554467
222.460408
224.403129
226.363265
228.308571
230.213878
232.142721
234.066871
235.966757
238.023447
239.939320
241.994127
244.083220
246.328299
248.524422
251.663741
253.692063
255.667596
257.604354
259.541270
261.495533
263.498889
265.399592
267.380816
269.417234
271.474376
273.664490
275.731020
277.865170
280.029002
282.214875
284.290612
286.516508
288.656440
290.769841
292.905397
295.037075
297.094059
299.149229
301.378980
303.365578
305.379683
307.520000
309.586667
311.681224
313.758050
315.906395
318.008254
320.013696
322.026667
324.068254
326.211859
328.318503
330.473356
332.538367
334.769614
336.936893
339.150204
341.340499
345.262562
348.005850
351.146009
354.647982
359.062472
361.810658
364.692653
367.533968
370.312585
373.066349
375.879728
378.701088
384.511497
387.383492
390.973447
394.346825
397.771474
401.621587
403.402222
405.281270
407.264399
409.235510
411.568390
414.499524
