0.611837
2.591111
4.884580
7.060000
9.289932
11.489433
13.730476
15.895147
18.101270
20.263719
22.408254
24.610113
26.747982
28.949206
31.120000
33.338912
35.608571
37.903810
40.417506
43.176054
45.290612
47.680544
49.847619
52.190340
54.544036
56.910204
57.537670
57.696803
58.307982
59.113651
59.726122
59.928197
59.982602
60.098908
60.171064
60.341905
60.510300
60.747483
61.262746
61.326531
61.692290
63.634286
65.219102
65.968526
66.403704
66.453451
66.837284
68.228844
69.702177
69.819253
70.800136
71.455388
71.589788
71.984573
72.066531
72.458367
74.147891
74.764490
74.976907
78.289252
79.171746
80.603577
81.542993
82.818277
83.074340
83.440021
83.448192
83.456319
83.481840
83.485527
83.489168
83.492824
83.496388
83.499932
84.019945
84.023895
84.027686
84.031592
84.035418
84.039270
84.049425
84.106485
84.144760
84.149775
84.154820
84.159722
84.979592
85.243582
85.252283
85.386151
86.183016
87.124929
88.101995
88.306043
88.462630
89.369206
90.318481
92.462857
93.898912
94.011073
94.077687
94.682903
95.770748
98.769524
103.180635
106.186032
109.309229
112.453991
116.584376
119.463356
122.646916
126.058141
130.397778
133.386122
136.872109
139.955918
142.928843
146.170272
148.973333
152.317415
157.023061
159.549796
162.065306
164.556803
167.036848
169.392109
171.764898
174.097279
176.424490
178.680272
180.972653
183.277143
185.699410
188.649297
191.287188
194.165079
196.639592
199.205714
201.634875
203.929070
206.201633
208.478231
210.815238
212.925624
215.185442
217.332653
219.589887
222.099864
224.654014
226.917143
229.391429
232.018367
234.343764
236.601315
238.820816
241.006825
243.297256
245.554467
247.880408
250.123129
252.343265
254.588571
256.813878
259.102721
261.346871
263.466757
265.703447
268.019320
270.374127
272.683220
275.268299
277.564422
280.263741
282.732063
284.947596
287.244354
289.541270
291.715533
293.918889
296.119592
298.440816
300.777234
302.994376
305.264490
307.511020
309.765170
312.029002
314.387438
316.790612
319.199501
321.836440
324.294762
326.665397
329.074150
331.434059
333.849229
336.198980
338.285578
340.539683
342.780000
345.086667
347.481224
349.758050
352.152789
354.428254
356.813696
358.986667
361.368254
363.831859
366.538503
368.793356
371.238367
374.209614
376.796893
379.850204
382.880499
387.862562
391.025850
394.346009
397.867982
401.922472
404.530658
406.932653
409.313968
411.752585
414.086349
416.459728
419.461088
429.991497
434.820499
437.693447
440.846825
445.451474
450.141587
452.422222
454.581270
456.844399
459.055510
461.548390
464.279524
