0.511837
2.571111
4.844580
7.000000
9.309932
11.549433
13.985079
16.155147
18.441270
20.621859
22.848254
25.010113
27.167982
29.349206
31.560000
33.698912
35.948571
38.123810
40.697506
43.316054
45.421224
47.660544
50.247619
52.470340
54.824036
57.470204
59.764082
61.982449
64.323946
66.573651
68.946122
71.320408
73.634286
75.991610
78.348118
80.641905
82.943039
85.427483
87.906395
90.337551
93.052290
95.814286
98.653061
102.828526
106.602222
109.795419
113.446893
117.948844
121.322177
124.782630
128.480136
132.313878
135.548526
138.730431
142.146122
145.118367
148.243674
151.144490
154.275873
157.929252
160.631746
163.062404
165.382993
167.838277
170.000748
172.265306
174.471610
176.687030
178.919184
181.201338
183.377959
185.643265
187.858503
190.062857
192.277687
194.494943
196.676825
198.997120
201.297007
203.949955
206.533968
208.779456
210.979365
213.520340
215.713333
218.068889
220.659592
223.043809
225.405079
227.729206
230.003016
232.367302
234.681995
237.075510
239.362630
241.669206
244.018481
246.402857
248.858912
251.271293
253.687619
256.402902
259.142993
261.929524
266.080635
269.886032
273.369229
277.053991
281.864376
285.343356
288.666916
292.558141
296.277778
299.546122
302.592109
305.955918
308.728844
311.850272
314.713333
317.837415
321.443061
324.209388
326.725306
329.216803
331.996848
334.292109
336.784898
339.072426
341.704490
343.940272
346.292653
348.577143
351.139410
353.729297
356.227188
358.705079
361.279592
363.545714
365.994875
368.489070
370.841633
373.178231
375.735238
378.145624
380.625442
383.032653
385.369887
387.799864
390.074014
392.317143
394.571429
396.806122
399.083764
401.301315
403.500816
405.766825
408.017256
410.194467
412.420408
414.663129
416.823265
419.028571
421.193878
423.362721
425.486871
427.626757
429.823447
431.939320
434.214127
436.483220
438.888299
441.324422
444.003741
446.192063
448.467596
450.664354
452.943809
455.135533
457.358889
459.519592
461.740816
464.057234
466.274376
468.564490
470.931020
473.225170
475.609002
477.967438
480.190612
482.498503
484.716440
487.019682
489.250794
491.537075
493.894059
496.129229
498.718980
500.945578
503.339682
505.720000
507.966667
510.301224
512.558050
515.026395
517.348254
519.633696
521.946667
524.188254
526.651859
529.038503
531.493356
533.915102
536.549614
539.136893
541.850204
544.500499
548.982562
552.405850
556.486009
559.747982
563.942472
566.350658
568.772653
571.153968
573.570862
576.026349
578.479728
581.381088
587.151497
591.640499
595.153447
598.606825
602.151474
606.521587
608.602222
610.621270
612.684399
614.691020
616.908390
619.159524
