1.290367
3.231111
5.124580
7.040000
9.089932
11.009433
12.985079
14.915147
16.901270
18.901859
20.868254
22.765057
24.667982
26.589206
28.540000
30.578912
32.648571
34.583810
36.797506
38.936054
40.985306
42.933515
45.067619
47.070340
49.104036
51.210204
53.264082
55.262449
57.323946
59.473651
61.546122
63.640408
65.624762
67.651610
69.748118
72.021905
74.163039
76.207483
78.306395
80.639184
82.932290
85.334286
87.613061
91.308526
94.282222
96.875419
99.286893
102.599344
105.082177
107.902630
110.412027
113.533878
116.114104
118.770431
121.626531
124.198367
126.527891
128.837959
131.315873
135.189252
137.551746
139.742404
141.922993
144.258277
146.440748
148.505306
150.471610
152.487030
154.419184
156.421338
158.437959
160.423265
162.298503
164.182857
166.097687
168.034943
170.116825
172.237120
174.277007
176.429955
178.713968
180.719456
182.659365
184.740340
186.813333
188.908889
191.039796
193.103809
195.225079
197.309206
199.443016
201.507302
203.521996
205.567755
207.622630
209.729206
211.898481
213.882857
216.018912
218.151293
220.407619
222.582903
225.070748
227.409524
231.060635
234.006032
236.449229
238.793991
242.209489
244.216668
247.133458
249.818141
253.197778
255.666122
258.492109
261.235918
263.788843
266.160544
268.553333
270.777415
274.763061
277.169796
279.325306
281.516803
283.956848
286.132109
288.204898
290.352426
292.544490
294.600272
296.692653
298.857143
301.079410
303.549297
306.207188
308.625079
310.959592
313.305714
315.354875
317.529070
319.768163
321.838231
323.895238
325.885624
327.985442
330.252653
332.309887
334.459864
336.454014
338.437143
340.551429
342.826122
344.943764
347.081315
349.180816
351.226825
353.517256
355.714467
357.880408
359.923129
361.923265
363.868571
365.873878
367.851361
369.806871
371.726757
373.803447
375.679320
377.954127
380.083220
382.688299
384.944422
387.743741
389.972063
392.147596
394.064354
396.181270
398.195533
400.178889
402.179592
404.180816
406.157234
408.134376
410.284490
412.251020
414.285170
416.509002
418.567438
420.790612
422.939501
425.136440
427.329841
429.565397
431.774150
434.014059
436.149229
438.457959
440.485578
442.479683
444.580000
446.606667
448.661225
450.718050
452.806395
454.868254
456.893696
458.906667
461.028254
463.451859
465.278503
467.453356
469.558367
471.969614
474.336893
476.650204
479.040499
482.922562
485.705850
488.346009
490.767982
494.122472
495.823553
497.892653
499.913968
502.010862
504.046349
506.219728
508.941088
514.631497
517.680499
520.253447
522.806825
525.771474
529.641587
531.762222
533.681270
535.664399
537.595510
539.668390
542.279524
