1.791837
3.711111
5.804580
7.900000
10.149932
12.369433
14.625079
16.635147
18.681270
20.661859
22.668254
24.710113
26.727982
28.729206
30.720000
32.758912
34.788571
36.843810
38.937506
41.176054
43.450612
45.560544
47.867619
49.950340
52.064036
54.190204
56.304082
58.362449
60.543946
62.673651
64.846122
67.000408
69.144762
71.331610
73.528118
75.781905
77.923039
80.267483
82.426395
84.899184
86.972290
89.494286
91.973061
95.748526
98.922222
101.535420
103.886893
107.348844
110.062177
112.842630
115.440136
118.653878
121.588526
124.190431
126.846531
129.478367
131.927891
134.504490
137.195873
140.869252
143.271746
145.542404
147.602993
149.858277
152.100748
154.345306
156.611610
158.867030
160.939184
163.021338
165.017959
167.083265
169.138503
171.162857
173.197687
175.194943
177.256825
179.337120
181.477007
183.789955
186.053968
188.252971
190.339365
192.600340
194.913333
197.068889
199.239592
201.403809
203.465079
205.649206
207.823016
210.027302
212.221995
214.387755
216.582630
218.869206
221.118481
223.282857
225.618912
227.891293
230.407619
232.542902
235.150748
237.669524
241.500635
244.966032
247.569229
250.113991
253.784376
256.483356
259.346916
262.038141
265.397778
268.146122
270.952109
273.695918
276.004218
278.770272
281.393333
284.057415
287.803061
290.229796
292.361327
294.636803
296.836848
298.972109
301.164898
303.572426
305.864490
307.920272
310.012653
312.077143
314.279410
316.669297
318.927188
321.145079
323.439592
325.605714
327.774875
329.898141
332.001633
334.058231
336.115238
338.165624
340.305442
342.472653
344.589887
346.799864
348.854014
350.877143
353.071429
355.186122
357.243764
359.361315
361.460816
363.546825
365.617256
367.874467
369.920408
371.983129
373.963265
375.988571
378.053878
380.122721
382.186871
384.206757
386.343447
388.419320
390.514127
392.663220
395.008299
396.976766
400.023741
402.292063
404.487596
406.704354
408.961270
411.015533
413.078889
415.119592
417.240816
419.337234
421.434376
423.604490
425.711020
427.805170
429.989002
432.127438
434.330612
436.499501
438.716440
440.844921
442.925397
445.037075
447.114059
449.329229
451.678980
453.705578
455.799683
457.980000
460.106667
462.241224
464.358050
466.526395
468.668254
470.773696
472.866667
475.068254
477.411859
479.618503
481.913356
484.078367
486.529614
488.756893
491.230204
493.580499
497.822562
501.205850
504.006009
506.587982
509.762472
512.090658
514.432653
516.761905
519.030862
521.226349
523.519728
525.781088
531.071497
534.120499
536.573447
538.966825
542.311474
545.941587
547.782222
549.621270
551.464399
553.295510
555.328390
557.839524
