1.551837
5.811111
8.164580
10.280000
12.489932
14.649433
16.925079
18.935147
21.041270
23.041859
25.008254
26.970113
28.947982
30.909206
32.880000
34.898912
36.988571
38.983810
41.277506
43.616054
45.677143
47.980544
50.067619
52.150340
54.184036
56.290204
58.284082
60.344898
62.423946
64.573651
66.746122
68.920408
71.024762
73.131610
75.228118
77.361905
79.543039
81.887483
84.106395
86.299184
88.472290
90.994286
93.413061
97.188526
99.962222
102.515419
105.106893
108.328844
110.822177
113.782630
116.500136
119.333878
121.828526
124.370431
126.966531
129.238367
131.811565
134.344490
136.855873
140.269252
142.711746
145.042404
147.222993
149.678277
151.980748
154.145306
156.291610
158.567030
160.639184
162.801338
164.797959
166.823265
168.858503
170.882857
172.897687
174.909887
176.936825
179.077120
181.117007
183.429955
186.013968
187.872427
189.979365
192.380340
194.393333
196.448889
198.579592
200.623809
202.745079
204.849206
207.063016
209.247302
211.401995
213.507755
215.602630
217.709206
219.838481
221.962857
224.358912
226.531293
228.807619
231.062903
233.410748
235.889524
239.580635
242.546032
245.269229
247.753991
251.024376
253.503356
256.306916
259.118141
261.857778
264.426122
266.872109
269.575918
271.921905
274.481088
276.913333
279.517415
283.043061
285.529796
287.605306
290.096803
292.596848
294.812109
297.264898
299.472426
302.024490
304.020272
306.092653
308.117143
310.319410
312.749297
315.267188
317.665079
319.859592
322.205714
324.554875
326.769070
329.041633
331.178231
333.415238
335.565624
337.725442
339.965306
342.169887
344.379864
346.454014
348.577143
350.651429
352.866122
355.003764
357.121315
359.180816
361.246825
363.297256
365.454467
367.580408
369.663129
371.683265
373.728571
375.773878
377.842721
379.886871
381.946757
384.063447
386.159320
388.274127
390.483220
393.128299
395.484422
397.783741
400.152063
402.367596
404.544354
406.683809
408.875533
411.038889
413.119592
415.280816
417.457234
419.434376
421.604490
423.731020
425.725170
427.869002
430.027438
432.170612
434.399501
436.636440
438.849524
441.105397
443.314150
445.534059
447.749229
449.859660
451.885578
453.919683
456.140000
458.253333
460.421224
462.558050
464.752789
466.908254
468.993696
471.086667
473.248254
475.511859
477.658503
479.953356
482.098367
484.509614
486.696893
489.180408
491.640499
495.702562
498.385850
501.206009
503.847982
507.502124
509.350658
511.552653
513.693968
515.830862
517.946349
520.079728
522.040272
526.131497
528.920499
531.533447
533.886825
537.191474
540.041587
542.002222
543.861270
545.744399
547.575510
549.688390
552.339524
