1.331837
3.351111
5.604580
7.980000
10.329932
12.669433
15.065079
17.295147
19.541270
21.741859
23.928254
26.090113
28.247982
30.329206
32.500000
34.638912
36.848571
39.023810
41.377506
43.896054
46.015918
48.240544
50.467619
52.771020
55.004036
57.430204
59.584082
61.620816
63.843946
65.933651
68.106122
70.240408
72.384762
74.471610
76.568118
78.781905
80.883039
83.227483
85.546395
87.939184
90.172290
92.734286
95.273061
99.268526
102.162222
104.935419
107.858362
111.288844
114.122177
117.182630
120.020136
122.953878
125.468526
128.170431
131.159592
133.718367
136.047891
138.444490
140.775873
144.529252
147.186984
149.782404
151.942993
154.698277
157.080748
159.445306
161.771610
164.114059
166.319184
168.561338
170.757959
172.923265
175.098503
177.202857
179.357687
181.554943
183.716825
185.897120
188.157007
190.569955
192.993968
195.186485
197.279365
199.740340
201.993333
204.288889
206.699592
208.883809
210.985079
213.129206
215.263016
217.427302
219.521996
221.695510
223.822630
225.889206
228.138481
230.362857
232.718912
235.171293
237.507619
239.942903
242.550748
245.069524
249.220635
252.246032
255.329229
257.936995
261.344376
264.243356
267.246916
270.118141
273.077778
275.546122
278.252109
281.215918
283.708844
286.070272
288.453333
290.777415
294.563061
297.069796
299.505306
302.016803
304.876848
307.092109
309.204898
311.944853
314.264490
316.420272
318.632653
320.837143
323.119410
325.469297
327.907188
330.450159
333.303959
335.305714
337.574875
339.789070
341.946531
344.238231
346.495238
348.705624
351.065442
353.452653
355.609887
357.919864
360.074014
362.217143
364.331429
366.506122
368.603764
370.761315
372.880816
374.926825
377.117256
379.374467
381.580408
383.743129
385.863265
387.988571
390.153878
392.262721
394.306871
396.346757
398.483447
400.579320
402.814127
405.143220
407.748299
410.224422
413.783741
416.432063
418.627596
420.804354
423.041270
425.135533
427.318889
429.479592
431.820816
434.137234
436.454376
438.844490
441.051020
443.325170
445.549002
447.807438
450.110612
452.673015
455.156440
457.429841
459.725397
461.997075
464.274059
466.509229
468.998980
471.305578
473.699682
475.920000
478.046667
480.161225
482.338050
484.586395
486.748254
488.853696
490.966667
493.168254
495.551859
497.718503
500.033356
502.238367
504.729615
507.116893
509.690204
512.080499
516.562562
519.545850
522.386009
524.987982
528.422472
530.790658
533.132653
535.513968
537.761723
540.046349
542.299728
544.561088
549.931497
553.341996
556.693447
559.526825
562.791474
567.201587
569.382222
571.321270
573.384399
575.435510
577.788390
580.039524
