1.171837
2.831111
5.024580
7.160000
9.369932
11.629433
13.845079
15.975147
18.061270
20.121859
22.208254
24.280227
26.327982
28.389206
30.440000
32.578912
34.808571
37.103810
39.497506
41.856054
44.125306
46.260544
48.607619
50.850340
53.044036
55.390204
57.544082
59.722449
61.963946
64.193651
66.426122
68.700408
70.904762
73.111610
75.348118
77.581905
79.763039
82.167483
84.392789
86.579184
88.892290
91.394286
93.873061
98.988526
101.862222
104.855419
107.946893
112.628844
115.642177
118.742630
121.980136
125.533878
128.608526
131.550431
134.246531
137.118367
139.467891
142.044490
144.735873
149.509252
152.091746
154.569614
156.802993
159.418277
161.820748
164.025306
166.311610
168.447030
170.579592
172.721338
174.797959
176.963265
179.038503
181.082857
183.137687
185.214943
187.376825
189.637120
191.957007
194.309955
196.773968
199.012971
201.139365
203.380340
205.633333
207.808889
210.079796
212.323809
214.525079
216.789206
218.983016
221.207302
223.421995
225.687755
227.842630
230.069206
232.278481
234.422857
236.778912
238.911293
241.207619
243.442903
245.970748
248.469524
253.660635
256.666032
259.729229
262.793991
267.764376
270.483356
273.826916
277.198141
280.897778
283.586122
286.672109
289.255918
292.228844
294.630272
297.160000
299.857415
304.663061
307.209796
309.585306
311.896803
314.454785
316.972109
319.524898
321.892426
324.324490
326.480272
328.632653
330.677143
332.879410
335.189297
337.687188
339.885079
342.159592
344.325714
346.734875
348.909070
351.161633
353.378231
355.555238
357.665624
359.885442
362.012653
364.149887
366.379864
368.474014
370.577143
372.671429
374.926122
377.083764
379.201315
381.300816
383.386825
385.677256
387.974467
390.180408
392.263129
394.323265
396.428571
398.533878
400.602721
402.666871
404.726757
406.943447
408.959320
411.234127
413.363220
415.928299
418.384422
421.763741
424.132063
426.307596
428.544354
430.761270
432.855533
434.918889
437.019592
439.080816
441.177234
443.294376
445.624490
447.811020
449.965170
452.089002
454.247438
456.390612
458.559501
461.196440
463.174762
465.405397
467.574150
469.714059
471.929229
474.338980
476.365578
478.599683
480.880000
483.106667
485.301224
487.518050
489.786395
492.008254
494.173696
496.306667
498.548254
500.871859
502.978503
505.233356
507.338367
509.669615
511.996893
514.510204
517.021996
521.982562
525.165850
528.526009
531.687982
536.122472
538.390658
540.612653
542.853968
545.030862
547.186349
549.359728
551.921088
557.371497
560.220499
563.613447
566.366825
569.491474
574.001587
576.042222
578.021270
580.064399
582.155510
584.568390
586.739524
