1.091837
2.971111
5.184580
7.220000
9.449932
11.589433
13.805079
15.975147
18.101270
20.201859
22.288254
24.450113
26.507982
28.629206
30.780000
32.878912
35.008571
37.123810
39.517506
42.056054
44.065306
46.200544
48.627619
50.870340
52.964036
55.150204
57.364082
59.462449
61.723946
63.913651
66.106122
67.260408
68.484683
69.331610
69.533440
70.461905
71.703039
72.607483
72.992864
73.487837
73.559921
73.974286
75.828611
77.308526
77.539211
79.188417
79.704580
79.719747
80.402177
80.599414
81.079482
81.199763
81.306377
81.313551
81.320102
81.615465
82.163946
82.384490
82.675873
82.840925
83.272189
83.972682
84.121497
84.460813
84.462938
84.465043
84.467215
84.469375
84.471446
84.473592
84.475711
84.477838
84.479913
86.202857
87.957687
89.294943
90.869206
91.099940
91.106656
91.113368
91.133968
91.209693
91.312494
91.363147
91.368801
91.374295
91.483316
91.571905
91.940954
91.948235
91.955407
91.982533
91.989363
91.995958
92.282630
92.469688
92.518481
92.552757
92.579980
92.630259
92.729524
92.747199
92.755981
93.709524
97.317234
99.986032
102.569229
104.853991
107.984376
110.403356
112.966916
115.678141
118.737778
121.226122
123.852109
126.395918
128.608844
131.230272
133.733333
136.177415
139.823061
142.209796
144.405306
146.716803
149.096848
151.272109
153.424898
155.592426
157.764490
159.940272
162.172653
164.417143
166.719410
169.109297
171.561565
174.095238
176.599592
179.105714
181.514875
183.989070
185.961633
188.118231
190.275238
192.445624
194.665442
196.712653
199.389887
201.639864
204.074014
206.237143
208.531429
210.646122
212.863764
214.961315
217.060816
219.126825
221.217256
223.334467
225.440408
227.623129
229.723265
231.828571
233.944626
235.982721
238.066871
240.126757
242.243447
244.329660
246.794127
249.123220
251.588299
253.964422
256.843741
259.112063
261.327596
263.384354
265.641270
267.715533
269.838889
271.979592
274.080816
276.357234
278.494376
280.584490
282.771020
284.825170
287.049002
289.247438
291.470612
293.539501
295.816440
298.109841
300.345397
302.671224
304.954059
307.209229
309.518980
311.665578
313.859683
316.080000
318.266667
320.561224
322.758050
325.126395
327.408254
329.633696
331.866667
334.188254
336.511859
338.838503
341.213356
343.418367
345.949614
348.256893
350.950204
353.480499
357.502562
360.265850
362.786009
365.227982
368.402472
370.330658
372.772653
375.153968
377.450862
379.926349
382.419728
384.901088
390.131497
393.240499
396.413447
400.026825
403.211474
406.841587
408.922222
410.921270
413.024399
415.095510
417.428390
419.879524
