1.651837
3.711111
5.924580
7.980000
10.169932
12.249433
14.365079
16.475147
18.501270
20.501859
22.668254
24.730113
26.767982
28.789206
30.880000
33.078912
35.208571
37.683810
39.977506
42.476054
44.725306
46.920544
49.087619
51.230340
53.504036
55.770204
57.848163
59.942449
62.131837
64.293651
66.526122
68.720408
70.924762
73.091610
75.308118
77.501905
79.703039
82.087483
84.326395
86.539184
89.132290
91.654286
94.153061
97.728526
100.542222
103.355419
106.316723
110.136065
112.742177
116.162630
119.380136
122.553878
125.008526
127.650431
130.492653
133.298367
135.707891
138.104490
140.615873
144.689252
147.151746
149.702404
151.842993
154.318277
156.680748
158.805306
160.891610
163.047030
165.159184
167.241338
169.257959
171.323265
173.418503
175.502857
177.617687
179.694943
181.916825
184.137120
186.617007
188.909955
191.555873
193.832971
195.959365
198.160680
200.353333
202.668889
205.019592
207.203809
209.370159
211.649206
213.883016
216.127302
218.301996
220.547755
222.722630
224.889206
227.118481
229.302857
231.618912
233.951293
236.227619
238.702902
241.230748
243.709524
247.400635
250.466032
253.229229
256.293991
259.944376
262.643356
265.786916
269.178141
272.497778
275.226122
277.992109
280.787755
283.588843
285.990272
288.380000
290.897415
294.963061
297.669796
299.985306
302.276803
304.756848
306.872109
309.204898
311.372426
313.704490
316.040272
318.352653
320.654286
323.059410
325.669297
328.267188
331.115238
333.799592
336.245714
338.634875
340.889070
343.161633
345.418231
347.735238
350.005624
352.405442
354.832653
357.309887
359.779864
362.254014
364.597143
367.011429
369.426122
371.763764
374.081315
376.320816
378.546825
380.857256
383.434467
385.680408
387.963129
390.103265
392.268571
394.413878
396.562721
398.646871
400.706757
402.883447
404.919320
407.162381
409.223220
411.808299
414.124422
417.663742
420.012063
422.167596
424.224354
426.381270
428.415533
430.478889
432.539184
434.800816
437.157234
439.514376
441.824490
444.091020
446.325170
448.689002
451.167438
453.450612
455.756009
458.232880
460.584921
463.025397
465.457075
467.814059
470.049229
472.518980
474.765578
477.019682
479.260000
481.466667
483.781224
486.118050
488.406395
490.588254
492.733696
495.126667
497.308254
499.531859
501.818503
504.213356
506.518367
509.089614
511.616893
514.170204
516.580499
520.882562
523.645850
526.706009
529.567982
533.662472
536.030658
538.352653
540.713968
542.910862
545.146349
547.379728
549.615468
554.391497
557.240499
560.693447
563.666825
566.635737
570.121587
572.282222
574.281270
576.304399
578.255510
580.188390
583.459524
