1.111837
2.891111
5.004580
7.200000
9.449932
11.589433
13.865079
15.955147
18.161270
20.161859
22.288254
24.370113
26.427982
28.509206
30.520000
32.678912
34.828571
37.163810
39.377506
41.732109
43.845306
45.900544
48.087619
50.330340
52.524036
54.750204
56.944082
59.162449
61.363946
63.553651
65.706122
67.860408
70.049524
72.171610
74.428118
76.701905
78.983039
81.187483
83.586395
85.999184
88.312290
91.254286
94.033061
98.008526
101.002222
104.095419
106.686893
110.628844
113.382177
116.642630
119.340136
123.313878
125.828526
128.890431
131.406531
134.038367
136.567891
138.944490
141.415873
144.849252
147.411746
149.822404
152.122993
154.698277
157.000748
159.225306
161.511610
163.807030
165.939184
168.061338
170.117959
172.243265
174.358503
176.382857
178.437687
180.514943
182.676825
184.857120
187.177007
189.469955
191.813968
193.912971
196.059365
198.200340
200.393333
202.568889
204.739592
206.943809
209.145079
211.349206
213.463016
215.607302
217.741996
219.863265
221.922630
224.089206
226.238481
228.362857
230.578912
232.845170
235.427619
237.542902
240.490748
243.149524
247.100635
250.226032
253.449229
256.213991
260.144376
262.903356
266.086916
269.138141
273.097778
275.686122
278.916326
281.435918
284.068844
286.530272
288.813333
291.217415
294.843061
297.129796
299.425306
301.736803
304.096848
306.312109
308.464898
310.772426
313.184490
315.180272
317.352653
319.477143
321.619410
323.822324
325.967188
328.325079
330.679592
332.951429
335.294875
337.498141
339.741633
342.038231
344.435238
346.725624
349.065442
351.412653
353.729887
356.059864
358.174014
360.297143
362.491429
364.506122
366.523764
368.481315
370.400816
372.346825
374.377256
376.474467
378.440408
380.423129
382.383265
384.328571
386.253878
388.162721
390.046871
391.986757
394.023447
395.919320
397.994127
400.143220
402.728299
405.104422
408.323741
410.632063
412.807596
415.024354
417.281270
419.355533
421.478889
423.579592
425.680816
427.957234
430.014376
432.184490
434.271020
436.405170
438.549002
440.707438
442.870612
444.999501
447.376440
449.404921
451.585397
453.817075
455.874059
457.889229
459.998980
462.025578
463.999683
466.140000
468.226667
470.421224
472.598050
474.846395
477.008254
479.193696
481.346667
483.548254
485.911859
488.098503
490.313356
492.638367
495.029614
497.616893
500.550204
503.240499
507.122562
510.145850
513.726009
516.627982
520.682472
523.310658
526.052653
528.753968
531.536032
534.006349
536.639728
539.220363
543.951497
547.780499
551.053447
554.926825
558.491474
562.481587
564.742222
566.721270
568.704399
570.695510
573.408390
576.239524
