1.420000
3.291111
5.304580
7.320000
9.509932
11.549433
13.745079
15.755147
17.861270
19.981859
22.128254
24.270113
26.347982
28.409206
30.520000
32.618912
34.708571
36.863810
39.337506
41.556054
43.630612
45.740544
48.107619
50.270340
52.484036
54.830204
56.984082
59.082449
61.243946
63.413651
65.626122
67.800408
70.064762
72.271610
74.488118
76.641905
78.743039
81.047483
83.266395
85.519184
87.792290
90.194286
92.613061
96.708526
99.282222
101.935419
104.580000
108.288844
110.862177
113.922630
116.460136
119.593878
121.828526
124.410431
126.726531
128.978367
131.227891
133.484490
135.895873
139.789252
142.451746
144.782404
146.942993
149.558277
151.800748
154.085306
156.251610
158.487030
160.579184
162.781338
164.877959
167.023265
169.118503
171.162857
173.353061
175.394943
177.496825
179.637120
181.817007
184.309955
186.553968
188.666485
190.759365
193.080340
195.313333
197.528889
199.859592
202.003809
204.125079
206.269206
208.323016
210.647302
212.861996
215.087755
217.342630
219.489206
221.718481
223.782857
226.038912
228.331293
230.767619
232.882903
235.330748
237.849524
242.400635
245.226032
247.889229
250.260000
254.104376
256.703356
259.826916
262.378141
265.457778
267.601224
270.372109
272.615918
274.848843
277.090272
279.313333
281.677415
285.403061
287.929796
290.165306
292.456803
295.076848
297.192109
299.404898
301.692426
303.904490
305.940272
308.052653
310.157143
312.299410
314.509297
316.767188
319.105079
321.379592
323.445714
325.674875
327.569070
329.761633
331.838231
334.075238
336.165624
338.376327
340.512653
342.429887
344.659864
347.094014
349.197143
351.371429
353.526122
355.683764
357.801315
359.880816
361.986825
364.117256
366.314467
368.500408
370.663129
372.843265
374.868571
376.993878
379.062721
381.146871
383.226757
385.483447
387.699320
389.934127
392.103220
394.868299
397.324422
400.503741
402.832063
405.007596
407.044354
409.241270
411.375533
413.418889
415.679592
417.780816
419.997234
422.194376
424.664490
426.913061
429.125170
431.409002
433.727438
435.990612
438.399501
440.676440
442.964921
445.305397
447.591224
449.654059
451.909229
454.158980
456.265578
458.439683
460.640000
462.786667
464.940000
467.098050
469.266395
471.428254
473.633696
475.806667
477.988254
480.271859
482.418503
484.673356
486.758367
489.229615
491.536893
493.990204
496.400499
501.102562
503.625850
506.426009
509.047982
512.962472
515.070658
517.312653
519.433968
521.610862
523.726349
525.939728
528.401088
534.011497
536.980499
539.373447
541.946825
544.651474
547.461587
549.542222
551.541270
553.744399
555.815510
558.128390
560.939524
