13.256735
25.771111
27.924580
29.900000
32.129932
34.209433
36.385079
38.395147
40.461270
42.481859
44.588254
46.590113
48.567982
50.629206
52.620000
54.778912
56.868571
58.963810
61.397506
63.916054
66.145306
68.300544
70.727619
73.050340
75.204036
77.490204
79.804082
82.122449
84.523946
86.813651
89.126122
91.320408
93.604762
95.951610
98.308118
100.861905
103.063039
105.487483
107.771973
110.219184
112.412290
114.714286
116.993061
120.288526
123.222222
126.075419
128.906893
132.408844
135.022177
138.042630
140.900136
144.393878
147.388526
150.050431
152.706531
155.038367
157.447891
159.984490
162.575873
166.489252
169.131746
171.442404
173.722993
176.178277
178.300748
180.465306
182.571610
184.667030
186.759184
188.781338
190.797959
192.923265
194.918503
197.002857
199.117687
201.154943
203.416825
205.517120
207.757007
210.269955
212.753968
214.886485
217.039365
219.460340
221.913333
224.148889
226.499592
228.883809
231.185079
233.609206
235.823016
238.207302
240.381995
242.627755
244.842630
247.249206
249.678481
251.742857
254.098912
256.271292
258.627619
260.662903
263.090748
265.469524
268.880635
271.786032
274.489229
277.233991
280.504376
283.183356
286.026916
288.918141
292.777778
295.226122
297.972109
300.615918
302.908843
305.490272
308.013333
310.637415
314.723061
317.349796
319.685306
322.076803
324.596848
326.792109
329.004898
331.252426
333.424490
335.520272
337.692653
339.877143
342.119410
344.409297
346.747188
349.185079
351.619592
354.145714
356.573878
358.749070
361.321633
363.438231
365.795238
367.965624
370.145442
372.272653
374.409887
376.659864
379.194014
381.397143
383.511429
385.606122
387.863764
389.921315
392.040816
394.066825
396.197256
398.374467
400.500408
402.783129
404.903265
406.988571
409.113878
411.182721
413.246871
415.346757
417.543447
419.599320
421.614127
423.603220
425.828299
428.064422
430.543742
432.692063
434.847596
436.924354
439.061270
441.075533
443.158889
445.219592
447.320816
449.397234
451.594376
453.704490
455.731020
457.765170
459.949002
462.127438
464.270612
466.419501
468.556440
470.784921
472.945397
475.271224
477.514059
479.676916
481.938980
483.985578
486.219683
488.460000
490.666667
492.901224
495.198050
497.546395
499.968254
502.153696
504.386667
506.768254
509.351859
511.538503
514.053356
516.198367
518.929614
521.036893
523.610204
526.120499
530.162562
533.205850
535.966009
538.787982
541.982472
544.190658
546.492653
548.653968
550.930862
553.086349
555.319728
557.440000
562.751497
566.160499
568.693447
571.426825
574.520000
577.741587
579.742222
581.701270
583.604399
585.555510
587.908390
590.619524
