0.260000
1.971111
3.864580
5.840000
7.909932
9.929433
12.045079
14.055147
16.101270
17.961859
19.888254
21.830113
23.627982
25.409206
27.240000
29.118912
31.028571
32.983810
35.097506
37.136054
39.145306
41.080544
43.087619
45.090340
46.984036
48.970204
50.964082
53.002449
55.043946
56.953651
58.986122
61.000408
63.064762
65.071610
67.128118
69.181905
71.203039
73.467483
75.626395
78.079184
80.352290
83.034286
85.573061
89.460000
92.062222
94.995419
97.726893
101.480000
103.882177
107.282630
110.180136
113.433878
115.788526
118.390431
120.886531
123.478367
125.707891
127.984490
130.355873
134.349252
136.771746
138.922404
140.942993
143.098277
145.060748
147.065306
149.111610
151.227030
153.219184
155.241338
157.117959
159.043265
160.918503
162.742857
164.557687
166.434943
168.280000
170.217120
172.177007
174.309955
176.253968
178.226485
180.159365
182.260340
184.313333
186.148889
188.139592
190.103809
192.145079
194.169206
196.003016
198.047302
200.001995
202.087755
204.122630
206.129206
208.178481
210.222857
212.498912
214.651293
217.167619
219.382903
222.090748
224.429524
228.220000
230.806032
233.749229
236.473991
240.160000
242.643356
245.806916
248.718141
251.957778
254.166122
256.972109
259.415918
261.848843
264.110272
266.373333
268.717415
272.623061
274.849796
276.860000
278.976803
281.056848
283.012109
284.984898
287.072426
289.200000
291.140272
293.232653
295.257143
297.499410
299.620000
301.807188
304.165079
306.459592
308.585714
310.554875
312.609070
314.721633
316.678231
318.695238
320.745624
322.765442
324.772653
326.809887
328.819864
330.674014
332.517143
334.571429
336.486122
338.323764
340.321315
342.200816
344.066825
346.037256
347.994467
349.960408
351.883129
353.843265
355.748571
357.693878
359.562721
361.466871
363.266757
365.303447
367.179320
369.214127
371.303220
373.928299
376.264422
379.143741
381.272063
383.247596
385.264354
387.461270
389.415533
391.378889
393.239592
395.220816
397.297234
399.114376
401.084490
403.031020
404.945170
406.989002
409.107438
411.170612
413.299501
415.416440
417.544921
419.685397
421.757075
423.754059
425.689229
427.718980
429.645578
431.479683
433.520000
435.566667
437.601225
439.618050
441.726395
443.768254
445.813696
447.866667
449.948254
452.051859
454.118503
456.433356
458.558367
461.109615
463.416893
466.230204
468.700499
472.922562
475.525850
478.386009
481.047982
484.662472
486.770658
488.892653
491.033968
493.250862
495.326349
497.479728
499.681088
504.811497
507.620499
511.073447
514.766825
518.271474
522.321587
524.302222
526.041270
527.864399
529.715510
532.288390
535.300000
