4.651837
6.551111
8.544580
10.620000
12.649932
14.689433
16.845079
18.955147
21.121270
23.201859
25.288254
27.330113
29.407982
31.449206
33.520000
35.698912
37.848571
40.163810
42.397506
44.636054
46.925306
49.000544
51.347619
53.510340
55.684036
57.890204
60.184082
62.322449
64.543946
66.713651
69.046122
71.240408
73.504762
75.751610
77.908118
80.181905
82.263039
84.487483
86.846395
89.199184
91.452290
94.054286
96.613061
100.788526
104.042222
106.855419
110.166893
114.648844
117.802177
121.382630
124.520136
128.233878
130.957052
133.790431
136.706531
139.238367
141.527891
143.844490
146.315873
150.189252
152.651746
154.942404
157.062993
159.438277
161.540748
163.585306
165.651610
167.847030
169.899184
172.081338
174.277959
176.343265
178.438503
180.482857
182.557687
184.614943
186.656825
188.897120
191.197007
193.349955
195.613968
197.926485
200.219365
202.480340
204.713333
206.868889
209.139592
211.443809
213.605079
215.789206
217.943016
220.307302
222.541995
224.847755
227.062630
229.249206
231.498481
233.582857
235.798912
238.011293
240.395238
242.702902
245.350748
248.069524
252.560635
256.166032
258.969229
262.253991
266.844376
269.783356
272.906916
276.098141
279.817778
282.552245
285.372109
288.055918
290.608844
293.030272
295.373333
297.937415
302.083061
304.689796
307.105306
309.456803
311.956848
314.032109
316.104898
318.312426
320.584490
322.680272
324.832653
326.937143
329.159410
331.529297
333.947188
336.325079
338.679592
340.945714
343.174875
345.409070
347.521633
349.638231
351.915238
353.925624
356.285442
358.392653
360.889887
363.199864
365.394014
367.557143
369.851429
371.926122
373.983764
376.181315
378.340816
380.566825
382.717256
385.074467
387.260408
389.503129
391.623265
393.748571
395.873878
398.002721
400.166871
402.266757
404.363447
406.599320
408.674127
410.883220
413.388299
415.864422
419.063741
421.252063
423.327596
425.324354
427.441270
429.555533
431.678889
433.699592
435.820816
437.997234
440.054376
442.264490
444.391020
446.485170
448.689002
450.987438
453.374285
455.739501
458.036440
460.349841
462.645397
464.977075
467.154059
469.429229
471.758980
473.925578
476.079682
478.300000
480.486667
482.601225
484.918050
487.206395
489.448254
491.633696
493.806667
496.068254
498.331859
500.498503
502.693356
504.818367
507.309615
509.536893
512.010204
514.360499
518.945125
522.425850
525.486009
528.267982
532.102472
534.310658
536.512653
538.509842
540.550862
542.600000
544.699728
547.121088
551.971497
555.420499
558.433447
561.146825
564.411474
567.961587
569.962222
571.821270
573.740000
575.595510
577.968390
580.579524
