1.151837
2.891111
4.984580
6.980000
9.069932
11.189433
13.305079
15.315147
17.441270
19.461859
21.608254
23.650113
25.707982
27.629206
29.700000
31.818912
33.908571
35.923810
37.977506
40.216054
42.245306
44.360544
46.487619
48.730340
50.904036
53.210204
54.060000
54.060000
55.000000
55.160000
55.986122
56.980408
58.644762
59.851610
59.920000
59.940000
59.940000
60.187483
60.380000
60.840000
61.240000
61.260000
62.060000
62.180000
62.180000
62.180000
62.180000
62.548844
62.920000
62.920000
62.940000
63.020000
63.708526
65.130431
67.026531
68.578367
70.107891
70.984490
71.100000
72.549252
74.731746
76.342404
77.602993
78.798277
78.980000
78.980000
78.980000
78.980000
78.980000
79.000000
79.000000
79.020000
79.040000
79.282857
79.680000
79.700000
79.700000
79.700000
79.700000
79.700000
79.700000
79.780000
79.780000
79.880000
80.293333
80.400000
80.639592
80.960000
80.960000
81.180000
81.603016
82.300000
82.361995
82.660000
82.800000
82.860000
82.938481
83.480000
84.018912
85.220000
85.847619
87.622903
90.430748
92.909524
97.440635
100.346032
103.109229
105.653991
109.444376
112.203356
114.846916
117.518141
120.517778
123.118367
125.692109
127.855918
129.948844
132.210272
134.413333
136.677415
140.363061
142.729796
144.785306
146.896803
149.016848
150.972109
153.044898
155.152426
157.184490
159.160272
161.172653
163.297143
165.339410
167.649297
170.047188
172.185079
174.199592
176.205714
178.414875
180.669070
182.761633
184.858231
186.935238
188.925624
191.025442
192.832653
195.209887
197.419864
199.474014
201.657143
203.811429
206.126122
208.283764
210.461315
212.620000
214.666825
216.897256
219.154467
221.320408
223.523129
225.683265
227.868571
230.053878
232.162721
234.226871
236.346757
238.463447
240.559320
242.674127
244.840000
247.088299
249.404422
252.523741
254.612063
256.727596
258.804354
260.861270
262.855533
264.978889
267.079592
269.120816
271.217234
273.294376
275.664490
277.811020
279.845170
281.949002
284.027438
286.090612
288.199501
290.696440
292.504921
294.625397
296.757075
298.774059
300.949229
303.098980
305.325578
307.719683
309.840000
311.946667
314.121224
316.318050
318.486395
320.668254
322.853696
325.086667
327.368254
329.811859
332.118503
334.633356
336.838367
339.489615
341.716893
344.330204
346.820499
351.562562
354.345850
357.426009
360.247982
364.280000
366.030658
368.272653
370.593968
372.730862
375.026349
377.519184
380.081088
384.471497
387.480499
390.613447
394.366825
398.251474
402.301587
404.844444
406.921270
409.184399
411.615510
414.688390
418.499524
