1.511837
3.971111
5.984580
8.140000
10.329932
12.309433
14.365079
16.455147
18.581270
20.461859
22.468254
24.410113
26.247982
28.189206
30.080000
32.158912
34.188571
36.243810
38.557506
40.456054
42.525306
44.640544
46.767619
48.970340
51.004036
53.310204
55.384082
57.402449
59.563946
61.553651
63.666122
65.740408
67.764762
69.771610
71.848118
73.901905
75.963039
78.207483
80.306395
82.539184
84.812290
87.234286
89.773061
93.688526
96.642222
99.575419
102.906893
106.580000
109.522177
113.102630
115.980136
119.253878
121.948526
124.650431
127.226531
129.478367
132.167891
134.784490
137.355873
141.609252
144.151746
146.402404
148.522993
151.018277
153.340748
155.545306
157.651610
159.687030
161.739184
163.841338
165.837959
167.863265
169.818503
171.722857
173.677687
175.614943
177.596825
179.677120
181.757007
183.989955
186.033968
188.146485
190.159365
192.260340
194.313333
196.368889
198.599592
200.623809
202.665079
204.809206
206.763016
208.927302
210.961996
213.027755
215.042630
217.129206
219.178481
221.182857
223.478912
225.631293
227.867619
230.202902
232.670748
235.209524
239.260635
242.386032
245.389229
248.493991
252.424376
255.363356
258.926916
262.038141
265.557778
268.236734
271.172109
273.875918
276.348843
278.850272
281.353333
284.037415
288.023061
290.509796
292.805306
295.016803
297.656848
300.092109
302.384898
304.592426
306.764490
308.780272
310.812653
312.837143
314.939410
317.109297
319.287188
321.525079
323.799592
325.805714
327.954875
330.049070
332.041633
334.018231
336.175238
338.245624
340.285442
342.272653
344.129887
346.279864
348.554014
350.357143
352.531429
354.986122
356.943764
358.961315
360.840816
362.786825
364.857256
366.934467
368.960408
371.003129
373.103265
375.088571
376.993878
379.020000
380.906871
382.766757
384.803447
386.659320
388.874127
390.923220
393.288299
395.584422
398.583741
400.852063
402.987596
405.104354
407.081270
409.035533
411.018889
412.979592
414.960816
416.977234
419.034376
421.284490
423.271020
425.325170
427.409002
429.447438
431.530612
433.956009
436.176440
438.224921
440.325397
442.397075
444.474059
446.589229
448.758980
450.725578
452.740000
454.880000
457.026667
459.121224
461.118050
463.226395
465.348254
467.333696
469.346667
471.488254
473.651859
475.698503
477.793356
479.816735
482.029614
484.316893
486.670204
489.120499
493.402562
496.305850
500.046009
502.627982
506.302472
508.470658
510.672653
512.933968
515.250862
517.386349
519.719456
522.000000
526.891497
530.120499
533.353447
536.446825
540.171474
543.921587
546.262222
547.961270
549.764399
551.495510
553.308390
555.799524
