1.511837
3.771111
6.104580
8.180000
10.509932
12.709433
15.045079
17.155147
19.321270
21.421859
23.448254
25.530113
27.507982
29.549206
31.560000
33.618912
35.808571
37.943810
40.257506
42.656054
44.845306
47.100544
49.387619
51.450340
53.744036
55.930204
58.104082
60.222449
62.343946
64.473651
66.666122
68.920408
70.964762
73.151610
75.268118
77.421905
79.563039
81.787483
83.946395
86.019184
88.332290
90.834286
93.433061
97.508526
100.702222
103.395420
106.200000
110.268844
113.102177
116.262630
119.200136
122.133878
124.768526
127.650431
130.126531
132.697142
135.067891
137.504490
140.135873
144.529252
147.091746
149.722404
152.082993
154.618277
157.040748
159.305306
161.671610
163.961089
166.099184
168.361338
170.677959
172.763265
174.798503
176.782857
178.837687
180.854943
182.956825
185.317120
187.397007
189.929955
192.193968
194.466485
196.679365
198.960340
201.013333
203.268889
205.519592
207.683809
209.905079
212.049206
214.163016
216.407302
218.521996
220.787755
222.902630
225.029206
227.218481
229.362857
231.638912
233.851293
236.067619
238.442903
240.990748
243.649524
247.920635
251.166032
253.998458
257.073991
261.164376
263.843356
266.866916
269.918141
273.077778
275.686122
278.512109
281.215918
283.712653
286.350272
288.873333
291.577415
296.603061
299.249388
301.665306
304.136803
306.816848
309.232109
311.404898
313.832426
316.404490
318.520272
320.672653
322.837143
325.219410
327.729297
330.227188
332.605079
334.819592
337.005714
339.274875
341.429070
343.546531
345.798231
347.895238
350.045624
352.145442
354.372653
356.429887
358.819864
360.974014
363.037143
365.191429
367.426122
369.583764
371.601315
373.580816
375.646825
377.777256
380.154467
382.400408
384.543129
386.583265
388.688571
390.773878
392.802721
394.866871
396.866757
398.923447
400.959320
403.054127
405.123220
407.568299
409.824422
412.483742
414.812063
417.227596
419.484354
421.721270
423.915533
425.978889
428.059592
430.180816
432.417234
434.574376
436.904490
439.051020
441.265170
443.369002
445.647438
448.090612
450.519501
453.056440
455.224921
457.345397
459.577075
461.794059
464.069229
466.418980
468.425578
470.519682
472.620000
474.866667
476.961224
479.138050
481.346395
483.548254
485.653696
487.726667
489.888254
492.091859
494.218503
496.513356
498.658367
500.969614
503.216893
505.710204
508.100499
512.702562
515.265850
518.326009
521.407982
525.782472
527.870658
530.212653
532.533968
534.750862
536.986349
539.279728
541.901088
547.731497
550.460499
553.713447
556.646825
559.571474
562.901587
565.082222
567.061270
569.044399
570.835510
573.508390
576.599524
