0.300000
2.031111
4.104580
6.140000
8.249932
10.329433
12.425079
14.455147
16.461270
18.421859
20.368254
22.390113
24.347982
26.309206
28.300000
30.378912
32.388571
34.263810
36.477506
38.476054
40.485306
42.520544
44.667619
46.670340
48.724036
50.790204
52.924082
55.062449
57.183946
59.213651
61.466122
63.660408
65.884762
68.011610
70.188118
72.381905
74.503039
76.767483
79.046395
81.379184
83.492290
86.094286
88.573061
92.468526
94.862222
97.755420
100.540000
104.088844
106.522177
109.642630
112.520000
115.813878
117.888526
120.550431
122.946531
125.335102
127.507891
129.757959
132.135873
136.049252
138.551746
140.722404
142.662993
144.738277
146.700748
148.765306
150.851610
152.947030
155.059184
157.061338
159.017959
160.983265
162.958503
164.842857
166.797687
168.754943
170.776825
172.697120
174.617007
176.769955
178.833968
180.786485
182.839365
184.860340
186.993333
189.008889
191.119592
193.243809
195.305079
197.429206
199.423016
201.607302
203.701995
205.887755
207.962630
210.029206
212.158481
214.120000
216.438912
218.571293
220.787619
223.082903
225.650748
228.169524
232.220635
234.646032
237.689229
240.513991
244.404376
246.923356
250.186916
253.358141
256.997778
259.086122
261.952109
264.175918
266.528843
268.850272
271.173333
273.637415
277.543061
279.929796
282.085306
284.156803
286.356848
288.232109
290.264898
292.372426
294.564490
296.440272
298.572653
300.637143
302.939410
305.120000
307.347188
309.785079
312.039592
314.145714
316.254875
318.329070
320.541633
322.658231
324.635238
326.725624
328.765442
330.832653
332.969887
335.059864
337.014014
339.117143
341.191429
343.206122
345.203764
347.100000
349.020000
350.846825
352.777256
354.734467
356.720408
358.663129
360.603265
362.548571
364.473878
366.422721
368.360000
370.266757
372.483447
374.539320
376.674127
378.763220
381.468299
384.124422
387.223742
389.372063
391.487596
393.504354
395.581270
397.615533
399.658889
401.559592
403.400816
405.597234
407.494376
409.424490
411.431020
413.445170
415.649002
417.727438
419.910612
422.039501
424.236440
426.164921
428.285397
430.357075
432.394059
434.429229
436.558980
438.565578
440.599683
442.720000
444.846667
447.000000
448.998050
450.966395
453.408254
455.453696
457.546667
459.608254
461.751859
463.858503
466.093356
468.118367
470.409614
472.636893
475.110204
477.460499
481.462562
484.125850
487.366009
490.167982
493.662472
495.790658
497.972653
500.113968
502.310862
504.406349
506.639728
509.101088
513.611497
517.420499
520.493447
524.006825
527.451474
531.261587
533.202222
535.121270
536.904399
538.815510
541.348390
544.219524
