1.460000
3.491111
5.764580
7.860000
10.109932
12.289433
14.385079
16.655147
18.821270
20.893016
23.008254
25.050113
27.047982
28.989206
30.980000
32.898912
34.888571
36.923810
39.077506
41.276054
43.285306
45.440544
47.547619
49.690340
51.984036
53.950204
54.520000
54.520000
55.583946
56.040000
56.440000
56.440000
56.760000
56.951610
56.980000
57.241905
57.320000
58.127483
58.340000
58.340000
58.380000
58.380000
58.380000
58.480000
58.480000
58.480000
58.480000
58.480000
58.500000
58.742630
58.840136
59.000000
59.000000
59.020000
59.020000
59.020000
59.020000
59.164490
59.815873
60.080000
60.080000
60.120000
60.502993
60.600000
60.640000
60.640000
60.640000
60.640000
60.700000
60.700000
60.700000
60.700000
60.700000
60.700000
60.720000
60.720000
60.720000
60.720000
60.720000
60.720000
60.720000
60.740000
60.740000
60.800000
60.800000
61.740000
62.079592
62.820000
63.000000
63.720000
64.283016
65.687302
66.761995
68.807755
70.882630
73.049206
75.218481
77.362857
79.658912
81.791293
84.307619
86.542903
89.050748
91.489524
95.420635
98.686032
101.889229
104.753991
108.704376
111.743356
114.966916
117.938141
121.057778
123.458367
126.212109
129.115918
131.488844
133.970272
136.373333
139.497415
144.183061
146.669796
148.945306
151.316803
153.676848
156.172109
158.364898
160.632426
163.144490
165.380272
167.652653
169.897143
172.259410
174.789297
177.327188
179.645079
182.099592
184.605714
186.989751
189.169070
191.581633
193.798231
195.895238
198.085624
200.245442
202.492653
204.749887
206.979864
209.114014
211.117143
213.151429
215.166122
217.403764
219.521315
221.420816
223.366825
225.397256
227.794467
229.900408
232.083129
234.183265
236.328571
238.373878
240.442721
242.506871
244.506757
246.583447
248.659320
250.954127
253.143220
255.688299
258.064422
260.403741
262.792063
265.007596
267.124354
269.201270
271.355533
273.498889
275.619592
277.760816
279.837234
281.914376
283.984490
286.011020
288.025170
290.149002
292.214875
294.490612
296.799501
298.996440
301.104921
303.305397
305.474150
307.574059
309.649229
311.978980
314.005578
316.059683
318.160000
320.286667
322.381224
324.518050
326.666395
328.828254
330.953696
333.006667
335.208254
337.411859
339.618503
341.893356
344.058367
346.549615
348.856893
351.340408
353.660499
357.922562
361.065850
364.246009
367.147982
371.042472
373.370658
375.652653
377.793968
379.970862
382.146349
384.359728
386.581088
392.471497
395.200499
397.873447
400.626825
403.851474
408.061587
410.342222
412.401270
414.404399
416.355510
418.328390
421.579524
