1.200000
3.151111
5.204580
7.240000
9.389932
11.489433
13.705079
15.795147
17.821270
19.881859
21.928254
24.050113
26.067982
28.149206
30.160000
32.338912
34.628571
36.943810
39.257506
41.756054
43.945306
46.020544
48.327619
50.790340
52.884036
55.330204
57.684082
59.982449
62.463946
64.753651
67.058367
69.400408
72.004762
74.451610
76.748118
79.101905
81.443039
84.127483
86.606395
89.439184
91.932290
94.914286
98.253061
103.368526
106.962222
110.175420
113.626893
118.028844
121.102177
124.562630
127.880136
131.173878
133.991157
136.950431
140.046531
142.778367
145.267891
147.924490
150.835873
156.169252
158.811746
161.322404
163.582993
166.218277
168.320748
170.405306
172.551610
174.647030
176.639184
178.681338
180.757959
182.763265
184.838503
186.802857
188.837687
190.894943
193.116825
195.237120
197.657007
199.949955
202.433968
204.786485
206.939365
209.240340
211.573333
213.748889
216.139592
218.503809
220.885079
223.229206
225.503016
227.941905
230.221995
232.807755
235.182630
237.549206
239.878481
242.142857
244.858912
247.351293
250.167619
252.602902
255.750748
258.889524
263.648889
267.306032
270.455374
274.053991
278.644376
281.583356
284.866916
288.238141
291.537778
294.206122
296.992109
300.395918
303.268844
305.730272
308.273333
311.077415
316.423061
318.909796
321.445306
323.796803
326.276848
328.312109
330.424898
332.412426
334.564490
336.580272
338.672653
340.737143
342.979410
345.429297
347.927188
350.485079
353.379592
355.685714
358.494875
361.069070
363.221633
365.398231
367.715238
369.965624
372.225442
374.470612
376.769887
379.099864
381.414014
383.557143
385.751429
387.826122
389.903764
392.101315
394.240816
396.446825
398.697256
400.934467
403.180408
405.283129
407.363265
409.488571
411.553878
413.642721
415.746871
417.766757
419.843447
421.819320
424.014127
426.123220
428.668299
431.444422
434.863742
436.972063
439.007596
440.904354
442.981270
444.975533
447.078889
449.159592
451.460816
454.017234
456.234376
458.604490
460.751020
462.985170
465.249002
467.547438
469.890612
472.399501
474.576440
476.824921
479.045397
481.337075
483.434059
485.849229
488.158980
490.285578
492.559683
494.940000
497.386667
499.721225
502.058050
504.466395
506.868254
509.313696
511.606667
514.028254
516.351859
518.638503
521.153356
523.398367
526.069614
528.396893
531.290204
534.120499
539.482562
542.825850
546.166009
549.267982
553.422472
555.870658
558.372653
560.773968
562.970862
565.206349
567.639728
570.001088
576.331497
579.080499
582.800340
586.506825
590.851474
594.901587
596.922222
598.881270
600.904399
602.935510
605.568390
608.059524
