0.331837
2.251111
4.544580
6.620000
8.789932
10.969433
13.125079
15.255147
17.341270
19.381859
21.448254
23.450113
25.427982
27.389206
29.340000
31.278912
33.248571
35.383810
37.537506
39.736054
41.795918
43.880544
45.947619
48.151020
50.164036
52.290204
54.404082
56.382449
58.523946
60.593651
62.726122
64.720408
66.864762
68.971610
71.128118
73.361905
75.543039
77.747483
80.031156
82.379184
84.772290
87.254286
89.873061
94.068526
96.882222
99.555419
102.180000
105.848844
108.542177
111.582630
114.280136
117.033878
119.548526
122.150431
124.766531
127.238367
129.667891
132.004490
134.420000
134.740000
134.900000
135.060000
135.120000
135.260000
135.440000
135.440000
135.440000
135.440000
135.579184
135.600000
135.600000
135.783265
135.800000
135.840000
136.020000
136.074943
136.120000
136.120000
136.120000
136.120000
136.140000
136.420000
136.440000
136.520000
136.520000
136.540000
136.620000
136.620000
136.620000
136.689206
138.043016
138.520000
138.580000
138.640000
139.040000
139.040000
139.060000
139.060000
139.060000
139.060000
139.060000
139.060000
139.060000
139.060000
139.120635
139.420000
139.420000
139.420000
139.420000
139.420000
139.420000
139.838141
140.317778
141.260000
141.372109
141.520000
141.840000
141.980000
142.060000
142.300000
143.600000
143.680000
143.845306
146.076803
148.396848
150.692109
152.964898
155.192426
157.544490
159.760272
161.932653
164.157143
166.399410
168.909297
171.127188
173.425079
175.739592
178.065714
180.574875
183.069070
185.221633
187.318231
189.635238
191.765624
194.025442
196.032653
198.129887
200.499864
202.934014
204.957143
207.011429
209.086122
211.403764
213.501315
215.480816
217.486825
219.617256
221.914467
224.040408
226.223129
228.343265
230.388571
232.473878
234.562721
236.646871
238.726757
240.763447
243.039320
245.434127
247.743220
250.328299
252.804422
255.823741
258.172063
260.387596
262.464354
264.662540
266.675533
268.818889
270.859592
273.060816
275.217234
277.314376
279.344490
281.411020
283.385170
285.529002
287.587438
289.810612
292.159501
294.436440
296.644921
298.885397
301.017075
303.094059
305.129229
307.378980
309.445578
311.559683
313.660000
315.706667
317.781224
319.878050
321.966395
324.008254
326.153696
328.206667
330.521270
332.651859
334.838503
337.073356
339.278367
341.649614
343.996893
346.430204
348.725987
353.402562
356.145850
358.826009
361.460000
364.862472
367.150658
369.452653
371.553968
373.850862
376.026349
378.299728
380.601088
385.971497
388.820499
391.593447
394.306825
397.311474
401.601587
403.822222
406.041270
408.024399
410.055510
412.468390
415.039524
