1.411837
2.991111
5.164580
7.180000
9.389932
11.589433
13.785079
15.955147
18.121270
20.261859
22.448254
24.530113
26.547982
28.609206
30.760000
32.898912
35.188571
37.423810
39.817506
42.236054
44.375918
46.500544
48.727619
50.890340
53.064036
55.250204
57.504082
59.700000
62.043946
64.333651
66.646122
69.000408
71.264762
73.551610
75.788118
78.121905
80.283039
82.567483
84.926395
87.099184
89.512290
92.234286
94.653061
99.148526
102.222222
104.935419
107.626893
111.768844
114.862177
117.702630
120.500136
123.553878
125.648526
128.330431
130.686122
132.898367
135.187891
137.684490
140.075873
144.349252
146.771746
149.002404
151.082993
153.378277
155.480748
157.805306
160.051610
162.147030
164.219184
166.501338
168.617959
170.863265
172.878503
174.862857
176.997687
179.114943
181.336825
183.737120
185.977007
188.369955
190.773968
193.046485
195.239365
197.360340
199.593333
201.648889
203.839592
206.043809
208.145079
210.469206
212.683016
215.027302
217.341995
219.687755
221.902630
224.049206
226.318481
228.502857
230.838912
233.011293
235.187619
237.462903
240.070748
242.529524
246.620635
249.686032
252.369229
255.093991
259.164376
262.223356
265.006916
267.978141
271.017778
273.386122
275.992109
278.615918
281.148843
283.510272
285.913333
288.377415
292.703061
295.089796
297.285306
299.536803
301.876848
303.932109
306.204898
308.332426
310.724490
312.780272
314.892653
316.957143
319.079410
321.449297
323.767188
325.905079
327.959592
330.165714
332.254875
334.849070
336.661633
338.818231
340.915238
343.005624
345.225442
347.352653
349.629887
351.759864
353.874014
355.977143
358.031429
360.046122
362.523764
364.461315
366.520816
368.566825
370.777256
372.874467
375.160408
377.323129
379.463265
381.668571
383.833878
386.002721
388.186871
390.346757
392.503447
394.659320
396.794127
399.003220
401.328299
403.644422
406.563741
408.832063
411.107596
413.284354
415.401270
417.515533
419.618889
421.759592
424.000816
426.237234
428.534376
430.724490
433.051020
435.265170
437.609002
439.927438
442.210612
444.659501
447.196440
449.184921
451.465397
453.797075
456.068118
458.269229
460.618980
462.725578
464.819682
467.060000
469.246667
471.641224
473.918050
476.126395
478.748254
481.073696
483.266667
485.528254
487.931859
490.138503
492.573356
494.738367
497.289614
499.636893
502.350204
504.880499
509.302562
512.605850
515.626009
518.787982
523.162472
525.590658
527.972653
530.293968
532.770862
534.926349
537.259728
539.521088
545.031497
548.060499
550.673447
553.426825
556.651474
560.241587
562.302222
564.301270
566.384399
568.546531
570.828390
573.699524
