1.511837
4.751111
6.784580
8.960000
11.149932
13.249433
15.325079
17.455147
19.521270
21.541859
23.648254
25.710113
27.747982
29.829206
31.840000
33.898912
36.168571
38.283810
40.637506
42.796054
45.305306
47.300544
49.627619
51.782041
54.024036
56.390204
58.704082
60.882449
63.143946
65.353651
67.586122
69.920408
72.084762
73.691610
73.840000
73.860000
73.920000
74.327483
75.106395
75.880000
75.900000
76.480000
77.533061
77.620000
77.620000
77.680000
78.246893
79.120000
79.120000
79.300000
79.380136
79.993878
80.020000
80.020000
80.020000
80.218367
80.660000
80.880000
80.900000
81.480000
81.480000
81.600000
81.600000
81.718277
81.780000
81.800000
81.800000
81.800000
81.899184
81.940000
81.960000
81.960000
82.000000
82.102857
82.500000
82.514943
82.540000
82.560000
82.580000
82.600000
82.680000
82.720000
82.759365
84.060340
85.673333
86.060000
86.200000
86.300000
86.300000
86.320000
86.340000
86.340000
86.340000
86.340000
86.642630
87.089206
88.498481
90.542857
93.438912
95.171293
95.947619
96.322902
96.420000
97.029524
101.100635
104.146032
107.369229
110.133991
114.384376
117.103356
120.386916
123.458141
126.897778
129.866122
132.792109
135.467755
138.028844
140.490272
143.073333
145.777415
150.820000
153.169796
155.365306
157.596803
160.056848
162.132109
164.464898
166.672426
168.924490
171.040272
173.112653
175.157143
177.459410
179.889297
182.227188
184.425079
186.879592
188.925714
191.294875
193.489070
195.741633
198.018231
200.261905
202.365624
204.705442
206.932653
209.049887
211.319864
213.434014
215.377143
217.731429
219.886122
222.143764
224.121315
226.200816
228.326825
230.557256
232.774467
234.860408
237.043129
239.223265
241.448571
243.553878
245.742721
247.906871
250.046757
252.203447
254.539320
256.774127
259.083220
261.648299
264.304422
267.643741
269.872063
272.007596
274.144354
276.161270
278.415533
280.438889
282.479592
284.700816
286.797234
288.934376
291.144490
293.351020
295.565170
297.929002
300.427438
302.710612
305.118503
307.456440
309.664921
311.805397
313.957075
316.034059
318.229229
320.538980
322.165578
325.079682
327.360000
329.526667
331.841224
334.038050
336.226395
338.568254
340.713696
342.886667
345.168254
347.491859
349.678503
352.153356
354.358367
356.949614
359.396893
361.990204
364.800499
369.742562
372.825850
375.946009
379.007982
383.462472
385.750658
388.012653
390.227937
392.410862
394.606349
396.939728
399.421088
405.451497
408.600499
411.493447
414.466825
418.031474
422.121587
424.102222
426.161270
428.264399
430.315510
432.888390
435.979524
