0.080000
1.071111
1.940000
3.400000
5.469932
7.629433
9.705079
11.795147
13.841270
15.881859
17.948254
20.070113
22.067982
24.029206
26.040000
28.058912
30.208571
32.343810
34.517506
36.676054
38.885306
41.040544
43.187619
45.430340
47.564036
49.870204
52.084082
54.182449
56.523946
58.593651
60.846122
63.080408
65.144762
67.251610
67.380000
67.741905
67.780000
67.867483
68.880000
69.860000
69.920000
69.920000
69.920000
70.500000
70.520000
70.600000
70.620000
71.660000
72.320000
72.660000
72.900136
72.940000
73.020000
73.110431
73.220000
73.280000
73.360000
73.620000
73.620000
74.060000
74.320000
74.340000
74.340000
74.578277
74.800000
75.140000
75.160000
75.160000
75.160000
75.160000
75.160000
75.260000
75.260000
75.280000
75.340000
75.434943
75.480000
75.480000
75.480000
75.480000
75.480000
75.500000
75.700000
75.740000
75.740000
75.740000
75.879592
76.920000
76.960000
77.020000
78.040000
78.060000
78.200000
78.540000
78.560000
78.560000
78.938481
79.240000
79.958912
81.000000
81.507619
83.602902
86.410748
89.229524
92.980635
95.646032
98.429229
101.013991
104.584376
107.083356
110.166916
113.058141
116.220000
118.526122
121.072109
123.715918
126.108844
128.790272
131.193333
133.737415
137.443061
139.948980
142.205306
144.596803
146.896848
148.972109
151.224898
153.332426
155.824490
157.940272
160.172653
162.417143
164.719410
167.309297
169.727188
172.285079
174.719592
176.925714
179.914875
181.849070
184.421633
186.658231
188.860952
191.245624
193.625442
195.972653
198.309887
200.679864
202.828027
205.357143
207.731429
210.066122
212.323764
214.621315
216.840816
219.026825
221.391769
223.654467
225.880408
228.163129
230.383265
232.528571
234.693878
236.862721
239.066871
241.167030
243.463447
245.939320
248.254127
250.443220
253.248299
255.464422
258.603742
260.932063
263.187596
265.384354
267.601270
269.735533
271.978889
274.159592
276.380816
278.717234
280.974376
283.337959
285.531020
287.905170
290.189002
292.634875
295.070612
297.399501
299.756440
302.094762
304.345397
306.577075
308.734059
311.049229
313.438980
315.545578
317.859683
320.260000
322.586667
324.761224
327.178050
329.386395
331.708254
333.893696
336.086667
338.288254
340.631859
342.798503
345.253356
347.538367
349.969614
352.476893
355.190204
357.842993
362.362562
365.125850
367.926009
370.447982
374.162472
376.130658
378.312653
380.793968
383.010862
385.266349
387.619728
390.081088
395.411497
397.960499
400.213447
403.046825
405.771474
409.481587
410.962222
412.081270
413.004399
413.955510
416.208390
417.179524
