1.511837
4.051111
6.104580
8.120000
10.249932
12.349433
14.405079
16.395147
18.521270
20.501859
22.528254
24.530113
26.507982
28.409206
30.440000
32.498912
34.548571
36.623810
38.697506
40.836054
42.785306
44.760544
46.927619
49.010340
51.164036
53.410204
55.544082
57.602449
59.683946
61.813651
63.966122
66.120408
68.020000
68.791610
68.980000
69.001905
69.420000
70.507483
70.640000
70.720000
70.840000
70.880000
71.300000
71.320000
71.380000
71.440000
71.860000
73.248844
73.540000
73.562630
73.940000
74.160000
74.200000
74.480000
74.506531
74.520000
74.800000
75.344490
75.600000
75.820000
75.900000
76.220000
76.402993
77.318277
77.400000
77.620000
77.620000
77.620000
77.620000
77.620000
77.620000
77.720000
77.740000
77.862857
78.180000
78.180000
78.180000
78.180000
78.180000
78.180000
78.180000
78.260000
78.260000
78.980000
78.980000
79.028889
79.440000
79.440000
79.460000
79.480000
80.100000
80.740000
80.860000
80.900000
80.960000
81.060000
81.138481
81.360000
82.438912
83.220000
83.607619
85.662903
88.350748
90.849524
95.320635
98.326032
101.269229
104.113991
107.844376
110.423356
113.540000
116.278141
119.777778
122.366122
125.452109
128.347755
130.608435
133.150272
135.633333
138.417415
143.083061
145.409796
147.785306
150.256803
152.876848
155.232109
157.444898
159.692426
162.164490
164.220272
166.332653
168.337143
170.719410
173.289297
175.967188
178.665079
181.159592
183.485714
185.934875
188.169070
190.401633
192.598231
194.815238
196.965624
199.185442
201.352653
203.529887
205.719864
207.928027
210.017143
212.151429
214.366122
216.463764
218.481315
220.460816
222.506825
224.557256
226.714467
228.760408
230.843129
232.883265
234.988571
236.993878
239.022721
241.026871
242.986757
245.103447
247.239320
249.314127
251.443220
254.128299
256.744422
260.103742
262.392063
264.627596
266.684354
268.781270
270.935533
272.938889
275.019592
277.160816
279.257234
281.354376
283.504490
285.551020
287.725170
289.789002
291.947438
294.130612
296.439501
298.696440
300.984921
303.145397
305.317075
307.374059
309.469229
311.578980
313.645578
315.939683
318.120000
320.186667
322.461224
324.558050
326.726395
328.928254
331.053696
333.126667
335.208254
337.471859
339.638503
341.973356
344.118367
346.789614
348.880000
351.540408
354.180499
359.642562
362.845850
365.926009
368.867982
372.502472
374.810658
377.132653
379.393968
381.530862
383.746349
385.919728
388.281088
394.471497
398.200499
401.673447
405.226825
409.471474
414.421587
416.382222
418.061270
419.860000
421.615510
424.028390
426.600000
