1.151837
2.911111
5.064580
7.200000
9.349932
11.709433
13.805079
15.895147
18.221270
20.301859
22.548254
24.790113
26.947982
29.129206
31.260000
33.458912
35.548571
37.863810
40.037506
42.236054
44.826531
46.980544
49.287619
51.350340
53.564036
55.810204
57.964082
60.122449
62.323946
64.473651
66.766122
68.980408
71.084762
73.311610
75.508118
77.781905
79.943039
82.167483
84.406395
86.459184
88.592290
91.034286
93.333061
96.288526
98.922222
101.695419
104.406893
108.008844
110.462177
113.682630
116.620136
119.440000
121.828526
124.470431
126.846531
128.938367
131.427891
133.724490
136.175873
139.769252
142.103492
144.242404
146.462993
148.778277
150.840748
152.965306
155.111610
157.227030
159.319184
161.561338
163.697959
165.823265
168.038503
170.142857
172.337687
174.494943
176.730476
178.817120
181.097007
183.249955
185.533968
187.826485
189.939365
192.160340
194.213333
196.408889
198.619592
200.803809
202.945079
205.149206
207.323016
209.547302
211.701995
213.827755
216.082630
218.449206
220.558481
222.722857
225.078912
227.191293
229.487619
231.582903
233.950748
236.209524
239.100635
241.626032
244.149229
246.653991
250.224376
252.683356
255.586916
258.418141
261.117778
263.346122
266.032109
268.295918
270.488844
272.810272
275.113333
277.437415
280.940000
283.269796
285.405306
287.716803
289.876848
292.032109
294.404898
296.552426
298.728980
300.940272
303.172653
305.437143
307.699410
310.249297
312.627188
314.925079
317.479592
319.865714
322.014875
324.209070
326.401633
328.598231
330.735238
332.845624
334.985442
337.112653
339.649887
341.779864
343.834014
346.077143
348.271429
350.346122
352.663764
354.761315
357.000816
359.146825
361.417256
363.574467
365.640408
367.743129
369.823265
371.988571
374.113878
376.282721
378.426871
380.526757
382.663447
384.699320
386.734127
388.700000
390.928299
393.064422
395.323741
397.552063
399.747596
401.864354
404.021270
406.115533
408.218889
410.379592
412.540816
414.897234
417.054376
419.424490
421.591020
423.825170
425.969002
428.247438
430.470612
432.939501
435.236440
437.464921
439.765397
441.997075
444.114059
446.229229
448.438980
450.525578
452.579682
454.840000
456.866667
459.001224
461.158050
463.346395
465.488254
467.653696
469.806667
472.028254
474.371859
476.638503
478.853356
480.938367
483.309615
485.536893
487.810204
489.940499
493.362562
496.325850
499.206009
501.987982
505.142472
507.270658
509.592653
511.893968
513.970862
516.246349
518.479728
520.661088
524.531497
527.160499
529.633447
532.326825
534.971474
538.181587
540.362222
542.441270
544.644399
546.675510
549.548390
552.639524
