1.320000
3.211111
5.384580
7.460000
9.649932
11.858866
14.145079
16.155147
18.261270
20.321859
22.388254
24.470113
26.447982
28.409206
30.460000
32.618912
34.608571
36.743810
39.097506
41.216054
43.525306
45.880544
47.767619
49.990340
52.164036
54.390204
56.564082
58.622449
60.943946
63.093651
65.226122
67.340408
69.444762
71.551610
73.748118
75.941905
78.123039
80.767483
82.846395
85.219184
87.652290
90.494286
93.373061
98.596100
102.342222
105.295419
108.366893
112.728844
115.502177
118.422630
121.620136
124.993878
127.628526
130.650431
133.346122
135.878367
138.487891
141.084490
144.015873
148.149252
150.491746
152.682404
154.802993
157.238277
159.320748
161.505306
163.711610
165.847030
167.979184
170.061338
172.057959
174.183265
176.258503
178.222857
180.297687
182.374943
184.576825
186.697120
188.937007
191.509955
193.773968
196.006485
198.299365
200.280340
202.493333
204.628889
206.859592
209.043809
211.185079
213.509206
215.683016
217.767302
219.861996
222.007755
224.162630
226.309206
228.418481
230.582857
233.198912
235.331293
237.727619
240.082903
242.930748
245.769524
250.408889
254.226032
257.049229
260.113991
264.164376
266.743356
269.786916
272.638141
275.997778
278.538367
281.612109
284.235918
286.868844
289.330272
291.873333
294.677415
298.743061
301.169796
303.345306
305.516803
308.036848
310.212109
312.344898
314.592426
316.904490
318.940272
321.052653
323.177143
325.619410
328.289297
330.887188
333.305079
335.519592
337.625714
339.894875
342.369070
344.281633
346.358231
348.490476
350.625624
352.825442
354.852653
356.849887
359.259864
361.314014
363.377143
365.711429
367.946122
370.083764
372.201315
374.240816
376.266825
378.317256
380.534467
382.700408
384.783129
386.803265
388.828571
390.833878
392.822721
394.886871
396.886757
398.943447
400.939320
403.034127
405.163220
407.788299
409.924422
413.023741
415.072063
417.167596
419.268707
421.401270
423.435533
425.418889
427.419592
429.580816
431.677234
433.714376
435.784490
437.831020
439.945170
442.178005
444.347438
446.510612
448.819501
450.916440
453.204921
455.325397
457.597075
459.694059
461.793832
464.118980
466.105578
468.179683
470.340000
472.466667
474.641224
476.798050
478.926395
481.048254
483.073696
485.126667
487.308254
489.491859
491.698503
494.133356
496.198367
498.729615
500.976893
503.950204
506.360499
511.665125
515.485850
518.446009
521.407982
525.860000
527.570658
529.812653
532.033968
534.130862
536.286349
538.519728
540.941088
547.071497
551.000499
554.053447
557.146825
561.471474
565.881587
567.802222
569.661270
571.564399
573.475510
576.108390
579.139524
