0.920000
2.751111
4.804580
6.840000
9.009932
11.109433
13.285079
15.255147
17.381270
19.401859
21.448254
23.530113
25.667982
27.649206
29.720000
31.818912
33.788571
35.883810
38.057506
40.356054
42.345306
44.400544
46.547619
48.650340
50.804036
53.010204
55.064082
57.242449
59.223946
61.273651
63.526122
65.760408
67.844762
70.091610
72.208118
74.381905
76.423039
78.607483
80.746395
82.859184
84.952290
87.534286
89.933061
94.240000
96.900000
99.535420
102.086893
105.640000
107.862177
110.722630
113.640136
116.433878
118.648526
121.250431
123.706531
126.018367
128.267891
130.724490
133.175873
137.769252
140.271746
142.762404
144.642993
146.938277
149.080748
151.225306
153.391610
155.487030
157.599184
159.741338
161.817959
163.923265
166.058503
168.102857
170.197687
172.314943
174.556825
176.517120
178.577007
180.829955
183.033968
184.986485
187.039365
189.220340
191.373333
193.488889
195.759592
197.883809
200.045079
202.069206
204.223016
206.467302
208.601995
210.787755
213.042630
215.309206
217.438481
219.462857
221.738912
223.891293
226.087619
228.322902
230.990748
233.329524
237.820635
240.966032
243.349229
246.113991
249.620000
252.123356
255.066916
257.998141
261.017778
263.126122
265.812109
268.275918
270.548844
272.910272
275.313333
277.757415
281.903061
284.649796
286.965306
289.196803
291.536848
293.692109
295.844898
298.112426
300.444490
302.460272
304.692653
306.717143
309.099410
311.509297
313.767188
316.125079
318.279592
320.425714
322.654875
324.729070
327.081633
329.158231
331.461905
333.705624
335.965442
338.012653
340.349887
342.459864
344.874014
347.037143
349.191429
351.406122
353.603764
355.701315
357.780816
359.886825
362.057256
364.194467
366.380408
368.503129
370.663265
372.768571
374.913878
377.042721
379.186871
381.266757
383.360000
385.539320
387.614127
389.823220
392.328299
394.664422
397.363742
399.472063
401.587596
403.644354
405.801270
407.855533
409.978889
411.939184
414.060816
416.237234
418.394376
420.464490
422.571020
424.665170
426.869002
429.007438
431.170612
433.478004
435.516440
437.704921
439.925397
442.154150
444.194059
446.469229
448.778980
450.765578
452.919683
454.960000
456.946667
459.001224
461.138050
463.286395
465.428254
467.553696
469.626667
471.768254
473.971859
476.058503
478.333356
480.418367
482.749615
484.876893
487.310204
489.560499
494.022562
496.545850
499.186009
501.567982
504.882472
507.080000
509.352653
511.533968
513.610862
515.846349
517.939728
520.101088
525.511497
528.000499
530.473447
532.866825
535.351474
538.681587
540.802222
542.641270
544.624399
546.655510
548.688390
551.579524
