1.851837
4.231111
6.284580
8.400000
10.709932
12.929433
15.305079
17.415147
19.661270
21.861859
24.188254
26.430113
28.627982
30.749206
32.840000
34.758912
37.188571
39.803810
42.177506
44.476054
46.845306
49.100544
51.487619
53.670340
55.904036
58.170204
60.364082
62.480000
64.963946
67.053651
69.426122
71.640408
73.984762
76.291610
78.688118
80.941905
83.143039
85.527483
87.646395
90.259184
92.472290
95.134286
97.893061
102.408526
106.222222
109.375419
112.526893
116.268844
119.322177
122.442630
125.980136
129.333878
132.308526
135.350431
137.926531
140.638367
143.327891
146.064490
148.975873
154.389252
157.251746
159.842404
162.362993
164.898277
167.440748
169.985306
172.371610
175.007030
177.159184
179.561338
181.797959
184.123265
186.338503
188.642857
191.057687
193.234943
195.556825
198.176962
200.417007
202.889955
205.353968
207.806485
209.939365
212.440340
214.633333
216.848889
219.139592
221.363810
223.485079
226.049206
228.083016
230.447302
232.701995
235.007755
237.302630
239.649206
241.878481
244.102857
246.578912
248.871293
251.267619
253.642902
256.350748
259.049524
263.480635
267.326032
270.249229
273.533991
277.184376
280.183356
283.246916
286.758141
290.157778
293.066122
296.092109
298.691837
301.408843
304.111360
306.813333
309.717415
315.203061
318.009796
320.565306
323.176803
325.636848
327.872109
330.244898
332.812426
335.264490
337.360272
339.492653
341.717143
343.979410
346.429297
348.747188
351.305079
353.759592
356.125714
358.694875
360.869070
363.341633
365.658231
367.957143
370.145624
372.485442
374.852653
377.309887
379.739728
382.014014
384.157143
386.611429
388.746122
391.103764
393.481315
395.560816
397.666825
399.797256
402.294467
404.480408
406.723129
408.883265
411.108571
413.313878
415.602721
417.766871
420.006757
422.243447
424.439320
426.614127
428.803220
431.408299
433.884422
437.023741
439.352063
441.647596
443.844354
446.141270
448.295533
450.538889
452.719592
455.040816
457.077234
459.354376
461.564490
463.891020
466.185170
468.389002
470.667438
473.090612
475.379501
477.696440
480.024921
482.325397
484.637075
486.914059
489.189229
491.598980
493.625578
495.919683
498.220000
500.446667
502.821224
505.098050
507.446395
509.688254
512.013696
514.246667
516.488254
518.831859
521.078503
523.433356
525.778367
528.109615
530.516893
533.211021
535.820499
540.862562
544.345850
547.946009
551.367982
555.082472
557.210658
559.652653
562.133968
564.490862
566.906349
569.379728
571.501088
576.751497
580.341497
583.653447
587.166825
591.091474
595.941587
598.262222
600.121270
602.384399
604.495510
607.208390
609.439524
