1.511837
3.751111
5.784580
7.920000
10.129932
12.269433
14.365079
16.455147
18.561270
20.621859
22.668254
24.670113
26.707982
28.749206
30.780000
32.818912
34.808571
36.923810
39.097506
41.316054
43.461224
45.560544
47.727619
49.970340
52.204036
54.270204
56.424082
58.562449
60.743946
62.873651
64.986122
67.140408
69.204762
71.391610
73.508118
75.661905
77.903039
80.407483
82.746395
85.139184
87.552290
90.274286
93.233061
97.888526
101.442222
104.066258
106.786893
111.068844
113.962177
117.422630
120.660136
124.233878
127.288526
130.550431
133.526531
136.118367
138.787891
141.344490
144.395873
148.529252
151.031746
153.362404
155.462993
157.638277
159.840748
161.985306
164.091610
166.207030
168.299184
170.521338
172.577959
174.643265
176.738503
178.782857
180.817687
182.974943
185.016825
187.037120
189.277007
191.469955
193.853968
195.966485
198.059365
200.340340
202.493333
204.608889
206.799592
208.943809
211.105079
213.269206
215.403016
217.507302
219.661995
221.727755
223.862630
226.049206
228.178481
230.382857
232.918912
235.251293
237.587619
240.242903
242.910748
245.809524
250.300635
253.546032
256.689229
259.613991
263.924376
266.903356
270.426916
273.718141
277.397778
280.466122
283.832109
286.755918
289.628844
292.350272
295.133333
298.117415
302.563061
305.089796
307.345306
309.576803
311.776848
313.852109
316.104898
318.372426
320.424490
322.580272
324.692653
326.837143
329.259410
331.829297
334.247188
336.685079
338.979592
341.165714
343.574875
346.149070
348.141633
350.418231
352.555238
354.736871
356.965442
359.232653
361.429887
363.599864
365.774014
367.977143
370.411429
373.006122
375.203764
377.281315
379.420816
381.433651
383.477256
385.694467
387.680408
389.623129
391.603265
393.528571
395.493878
397.482721
399.446871
401.426757
403.463447
405.559320
407.714127
409.823220
412.588299
415.384422
418.523741
420.852063
422.987596
425.064354
427.101270
429.255533
431.298889
433.339592
435.560816
437.617234
439.754376
441.884490
444.051020
446.125170
448.289002
450.447438
452.621224
454.719501
457.336440
459.324921
461.405397
463.597075
465.654059
468.029229
470.278980
472.365578
474.459682
476.600000
478.766667
480.901224
483.118050
485.266395
487.448254
489.493696
491.586667
493.788254
496.011859
498.278503
500.733356
502.958367
505.589614
508.056893
510.710204
513.421497
518.222562
521.385850
524.530045
527.407982
530.802472
532.970658
535.292653
537.713968
539.970862
542.166349
544.499728
546.701088
552.971497
556.620499
559.213447
562.006825
565.251474
569.021587
570.902222
572.781270
574.804399
576.795510
579.788390
583.379524
