1.511837
5.271111
7.404580
9.620000
11.949932
14.258866
16.745079
18.955147
21.381270
23.361859
25.528254
27.650113
29.847982
32.049206
34.220000
36.238912
38.868571
41.283810
43.717506
46.376054
48.565306
50.841633
53.287619
55.710340
57.884036
60.250204
62.544082
64.922449
67.363946
67.740000
67.740000
67.760000
67.760000
67.760000
68.240000
68.360000
68.360000
68.360000
68.360000
68.380000
68.460000
68.594286
69.473061
69.708526
70.040000
70.040000
70.040000
70.040000
70.040000
70.040000
70.300136
70.873878
71.200000
72.400000
72.446531
74.892244
78.387891
79.224490
79.340000
80.829252
82.391746
84.502404
85.862993
87.218277
87.360000
87.480000
87.500000
87.500000
87.500000
87.500000
87.500000
87.500000
87.500000
87.520000
88.100000
88.394943
88.840000
88.840000
88.840000
88.840000
88.840000
89.106485
89.380000
89.480000
89.480000
89.480000
89.500000
89.500000
89.560000
89.669206
90.020000
90.680000
90.680000
91.000000
91.160000
91.320000
91.418481
91.560000
91.880000
92.111293
93.767619
96.602902
99.250748
102.289524
107.080635
110.146032
113.029229
116.073991
120.444376
123.543356
126.826916
130.278141
133.597778
136.206122
139.492109
142.015918
144.408844
147.050272
149.573333
152.797415
157.303061
159.789796
162.325306
164.776803
167.536848
169.992109
172.604898
174.892426
177.564490
179.720272
182.012653
184.357143
186.779410
189.309297
191.927188
194.585079
197.339592
199.705714
202.314875
204.769070
207.046531
209.238231
211.755238
214.125624
216.525442
218.612653
221.589887
223.859864
226.154014
228.497143
230.831429
233.006122
235.383764
237.721315
240.000816
242.266825
244.517256
247.014467
249.300408
251.583129
253.903265
256.168571
258.353878
260.562721
262.766871
264.986757
267.543447
270.139320
272.574127
275.346440
278.468299
281.784422
285.863742
288.492063
290.887596
293.044354
295.501270
298.075533
300.358889
302.619592
305.000816
307.337234
309.674376
312.304490
314.891020
317.125170
319.529002
322.207438
324.590612
327.279501
329.616440
332.104921
334.425397
336.857075
339.194059
341.606145
344.218980
346.445578
348.799683
351.280000
353.666667
355.961224
358.258050
360.726395
363.508254
365.813696
368.126667
370.448254
372.831859
375.118503
377.493356
379.858367
382.389614
385.036893
387.970204
390.841996
396.182562
398.865850
402.126009
405.227982
409.922472
412.350658
415.012653
417.493968
420.110862
422.566349
425.099728
427.701088
433.751497
436.620499
440.033447
443.606825
448.211474
453.421587
455.482222
457.501270
459.624399
461.675510
464.208390
466.659524
