1.511837
4.891111
6.984580
9.020000
11.109932
13.149433
15.185079
17.375147
19.521270
21.581859
23.608254
25.570113
27.487982
29.409206
31.240000
33.238912
35.288571
37.343810
39.777506
41.916054
44.085306
46.220544
48.367619
50.610340
52.724036
54.930204
57.124082
59.302449
61.923946
64.033651
66.206122
68.560408
70.789524
72.971610
75.168118
77.401905
79.563039
81.907483
84.126395
86.539184
88.672290
91.334286
93.693061
97.788526
100.522222
103.615420
106.266893
110.388844
112.942177
116.282630
119.040136
121.993878
124.288526
126.710431
129.146531
131.365306
133.667891
135.984490
138.555873
143.089252
145.531746
147.762404
149.862993
152.238277
154.400748
156.525306
158.631610
160.667030
162.839184
165.101338
167.137959
169.303265
171.238503
173.182857
175.177687
177.134943
179.116825
181.197120
183.377007
185.709955
187.813968
190.086485
192.139365
194.380340
196.613333
198.788889
201.079592
203.443809
205.585079
208.009206
210.163016
212.327302
214.541995
216.915510
219.162630
221.329206
223.598481
225.742857
228.198912
230.271293
232.727619
234.902903
237.590748
239.949524
243.968254
247.046032
250.049229
252.773991
256.664376
259.283356
262.346916
265.198141
268.037778
270.346122
272.792109
275.235918
277.428844
279.950272
282.253333
284.917415
289.103061
292.329388
294.505306
296.716803
299.156848
301.072109
303.364898
305.597279
307.884490
310.020272
312.212653
314.397143
316.799410
319.289297
321.907188
324.365079
326.699592
328.965714
331.304127
333.669070
335.861633
337.698231
339.915238
342.025624
344.185442
346.092653
348.449887
350.659864
352.914014
354.857143
357.171429
359.246122
361.403764
363.461315
365.520816
367.606825
369.757256
371.854467
373.920408
376.083129
378.203265
380.248571
382.313878
384.342721
386.326871
388.246757
390.323447
392.419320
394.674127
396.783220
399.268299
401.684422
404.743741
406.912063
408.947596
410.984354
413.041270
415.135533
417.178889
419.179592
421.300816
423.397234
425.454376
427.804490
430.131020
432.145170
434.389002
436.507438
438.730612
440.959501
443.376440
445.424921
447.465397
449.677075
451.674059
453.789229
455.818980
457.865578
459.939683
462.240000
464.426667
466.701224
468.998050
471.166395
473.328254
475.593696
477.746667
479.888254
482.211859
484.318503
486.493356
488.638367
491.029614
493.236893
495.710204
497.960499
502.442562
505.005850
507.946009
510.767982
514.082472
516.110658
518.492653
520.693968
522.770862
524.866349
527.019728
529.021088
534.671497
538.762495
542.553447
545.393651
548.211474
552.141587
554.142222
556.042540
558.064399
559.995510
562.140000
564.839524
