1.491837
3.431111
5.564580
7.700000
9.969932
12.209433
14.445079
16.575147
18.841270
20.941859
23.068254
25.270113
27.407982
29.609206
31.720000
34.018912
36.248571
38.503810
40.917506
43.556054
45.805306
48.060544
50.487619
52.950340
55.304036
57.650204
59.964082
62.362449
64.683946
66.893651
69.286122
71.660408
74.004762
76.231610
78.488118
80.701905
82.963039
85.367483
87.546395
89.859184
92.452290
95.354286
98.306122
102.928526
106.102222
109.215419
112.266893
116.208844
119.682177
122.802630
125.520136
129.093878
132.228526
135.510431
138.486122
141.276735
144.047891
146.664490
149.435873
154.349252
157.111746
159.822404
162.242993
164.998277
167.520748
169.725306
172.011610
174.327030
176.459184
178.701338
180.817959
182.963265
185.158503
187.282857
189.497687
191.634943
193.976825
196.157120
198.357007
200.809955
203.453968
205.732427
207.959365
210.500340
212.833333
215.188889
217.519592
219.903809
222.205079
224.589206
226.783016
229.247302
231.501995
233.907755
236.202630
238.429206
240.738481
242.942857
245.518912
247.811293
250.087619
252.682903
255.550748
258.489524
263.120635
266.426032
269.406145
272.413991
276.804376
280.043356
283.186916
286.238141
290.177778
293.266122
297.092109
299.995918
303.066531
305.890272
308.413333
311.157415
315.923061
318.649796
321.345306
323.956803
326.696848
328.912109
331.464898
333.692426
336.324490
338.400272
340.772653
342.957143
345.359410
347.929297
350.627188
353.205079
355.479592
357.845714
360.354875
362.469070
364.964898
367.118231
369.375238
371.685624
373.965442
376.452653
378.689887
381.139864
383.414014
385.737143
388.151429
390.360000
392.723764
395.201315
397.380816
399.806825
402.137256
404.614467
406.940408
409.343129
411.703265
413.988571
416.193878
418.442721
420.606871
422.806757
425.083447
427.600000
429.914127
432.303220
435.048299
437.704422
440.843741
443.352063
445.767596
448.004354
450.241270
452.435533
454.658889
456.799592
459.020816
461.237234
463.294376
465.744490
467.931020
470.145170
472.389002
474.687438
477.070612
479.659501
481.996440
484.324921
486.605397
488.957075
491.154059
493.629229
495.958980
498.265578
500.579682
502.960000
505.166667
507.521224
509.858050
512.146395
514.628254
516.873696
519.066667
521.308254
523.771859
525.898503
528.333356
530.478367
533.109615
535.656893
538.350204
541.060499
545.902562
549.345850
552.506009
555.487982
559.262472
561.570658
563.792653
566.173968
568.450862
570.686349
573.039728
575.220000
580.851497
583.600499
586.133447
588.946825
591.931474
595.561587
597.802222
599.741270
601.964399
604.095510
606.768390
609.599524
