0.540000
2.571111
4.824580
7.000000
9.329932
11.549433
14.065079
16.195147
18.461270
20.621859
22.848254
25.010113
27.167982
29.309206
31.580000
33.718912
35.948571
38.123810
40.697506
43.256054
45.435918
47.660544
50.227619
52.470340
54.804036
57.470204
59.884082
62.002449
64.343946
66.553651
68.926122
71.220408
73.624762
76.011610
78.328118
80.661905
82.943039
85.427483
87.926395
90.339184
93.052290
95.814286
98.633061
102.848526
106.602222
109.795419
113.446893
117.968844
121.322177
124.782630
128.520136
132.313878
135.488526
138.570431
142.206531
145.218367
148.243674
151.164490
154.255873
157.929252
160.651746
163.062404
165.362993
167.858277
170.000748
172.265306
174.471610
176.707030
178.939184
181.201338
183.377959
185.643265
187.858503
190.062857
192.337687
194.494943
196.776825
198.997120
201.297007
203.949955
206.493968
208.806485
210.979365
213.520340
215.693333
218.088889
220.699592
223.043809
225.405079
227.729206
230.023016
232.387302
234.661995
237.047755
239.382630
241.789206
244.038481
246.382857
248.978912
251.331293
253.687619
256.402902
259.190748
261.949524
266.140635
269.846032
273.369229
277.053991
281.884376
285.343356
288.666916
292.558141
296.277778
299.546122
302.592109
305.955918
308.408843
311.850272
314.713333
317.837415
321.463061
324.239592
326.525306
329.276803
331.996848
334.292109
336.784898
339.092426
341.744490
343.960272
346.312653
348.617143
351.139410
353.749297
356.247188
358.725079
361.259592
363.525714
365.994875
368.529070
370.881633
373.178231
375.701905
378.185624
380.625442
382.946531
385.389887
387.779864
390.094014
392.337143
394.591429
396.786122
399.123764
401.301315
403.420816
405.766825
408.017256
410.214467
412.400408
414.663129
416.563265
419.048571
421.213878
423.342721
425.486871
427.626757
429.763447
431.939320
434.214127
436.443220
438.928299
441.324422
444.023741
446.192063
448.487596
450.664354
453.001270
455.135533
457.358889
459.519592
461.660816
464.077234
466.294376
468.564490
470.911020
473.225170
475.609002
477.947438
480.190612
482.519501
484.776440
487.044921
489.265397
491.554150
493.874059
496.129229
498.718980
500.945578
503.379683
505.740000
507.966667
510.301224
512.558050
515.026395
517.388254
519.653696
521.986667
524.108254
526.651859
529.058503
531.506712
533.916735
536.589615
539.136893
541.850204
544.380499
548.982562
552.365850
556.486009
559.767982
564.002472
566.330658
568.792653
571.153968
573.570862
576.046349
578.479728
581.121088
587.151497
591.640499
595.173447
598.626825
602.291474
606.501587
608.582222
610.605079
612.684399
614.655510
616.800000
619.339524
