1.280000
3.231111
5.124580
7.040000
9.089932
11.009433
13.005079
14.915147
16.901270
18.901859
20.868254
22.760000
24.667982
26.569206
28.520000
30.538912
32.488571
34.503810
36.797506
39.176054
40.985306
42.920544
45.067619
47.050340
49.128073
51.190204
53.264082
55.222449
57.323946
59.493651
61.526122
63.640408
65.624762
67.671610
69.788118
72.021905
74.163039
76.227483
78.366395
80.659184
82.932290
85.334286
87.693061
91.328526
94.282222
96.875419
99.266893
102.588844
105.082177
107.862630
110.400000
113.533878
116.102630
118.770431
121.619592
124.178367
126.547891
128.837959
131.315873
135.189252
137.551746
139.742404
141.902993
144.258277
146.440748
148.525306
150.451610
152.467030
154.399184
156.441338
158.457959
160.403265
162.338503
164.202857
166.097687
168.034943
170.216825
172.237120
174.257007
176.489773
178.753968
180.746485
182.639365
184.680340
186.833333
188.908889
191.039592
193.103809
195.225079
197.309206
199.443016
201.507302
203.501995
205.567755
207.662630
209.769206
211.918481
213.882857
216.038912
218.171293
220.447619
222.682903
225.070748
227.429524
231.060635
234.006032
236.449229
238.753991
242.164376
244.343356
247.126916
249.758141
253.037778
255.666122
258.472109
261.395918
263.748844
266.150272
268.593333
270.777415
274.803061
277.169796
279.325306
281.496803
283.956848
286.132109
288.244898
290.292426
292.564490
294.580272
296.712653
298.897143
301.079410
303.549297
306.167188
308.625079
310.879592
313.305714
315.354875
317.349070
319.841633
321.838231
323.835238
325.942494
328.025442
330.312653
332.329887
334.459864
336.454014
338.417143
340.671429
342.946122
344.963764
347.081315
349.100816
351.226825
353.577256
355.714467
357.880408
359.923129
361.923265
363.968571
365.873878
367.842721
369.846871
371.726757
373.743447
375.679320
377.974127
380.083220
382.688299
384.964422
387.743741
389.992063
392.147596
394.064354
396.181270
398.215533
400.258889
402.179592
404.180816
406.157234
408.094376
410.264490
412.251020
414.265170
416.509002
418.607438
420.810612
422.979501
425.136440
427.364921
429.565397
431.777075
434.014059
436.149229
438.496939
440.465578
442.499683
444.600000
446.646667
448.681224
450.738050
452.806395
454.888254
456.893696
458.906667
461.036508
463.411859
465.278503
467.453356
469.558367
471.969614
474.316893
476.650204
479.040499
482.982562
485.665850
488.346009
490.747982
494.220000
495.830658
497.932653
499.953968
502.030862
504.106349
506.299728
508.941088
514.631497
517.680499
520.253447
522.806825
525.791474
529.681587
531.782222
533.681270
535.624399
537.635510
539.588390
542.279524
