1.511837
5.551111
7.584580
9.580000
11.709932
13.809433
15.925079
17.975147
20.101270
22.221859
24.348254
26.450113
28.487982
30.589206
32.660000
34.718912
36.828571
38.863810
41.077506
43.216054
45.265306
47.300544
49.470476
51.610340
53.784036
56.030204
58.184082
60.262449
62.443946
64.653651
65.726122
66.020000
66.440000
66.460000
66.540000
66.841905
67.100000
67.387483
67.686395
67.860000
68.392290
69.460000
69.480000
69.480000
69.840000
69.915419
71.280000
71.840000
71.880000
72.140000
72.420000
72.673878
73.060000
73.060000
73.066531
73.738367
74.760000
75.764490
76.420000
77.600000
77.680000
77.680000
77.680000
78.058277
78.280000
78.585306
79.220000
79.220000
79.220000
79.220000
79.220000
79.220000
79.220000
79.220000
79.240000
79.240000
79.240000
79.240000
79.240000
79.240000
79.240000
79.720000
80.259365
80.460000
80.513333
80.608889
81.719592
82.580000
82.580000
82.580000
82.920000
83.360000
83.501995
83.640000
83.700000
83.740000
83.938481
84.240000
84.978912
84.980000
86.227619
88.222903
90.550748
92.849524
96.100635
98.746032
101.389229
104.253991
107.844376
110.303356
113.126916
115.978141
119.137778
121.366122
123.852109
126.095918
128.328844
130.490272
132.873333
135.397415
139.903061
142.409796
144.645306
146.916803
149.276848
151.392109
153.684898
155.992426
158.404490
160.380272
162.592653
164.777143
167.219410
169.769297
172.167188
174.425079
176.599592
178.785714
180.994875
183.129070
185.121633
187.438231
189.555238
191.685624
193.865442
196.092653
198.249887
200.479864
202.554014
204.737143
206.811429
208.846122
211.003764
213.081315
215.100816
217.146825
219.317256
221.574467
223.700408
225.883129
227.963265
230.048571
232.073878
234.142721
236.206871
238.246757
240.323447
242.439320
244.514127
246.540000
248.828299
251.024422
253.763741
255.992063
258.207596
260.304354
262.381270
264.475533
266.560000
268.719592
270.900816
272.957234
275.174376
277.364490
279.611020
281.805170
284.029002
286.407438
288.590612
290.699501
293.316440
295.164921
297.305397
299.417075
301.514059
303.629229
305.918980
307.945578
310.179683
312.360000
314.466667
316.621224
318.818050
320.966395
323.288254
325.293696
327.346667
329.468254
331.611859
333.718503
335.893356
337.978367
340.269614
342.316893
344.690204
346.940499
350.802562
353.345850
356.086009
358.847982
362.522472
364.730658
366.952653
369.213968
371.390862
373.646349
375.879728
378.141088
384.231497
387.380499
390.613447
393.733651
397.351474
401.781587
403.982222
405.821270
407.844399
409.875510
412.488390
414.899524
