1.511837
5.671111
8.164580
10.260000
12.489932
14.629433
16.925079
18.935147
21.041270
23.041859
25.008254
26.990113
28.947982
30.929206
32.920000
34.878912
36.988571
38.983810
41.297506
43.636054
45.721224
47.800544
50.027619
52.110340
54.184036
56.250204
58.284082
60.322449
62.423946
64.573651
66.726122
68.920408
71.024762
73.151610
75.148118
77.381905
79.523039
81.900000
84.126395
86.299184
88.512290
90.994286
93.413061
97.188526
99.962222
102.515419
105.106893
108.308844
110.822177
113.762630
116.460136
119.333878
121.828526
124.350431
126.966531
129.275102
131.811565
134.364490
136.855873
140.269252
142.711746
145.022404
147.222993
149.698277
151.840748
154.185306
156.291610
158.567030
160.639184
162.821338
164.797959
166.803265
168.878503
170.882857
172.897687
174.914943
176.876825
179.057120
181.137007
183.449955
186.013968
187.926485
189.919365
192.220340
194.393333
196.408889
198.599592
200.623809
202.745079
204.909206
207.043016
209.247302
211.501995
213.527755
215.602630
217.749206
219.838481
221.962857
224.358912
226.551293
228.767619
231.042902
233.410748
235.889524
239.580635
242.566032
245.269229
247.673991
251.024376
253.503356
256.466916
259.058141
261.997778
264.426122
266.892109
269.595918
272.028843
274.470816
276.913333
279.537415
283.023061
285.529796
287.785306
290.096803
292.616848
294.812109
297.204898
299.492426
301.984490
304.000272
306.132653
308.197143
310.339410
312.789297
315.287188
317.665079
319.879592
322.405714
324.574875
326.709070
329.081633
331.138231
333.315238
335.605624
337.745442
339.732653
342.189887
344.379864
346.434014
348.597143
350.671429
352.786122
355.083764
357.141315
359.180816
361.246825
363.317256
365.474467
367.560408
369.663129
371.683265
373.748571
375.773878
377.842721
379.886871
381.946757
384.043447
386.179320
388.274127
390.463220
393.128299
395.484422
397.783741
400.172063
402.407596
404.544354
406.721270
408.875533
411.038889
413.119592
415.300816
417.457234
419.454376
421.604490
423.731020
425.725170
427.869002
430.007438
432.190612
434.419501
436.656440
438.904921
441.105397
443.437075
445.534059
447.749229
449.858980
451.865578
453.919683
456.140000
458.246667
460.441224
462.618050
464.766395
466.968254
468.993696
471.086667
473.248254
475.651859
477.678503
479.933356
482.115102
484.489615
486.696893
489.190204
491.620499
495.722562
498.405850
501.186009
503.847982
507.542472
509.330658
511.572653
513.693968
515.850862
517.966349
520.079728
522.040000
526.131497
528.900499
531.513447
533.926825
537.191474
540.101587
542.002222
543.861270
545.744399
547.555510
550.048390
552.339524
