0.691837
2.871111
4.929161
7.020000
9.369932
11.649433
14.005079
16.015147
18.221270
20.341859
22.408254
24.510113
26.567982
28.709206
30.680000
33.058912
35.108571
37.283810
39.897506
42.296054
44.405306
46.580544
48.887619
51.090340
53.364036
55.630204
57.824082
60.042449
62.363946
64.533651
66.686122
69.080408
71.244762
73.351610
74.140000
74.321905
74.360000
74.420000
74.906395
74.940000
74.960000
75.500000
76.433061
77.968526
78.320000
78.640000
79.180000
79.608844
79.720000
79.842630
80.060000
80.100000
80.100000
80.100000
80.100000
80.100000
80.100000
80.100000
80.120000
80.200000
80.300000
80.540000
80.560000
80.780000
80.800000
81.040000
81.060000
81.060000
81.080000
81.080000
81.120000
81.463265
81.540000
81.560000
81.560000
81.574943
81.600000
81.600000
81.600000
81.600000
81.620000
81.666485
81.680000
81.680000
81.680000
81.700000
82.319592
82.860000
82.860000
82.860000
82.900000
83.047302
83.220000
83.520000
84.122630
84.629206
85.038481
85.240000
85.520000
86.080000
87.207619
89.682903
92.570748
95.409524
99.780635
103.726032
106.589229
109.693991
113.824376
116.783356
120.066916
123.258141
126.557778
129.296734
132.392109
135.439184
138.028435
140.890272
143.473333
146.197415
151.323061
153.989796
156.165306
158.396803
161.036848
163.212109
165.664898
168.192426
170.704490
172.740272
174.932653
177.197143
179.499410
181.909297
184.507188
187.025079
189.859592
192.545714
195.014875
197.349070
199.641633
201.938231
204.375238
206.505624
208.805442
211.072653
213.349887
215.719864
217.894014
220.117143
222.291429
224.466122
226.663764
228.841315
230.960816
233.046825
235.197256
237.494467
239.660408
241.863129
243.933061
246.128571
248.253878
250.362721
252.466871
254.566757
256.683447
258.719320
261.034127
263.383220
266.048299
268.264422
271.223742
273.452063
275.787596
277.944354
280.041270
282.275533
284.378889
286.459592
288.600816
290.757234
292.794376
295.024490
297.251020
299.365170
301.569002
303.807438
306.170612
308.539501
310.976440
313.404921
315.625397
317.957075
320.254059
322.509229
324.858980
327.045578
329.199682
331.360000
333.506667
335.801224
338.118050
340.286395
342.468254
344.633696
346.746667
348.988254
351.251859
353.518503
355.773356
358.058367
360.629615
362.956893
365.690204
368.280499
373.282562
377.105850
380.706009
384.067982
388.722472
390.910658
393.852653
396.717778
399.190862
401.966349
404.779728
407.200000
412.331497
417.363492
422.553447
426.286825
430.211474
433.921587
436.022222
437.821270
439.764399
441.715510
444.148390
446.719524
