1.360000
3.351111
5.604580
7.980000
10.329932
12.669433
15.125079
17.295147
19.561270
21.761859
23.928254
26.110113
28.267982
30.329206
32.520000
34.698912
36.808571
39.023810
41.397506
43.896054
46.045306
48.180544
50.467619
52.790340
54.984036
57.430204
59.584082
61.582449
63.843946
65.953651
68.106122
70.220408
72.364762
74.491610
76.548118
78.821905
80.866077
83.227483
85.472789
87.959184
90.192290
92.814286
95.293061
99.308526
102.162222
105.255420
107.840000
111.288844
114.122177
117.202630
120.020136
123.073878
125.468526
128.170431
131.186531
133.698367
136.047891
138.444490
140.955873
144.689252
147.211746
149.762404
151.942993
154.694830
157.100748
159.465306
161.771610
164.147030
166.339184
168.561338
170.757959
172.923265
175.118503
177.202857
179.337687
181.574943
183.793651
185.917120
188.157007
190.569955
193.013968
195.186485
197.279365
199.740340
201.993333
204.288889
206.699592
208.883809
210.945079
213.129206
215.263016
217.414603
219.501995
221.707755
223.842630
225.889206
228.218481
230.382857
232.718912
235.171293
237.442857
239.942903
242.590748
245.069524
249.200635
252.246032
255.349229
257.913991
261.364376
264.243356
267.246916
270.118141
273.177778
275.546122
278.252109
281.175918
283.708844
286.070272
288.453333
290.957415
294.723061
297.069796
299.525306
302.016803
304.876848
307.092109
309.424898
311.692426
314.344490
316.440272
318.712653
320.877143
323.139410
325.609297
327.907188
330.465079
333.300000
335.305714
337.614875
339.649070
341.984898
344.198231
346.475238
348.705624
351.085442
353.452653
355.589887
357.919864
360.054014
362.217143
364.331429
366.606122
368.623764
370.821315
372.920816
374.986825
377.137256
379.414467
381.580408
383.723129
385.863265
387.968571
390.173878
392.242721
394.326871
396.346757
398.443447
400.579320
402.794127
405.063220
407.868299
410.224422
413.803742
416.452063
418.667596
420.784354
422.981270
425.175533
427.338889
429.479592
431.760816
434.157234
436.474376
438.844490
441.091020
443.325170
445.549002
447.827438
450.110612
452.634512
455.396440
457.444921
459.725397
461.997075
464.274059
466.509229
468.998980
471.305578
473.699682
475.920000
478.046667
480.161225
482.358050
484.586395
486.768254
488.873696
490.986667
493.168254
495.551859
497.718503
500.033356
502.238367
504.729615
507.136893
509.690204
512.080499
516.562562
519.585850
522.366009
524.987982
528.502472
530.730658
533.152653
535.553968
537.730862
540.046349
542.199728
544.541088
549.931497
553.420499
556.673447
559.326825
562.771474
567.306349
569.422222
571.321270
573.364399
575.435510
577.948390
580.060000
