0.711837
2.491111
4.404580
6.500000
8.669932
10.789433
12.885079
15.095147
17.181270
19.341859
21.508254
23.650113
25.747982
27.809206
29.780000
31.918912
33.928571
36.043810
38.177506
40.596054
42.425306
44.460544
46.595238
48.770340
50.904036
53.130204
55.304082
57.422449
59.723946
60.240000
60.240000
60.240000
60.240000
60.511610
61.200000
62.081905
63.040000
63.220000
63.220000
63.220000
63.260000
64.574286
64.860000
65.280000
65.402222
65.440000
65.440000
66.100000
66.660000
66.680000
67.040136
67.320000
67.680000
67.680000
67.766531
69.260000
70.247891
71.644490
71.720000
74.409252
75.260000
75.422404
76.322993
77.658277
77.880000
77.880000
77.880000
77.880000
77.880000
77.880000
77.880000
77.880000
77.880000
77.880000
77.880000
77.880000
77.880000
77.880000
77.880000
77.880000
77.880000
77.900000
77.900000
78.020000
78.020000
78.020000
78.020000
78.040000
78.060000
78.649206
79.500000
80.000000
80.160000
80.680000
80.702630
80.780000
80.818481
80.960000
81.218912
81.751293
84.035238
86.402903
89.070748
91.729524
95.660635
98.386032
101.349229
103.953991
107.744376
110.083356
113.106916
115.998141
119.397778
121.766122
124.292109
126.635918
128.848844
131.070272
133.413333
136.157415
140.403061
142.789796
145.065306
147.296803
149.636848
152.072109
154.444898
156.692426
158.964490
161.040272
163.232653
165.517143
167.819410
170.309297
172.607188
174.885079
177.139592
179.445714
181.854875
184.569070
186.481633
188.658231
190.995238
193.225624
195.465442
197.892653
200.069887
202.359864
204.434014
206.677143
208.851429
210.946122
213.123764
215.281315
217.420816
219.526825
221.817256
224.114467
226.440408
228.643129
230.723265
233.028571
235.213878
237.342721
239.526871
241.666757
243.923447
245.939320
248.314127
250.483220
252.868299
255.284422
258.203741
260.572063
262.687596
264.904354
267.041270
269.195533
271.338889
273.439592
275.680816
277.777234
279.994376
282.424490
284.631020
286.845170
289.049002
291.287438
293.510612
295.659501
298.256440
300.289524
302.505397
304.637075
306.774059
308.909229
311.118980
313.385578
315.539683
317.840000
319.926667
322.101225
324.358050
326.486395
328.688254
330.753696
332.946667
335.168254
337.411859
339.598503
341.853356
344.058367
346.529614
348.876893
351.690204
354.560499
358.862562
361.385850
364.186009
366.967982
370.642472
372.890658
375.312653
377.593968
379.901723
382.206349
384.559728
386.980000
392.851497
395.620499
398.533447
401.786825
405.391474
409.281587
411.382222
413.361270
415.344399
417.315510
420.208390
422.339524
