1.171837
2.851111
5.004580
7.160000
9.389932
11.629433
13.845079
15.975147
18.081270
20.081859
22.208254
24.280227
26.327982
28.349206
30.460000
32.618912
34.808571
37.083810
39.497506
41.956054
44.130612
46.260544
48.587619
50.870340
53.044036
55.370204
57.524082
59.682449
62.003946
64.193651
66.426122
68.680408
70.884762
73.111610
75.348118
77.601905
79.763039
82.167483
84.386395
86.579184
88.912290
91.394286
93.873061
98.988526
101.862222
104.855419
107.946893
112.788844
115.662177
118.742630
121.980136
125.593878
128.608526
131.530431
134.326531
137.138367
139.467891
142.044490
144.855873
149.509252
152.091746
154.499229
156.822993
159.398277
161.820748
164.045306
166.311610
168.447030
170.579184
172.741338
174.797959
176.983265
179.038503
181.062857
183.117687
185.214943
187.376825
189.637120
191.957007
194.309955
196.853968
199.006485
201.099365
203.380340
205.613333
207.828889
210.079592
212.323809
214.485079
216.789206
219.003016
221.167302
223.401995
225.687755
227.862630
230.089206
232.298481
234.422857
236.778912
238.911293
241.207619
243.442903
245.970748
248.489524
253.680635
256.686032
259.729229
262.793991
267.824376
270.483356
273.826916
277.198141
280.897778
283.572245
286.712109
289.415918
292.208844
294.630272
297.173333
299.877415
304.663061
307.209796
309.565306
311.896803
314.476848
316.952109
319.484898
322.032426
324.424490
326.480272
328.632653
330.677143
332.879410
335.289297
337.687188
339.885079
342.139592
344.345714
346.694875
348.469070
351.183265
353.418231
355.535238
357.651247
359.905442
362.092653
364.149887
366.379864
368.474014
370.637143
372.691429
374.946122
377.103764
379.181315
381.320816
383.386825
385.717256
387.994467
390.180408
392.263129
394.323265
396.408571
398.573878
400.602721
402.666871
404.726757
406.943447
408.799320
411.234127
413.363220
415.968299
418.364422
421.783741
424.152063
426.307596
428.544354
430.761270
432.855533
434.918889
436.999592
439.100816
441.197234
443.314376
445.644490
447.811020
449.965170
452.089002
454.247438
456.410612
458.579501
461.236440
463.204921
465.405397
467.577075
469.734059
471.929229
474.338980
476.345578
478.539683
480.940000
483.113333
485.301224
487.518050
489.786395
492.088254
494.193696
496.306667
498.628254
500.831859
502.997007
505.253356
507.378367
509.709614
511.996893
514.510204
517.140499
522.122562
525.145850
528.526009
531.687982
536.142472
538.390658
540.592653
542.953968
545.050862
547.166349
549.379728
551.681088
557.371497
560.220499
563.613447
566.366825
569.491474
573.781587
576.062222
577.941270
580.104399
582.175510
584.768390
586.719524
