1.300000
3.491111
5.404580
7.340000
9.509932
11.609433
13.705079
15.815147
17.901270
19.841859
21.948254
24.050113
26.067982
28.069206
30.200000
32.338912
34.528571
36.763810
39.117506
41.376054
43.635918
45.760544
47.907619
50.090340
52.344036
54.590204
56.724082
58.942449
61.183946
63.413651
65.566122
67.840408
70.004762
72.131610
74.468118
76.481905
78.663039
81.007483
83.346395
85.619184
88.032290
90.734286
93.593061
97.748526
100.802222
103.671292
106.546893
110.560000
113.222177
116.402630
119.660136
123.093878
125.868526
128.580862
131.166531
133.658367
136.107891
138.604490
140.555873
140.600000
140.600000
140.740000
140.840000
140.840000
141.100748
141.160000
141.160000
141.160000
141.260000
141.260000
141.300000
141.320000
141.320000
141.320000
141.320000
141.340000
141.340000
141.357120
141.380000
141.380000
141.400000
141.960000
142.719365
143.200000
143.380000
143.420000
143.719592
143.900000
144.020000
144.020000
144.020000
144.040000
144.040000
144.040000
144.062630
144.580000
144.940000
144.940000
144.940000
144.940000
144.940000
144.940000
145.160000
145.220000
145.840000
145.840000
145.840000
145.840000
145.840000
145.840000
146.066916
147.158141
148.180000
148.240000
148.240000
148.295918
148.300000
148.350272
148.380000
148.380000
148.540000
149.140000
150.505306
152.876803
155.336848
157.372109
159.664898
161.892426
164.144490
166.320272
168.432653
170.557143
172.739410
175.160000
177.647188
180.385079
182.859592
185.325714
187.614875
189.669070
191.944898
194.078231
196.215238
198.445624
200.665442
202.872653
205.329887
207.479864
209.714014
211.917143
214.151429
216.546122
218.563764
220.621315
222.780816
224.826825
226.937256
229.234467
231.400408
233.543129
235.563265
237.608571
239.673878
241.742721
243.766871
245.826757
247.983447
250.319320
252.514127
254.863220
257.468299
259.824422
262.643741
264.812063
266.927596
268.944354
271.041270
273.075533
275.158889
277.279592
279.360816
281.497234
283.554376
285.644490
287.851020
290.085170
292.349002
294.507438
296.670612
298.978503
301.416440
303.844921
305.945397
308.237075
310.334059
312.553832
314.778980
316.865578
319.039683
321.280000
323.366667
325.721225
327.818050
330.026395
332.308254
334.453696
336.586667
338.848254
341.031859
343.238503
345.673356
347.918367
350.329614
352.796893
355.490204
357.960499
362.762562
365.605850
368.466009
371.287982
375.222472
377.350658
379.772653
382.053968
384.290862
386.486349
388.819728
391.041088
396.771497
400.100499
402.933447
405.566825
408.651474
412.341587
414.342222
416.381270
418.364399
420.255510
423.250340
426.559524
