0.600816
3.223946
5.879728
8.715374
11.800454
15.293333
17.716327
20.682857
24.592653
28.242857
34.518367
37.073878
39.592517
42.694694
44.593016
47.460862
49.679320
52.174422
54.572608
56.745215
58.750023
60.390068
62.412608
64.201224
66.431156
67.866893
70.828163
73.481043
76.192608
79.623197
82.139002
84.343039
87.819365
91.253288
93.134785
96.409751
97.750068
99.121043
100.335918
101.544082
102.797687
104.079138
105.282857
106.490612
107.655556
108.893061
110.074376
111.278594
112.445397
113.628980
114.796190
116.011293
117.183175
118.324263
119.505578
120.652381
121.781633
123.152653
124.349932
125.616599
127.057234
128.948481
130.230748
131.380136
132.639864
133.996372
135.310295
136.906168
138.374694
139.741224
141.019048
142.136508
143.449206
144.777143
146.058549
147.379048
148.569796
149.705941
150.984444
152.204127
153.146984
154.334921
155.504762
156.614921
157.759546
158.829297
159.954830
161.114558
162.229116
163.316735
164.514966
165.827891
167.325170
169.400136
171.880000
173.754875
175.104717
175.964490
176.797959
177.671791
178.527755
180.136327
180.839184
181.703401
182.554558
183.406168
184.402041
185.262721
186.127982
186.900726
188.095510
188.747755
189.689524
191.842676
193.678776
196.625714
197.749660
199.409524
202.597642
205.268027
208.476825
212.205079
215.671111
219.542222
223.213333
227.128571
230.880317
232.121633
233.338503
234.442721
235.640000
236.871156
238.081497
239.243129
240.317007
241.438231
242.544036
243.626621
244.876463
245.799229
246.947392
248.128299
249.223719
250.284535
251.356417
252.455556
253.605578
254.677460
255.769342
256.820000
257.978413
259.093923
260.254014
261.397415
262.476463
263.608254
264.780907
265.917324
267.055510
268.203265
269.287302
270.527755
271.580635
272.823424
273.974739
275.111111
276.241587
277.410658
278.589070
279.557098
280.365986
281.725397
282.931429
284.325079
285.383401
287.244399
288.005578
289.193061
290.492653
291.770204
292.942041
294.907143
296.184331
298.754694
300.304807
302.687347
305.708118
309.728844
312.736735
318.729524
