0.580816
3.643946
6.299728
11.012948
13.940454
17.493333
19.616327
22.362857
25.592653
28.642857
35.038367
37.713878
40.192517
42.394694
45.213016
47.272608
49.339320
51.174422
53.486304
55.490431
56.950023
58.490068
59.812608
61.541224
63.291156
66.326893
70.268163
73.001043
77.232608
80.263197
83.019002
85.443039
89.255873
93.033288
95.834785
99.129751
100.430068
101.701043
103.175918
104.244082
105.537687
106.799138
108.002857
109.250612
110.335556
111.613061
112.734376
113.918594
115.065397
116.168980
117.280000
118.491293
119.643175
120.724263
121.905578
123.032381
124.101633
125.412653
126.189932
127.196599
128.417234
129.648481
130.890748
131.640136
132.959864
134.416372
135.850295
137.026168
138.334694
139.421224
140.479048
141.616508
142.749206
143.851429
144.938549
146.159048
147.309796
148.265941
149.284444
150.504127
151.566984
152.734921
153.812381
154.934921
156.019546
157.089297
158.154830
159.234558
160.249116
161.236735
162.534966
163.747891
165.065170
166.480136
169.950522
171.914875
173.224717
173.984490
174.717959
175.480000
176.307755
177.336327
178.019184
178.743401
179.454558
180.166168
181.002041
181.742721
182.507982
183.240726
184.135510
184.607755
185.349524
187.342676
189.498776
192.845714
194.209660
195.789524
199.677642
202.232109
206.336825
210.785079
214.371111
218.602222
223.233333
227.802857
232.200317
233.261633
234.298503
235.342721
236.320000
237.420000
238.421497
239.543129
240.600000
241.538231
242.604036
243.546621
244.756463
245.699229
246.707392
247.888299
248.803719
249.884535
250.776417
251.935556
252.865578
253.977460
254.869342
255.877279
256.878413
257.933923
259.074014
260.197415
261.036463
262.048254
263.180907
264.157324
265.195510
266.203265
267.247302
268.387755
269.320635
270.463424
271.374739
272.411111
273.401587
274.370658
275.629070
276.360000
276.885986
277.885397
278.611429
279.365079
279.980000
280.764399
281.605578
282.393061
282.932653
283.770204
284.260000
285.667143
287.004331
290.534694
292.544807
295.207347
298.948118
309.408844
311.316735
316.689524
