1.420816
5.403946
8.059728
11.852948
15.800454
20.393333
22.696327
24.742857
27.452653
29.542857
34.598367
37.573878
40.232517
42.154694
44.033016
45.812608
47.559320
49.434422
51.666304
53.765215
55.950023
57.830068
59.472608
61.201224
63.471156
65.447574
68.548163
71.421043
75.052608
77.823197
79.719002
81.403039
83.615873
85.693288
86.894785
89.629751
90.910068
92.221043
93.435918
94.724082
95.957687
97.239138
98.502857
99.750612
101.175556
102.293061
103.434376
104.618594
105.825397
107.028980
108.356190
109.551293
110.843175
112.024263
113.205578
114.452381
115.661633
117.052653
118.169932
119.236599
120.657234
122.040000
122.950748
123.900136
124.919864
125.976372
127.131474
128.666168
129.694694
130.801224
131.819048
132.896508
133.969206
134.951429
136.018549
137.199048
138.220000
139.225941
140.284444
141.524127
142.546984
143.674921
144.752381
145.954921
147.039546
148.089297
149.174830
150.274558
151.409116
152.456735
153.634966
155.187891
156.625170
158.340136
161.690522
163.914875
165.626213
167.044490
167.917959
168.820000
169.787755
171.436327
172.239184
173.083401
173.934558
174.766168
175.802041
176.702721
177.567982
178.320726
179.455510
180.107755
181.029524
183.222676
185.238776
188.705714
189.709660
191.289524
194.997642
198.164218
202.116825
205.645079
208.771111
212.562222
216.593333
220.348571
224.080317
225.101633
226.298503
227.340000
228.440000
229.551156
230.701497
231.823129
232.997007
234.038231
235.260000
236.166621
237.356463
238.379229
239.420000
240.568299
241.623719
242.804535
243.796417
244.895556
245.965578
246.957460
248.129342
249.177279
250.238413
251.393923
252.394014
253.317415
254.476463
255.488254
256.640907
257.677324
258.755510
259.883265
261.007302
262.167755
263.220635
264.403424
265.494739
266.631111
267.781587
268.910658
270.289070
271.317098
272.305986
273.785397
274.871429
276.125079
277.203401
278.464399
280.065578
281.593061
282.332653
283.950204
285.002041
286.847143
288.004331
290.934694
292.524807
294.927347
297.468118
301.308844
304.436735
311.349524
