0.700816
4.582857
7.879728
12.132948
15.320454
19.193333
21.076327
23.382857
25.732653
28.002857
33.778367
37.093878
39.652517
41.953469
44.413016
46.312608
48.219320
50.174422
52.626304
55.125215
57.270023
59.570068
61.132608
63.781224
66.551156
69.026893
72.508163
75.481043
78.692608
82.083197
84.399002
86.303039
88.915873
91.673288
93.434785
96.849751
98.250068
99.621043
100.955918
102.264082
103.577687
104.899138
106.202857
107.470612
108.675556
109.973061
111.208753
112.438594
113.665397
114.848980
116.056190
117.271293
118.463175
119.624263
120.845578
122.012381
123.181633
124.632653
125.829932
127.436599
128.937234
130.588481
131.930748
133.180136
134.639864
136.256372
137.470295
139.186168
140.434694
141.561224
143.039048
144.316508
145.838413
147.151429
148.418549
149.739048
150.969796
152.185941
153.284444
154.584127
155.766984
157.014921
158.184762
159.354921
160.559546
161.709297
162.854830
164.034558
165.229116
166.356735
167.514966
168.787891
170.205170
172.140136
174.130522
176.074875
178.124717
179.204490
180.237959
181.251791
182.327755
183.676327
184.559184
185.603401
186.694558
187.746168
189.022041
189.982721
190.947982
191.860726
193.135510
193.707755
194.609524
196.382676
198.238776
201.545714
202.529660
204.289524
207.657642
210.748163
215.156825
219.205079
223.051111
226.942222
232.333333
236.688571
240.860317
242.021633
243.158503
244.262721
245.420000
246.540000
247.641497
248.763129
249.817007
251.038231
252.224036
253.246621
254.416463
255.499229
256.587392
257.688299
258.803719
260.004535
261.076417
262.155556
263.285578
264.437460
265.509342
266.597279
267.838413
268.913923
270.094014
271.297415
272.376463
273.508254
274.700907
275.797324
276.895510
278.043265
279.127302
280.287755
281.300635
282.563424
283.694739
284.831111
285.981587
287.110658
288.389070
289.477098
290.340000
291.545397
292.431429
293.565079
294.583401
295.744399
296.725578
298.113061
298.712653
300.110204
300.760000
302.260000
303.064331
305.314694
307.084807
309.327347
312.068118
314.868844
317.156735
322.709524
