1.180816
4.423946
7.379728
11.372948
14.820454
18.553333
20.756327
22.642857
25.052653
27.302857
32.378367
35.533878
38.212517
40.394694
43.433016
45.732608
47.959320
50.594422
53.306304
56.245215
58.490023
60.730068
62.732608
65.261224
67.551156
69.566893
73.148163
75.801043
79.212608
83.463197
86.179002
87.943039
90.715873
93.353288
94.820000
98.069751
99.310068
100.641043
101.815918
102.984082
104.237687
105.499138
106.622857
107.910612
109.095556
110.153061
111.274376
112.458594
113.605397
114.748980
115.956190
117.151293
118.263175
119.384263
120.585578
121.792381
122.961633
124.632653
125.829932
127.016599
128.857234
130.468481
131.770748
133.060136
134.639864
136.176372
137.310295
138.543537
140.334694
141.461224
142.839048
144.216508
145.489206
146.791429
148.098549
149.339048
150.569796
151.685941
152.833333
154.124127
155.306984
156.394921
157.572381
158.694921
159.839546
160.909297
162.014830
163.194558
164.329116
165.416735
166.574966
167.727891
168.945170
170.640136
172.810522
174.674875
175.893016
177.324490
178.517959
179.631791
180.827755
182.836327
183.739184
184.787619
185.974558
187.146168
188.182041
189.199048
190.427982
191.320726
193.162041
193.883265
195.129524
197.482676
200.138776
204.145714
205.409660
207.389524
211.877642
214.692109
217.856825
221.280317
224.591111
228.642222
233.133333
236.608571
240.120317
240.921633
242.618503
243.802721
245.060000
246.311156
247.561497
248.803129
250.137007
251.298231
252.600000
253.686621
254.996463
256.279229
257.607392
258.808299
260.043719
261.304535
262.576417
263.775556
264.985578
266.197460
267.429342
268.637279
269.858413
271.047846
272.334014
273.577415
274.816463
275.968254
277.260907
278.377324
279.515510
280.723265
281.867302
283.147755
284.360635
285.603424
286.814739
287.991111
289.201587
290.450658
291.729070
293.097098
294.225986
296.165397
297.531429
299.805079
301.123401
303.864399
305.765578
306.993061
308.752653
311.490204
312.562041
314.827143
316.444331
319.454694
321.544807
323.707347
326.348118
330.008844
332.616735
339.169524
