0.480816
3.463946
6.019728
9.452948
12.700454
16.233333
18.476327
20.722857
22.812653
24.822857
30.898367
33.713878
36.292517
38.214694
40.193016
42.072608
43.919320
46.048844
47.706304
49.745215
51.590023
53.110068
54.332608
55.820000
57.111156
58.986893
62.128163
64.781043
67.872608
70.903197
73.479002
75.383039
77.615873
80.213288
82.114785
85.369751
86.810068
88.181043
89.575918
90.884082
92.257687
93.679138
95.002857
96.350612
97.615556
99.086122
100.394376
101.738594
103.085397
104.308980
105.584762
107.151293
108.509524
109.724263
111.005578
112.332381
113.681633
115.312653
116.909932
118.076599
119.597234
121.048481
122.510748
123.760136
125.419864
126.576372
128.250295
129.568027
131.854694
133.121224
134.979048
136.686032
138.209206
139.611429
141.078549
142.859048
145.089796
146.425941
147.684444
149.124127
150.366984
151.654921
152.892381
154.154921
155.439546
156.649297
157.834830
159.034558
160.229116
161.456735
163.094966
164.987891
167.125170
169.060136
173.090522
175.074875
176.384717
177.364490
178.277959
179.251791
180.442041
182.496327
183.439184
184.403401
185.374558
186.366168
187.522041
188.542721
189.467982
190.540726
191.815510
192.587755
193.689524
195.622676
197.598776
200.345714
201.489660
203.349524
206.177642
208.108027
210.796825
213.605079
216.571111
219.122222
223.493333
226.548571
229.900317
231.201633
232.518503
233.842721
235.180000
236.511156
237.741497
239.089388
240.477007
241.678231
243.084036
244.346621
245.616463
246.939229
248.347392
249.748299
251.003719
252.384535
253.656417
254.955556
256.265578
257.617460
258.949342
260.217279
261.598413
262.873923
264.234014
265.497415
266.816463
268.108254
269.480907
270.717324
271.995510
273.283265
274.527302
275.927755
277.060635
278.463424
279.694739
280.931111
282.241587
283.470658
284.769070
286.077098
287.305986
289.185397
290.471429
292.465079
293.523401
295.264399
297.365578
299.493061
300.672653
302.090204
303.442041
306.147143
307.484331
310.354694
312.564807
315.167347
317.648118
320.728844
322.476735
325.969524
