0.600816
3.483946
6.139728
9.572948
12.600454
16.033333
18.256327
20.522857
23.312653
25.862857
30.758367
33.193878
35.972517
37.814694
39.733016
41.905215
43.639320
45.334422
46.986304
48.805215
50.210023
51.590068
52.932608
54.501224
56.200000
57.706893
60.868163
63.541043
66.672608
69.803197
72.039002
73.640000
76.395873
79.253288
80.914785
83.569751
84.910068
86.221043
87.515918
88.784082
90.097687
91.399138
92.682857
94.010612
95.195556
96.493061
97.694376
98.918594
100.185397
101.388980
102.576190
103.831293
105.063175
106.224263
107.425578
108.632381
109.821633
111.212653
112.409932
113.616599
115.277234
116.888481
118.170748
119.480136
120.959864
122.376372
123.710295
125.106168
126.494694
127.621224
129.039048
130.496508
131.809206
133.011429
134.258549
135.619048
136.769796
137.925941
139.064444
140.384127
141.606984
142.874921
144.032381
145.274921
146.459546
147.609297
148.774830
150.014558
151.269116
152.396735
153.674966
154.867891
156.125170
157.820136
160.930522
162.634875
164.084717
165.084490
166.117959
167.191791
168.287755
169.796327
170.639184
171.683401
172.714558
173.706168
174.782041
175.760000
176.627982
177.580726
178.695510
179.427755
180.509524
183.002676
184.638776
187.345714
188.469660
189.849524
192.657642
195.556054
199.396825
202.405079
205.571111
208.742222
212.353333
215.288571
218.640317
219.741633
220.938503
222.102721
223.220000
224.400000
225.541497
226.643129
227.677007
228.898231
230.004036
231.126621
232.316463
233.359229
234.547392
235.608299
236.823719
237.944535
239.016417
240.135556
241.225578
242.377460
243.489342
244.637279
245.798413
246.893923
248.074014
249.257415
250.296463
251.428254
252.660907
253.757324
254.875510
256.063265
257.147302
258.387755
259.420635
260.683424
261.854739
262.991111
264.141587
265.290658
266.469070
267.477098
268.505986
269.985397
271.331429
272.885079
273.923401
275.164399
276.665578
278.093061
279.272653
280.830204
281.862041
283.640000
284.620000
286.834694
288.684807
291.267347
293.688118
296.728844
298.916735
303.929524
