1.000816
3.783946
5.939728
8.952948
11.540454
14.473333
16.556327
18.522857
21.092653
23.242857
27.518367
29.653878
32.112517
33.934694
35.813016
37.472608
39.299320
40.814422
42.586304
44.885215
46.290023
47.990068
49.172608
50.981224
52.611156
55.366893
58.968163
61.541043
64.152608
66.843197
69.139002
70.343039
72.655873
74.973288
76.214785
79.409751
80.790068
82.441043
83.795918
85.024082
86.437687
87.935692
89.102857
90.450612
91.675556
92.853061
94.074376
95.338594
96.505397
97.648980
98.856190
100.131293
101.323175
102.464263
103.605578
104.772381
105.921633
107.252653
108.409932
109.496599
111.097234
112.628481
113.870748
115.080136
116.299864
117.736372
118.710295
120.046168
121.354694
122.481224
123.759048
124.876508
126.249206
127.902857
129.218549
130.739048
132.409796
133.785941
134.904444
136.404127
137.506984
138.674921
139.852381
141.054921
142.259546
143.409297
144.514830
145.734558
146.909116
148.096735
149.494966
150.847891
152.325170
154.520136
157.630522
159.634875
161.104717
162.084490
163.117959
164.171791
165.387755
167.316327
168.099184
169.083401
170.174558
171.126168
172.302041
173.322721
174.447982
175.360726
176.715510
177.387755
178.369524
180.462676
182.298776
185.685714
186.669660
188.329524
191.717642
195.408027
199.056825
202.285079
205.771111
209.522222
214.273333
217.668571
221.840317
223.001633
224.158503
225.322721
226.420000
227.631156
228.821497
229.843129
230.957007
232.118231
233.264036
234.180000
235.436463
236.599229
237.727392
238.908299
239.983719
241.224535
242.376417
243.435556
244.505578
245.617460
246.769342
247.837279
249.018413
250.113923
251.414014
252.297415
253.436463
254.808254
255.960907
257.077324
258.195510
259.303265
260.427302
261.587755
262.660635
263.823424
264.914739
266.011111
267.141587
268.310658
269.809070
270.897098
271.805986
273.025397
273.931429
275.105079
276.063401
277.184399
278.425578
279.613061
280.492653
281.990204
282.600000
284.100000
285.060000
287.474694
288.680000
290.927347
293.768118
297.248844
299.596735
304.229524
