1.600816
6.643946
9.619728
13.012948
14.940454
18.813333
21.336327
23.908571
27.692653
30.702857
37.818367
41.233878
44.132517
46.934694
48.773016
51.592608
53.699320
56.854422
58.866304
61.245215
63.170023
65.190068
66.832608
68.681224
70.411156
71.966893
75.748163
80.601043
83.532608
86.083197
88.639002
90.663039
94.503492
97.593288
99.574785
103.649751
105.030068
106.381043
107.695918
109.004082
110.317687
111.777415
112.982857
114.290612
115.655556
116.813061
118.054376
119.258594
120.485397
121.668980
122.876190
124.191293
125.363175
126.524263
127.711156
128.892381
130.081633
131.392653
132.589932
133.500000
134.757234
136.088481
137.290748
138.280136
139.499864
140.556372
141.690295
142.766168
144.174694
145.221224
146.379048
147.576508
148.769206
149.971429
151.098549
152.319048
153.409796
154.625941
155.744444
157.104127
158.266984
159.494921
160.592381
161.714921
162.979093
164.109297
165.314830
166.394558
167.509116
168.536735
169.634966
170.927891
172.445170
174.040136
177.350522
179.454875
181.304717
182.324490
183.277959
184.331791
185.307755
186.836327
187.659184
188.663401
189.654558
190.646168
191.702041
192.742721
193.847982
194.640726
195.975510
196.667755
197.689524
199.802676
201.698776
204.145714
205.309660
206.989524
209.637642
212.028027
214.760000
218.565079
222.411111
225.922222
230.413333
234.348571
238.540317
239.621633
240.798503
241.962721
243.120000
244.291156
245.521497
246.523129
247.777007
248.918231
250.144036
251.166621
252.416463
253.579229
254.607392
255.788299
256.963719
258.164535
259.216417
260.335556
261.485578
262.617460
263.689342
264.837279
265.978413
267.153923
268.334014
269.457415
270.620000
271.748254
272.960907
274.077324
275.175510
276.323265
277.427302
278.667755
279.720635
281.003424
282.074739
283.211111
284.361587
285.470658
287.329070
288.357098
289.020000
290.185397
290.891429
292.025079
292.723401
293.584399
294.625578
295.773061
296.512653
297.570204
298.182041
299.460000
300.460000
302.354694
304.020000
305.707347
307.948118
310.188844
312.096735
315.649524
