0.620816
4.183946
7.199728
10.832948
14.260454
17.813333
19.936327
22.562857
25.872653
28.262857
33.950204
37.113878
39.692517
42.314694
44.513016
47.132608
49.159320
51.174422
52.926304
54.905215
56.310023
58.030068
59.432608
60.841224
62.311156
64.046893
67.508163
70.161043
73.572608
76.623197
79.579002
81.683039
84.795873
87.666576
89.434785
93.089751
94.430068
95.761043
97.075918
98.424082
99.717687
100.999138
102.242857
103.470612
104.755556
105.793061
106.914376
108.078594
109.245397
110.368980
111.516190
112.631293
113.763175
114.804263
115.905578
117.012381
118.081633
119.792653
120.989932
121.956599
123.417234
124.808481
126.010748
127.100136
128.179864
129.236372
130.450295
131.786168
133.414694
134.381224
135.499048
136.576508
137.809206
138.771429
139.858549
141.199048
142.409796
143.565941
144.644444
145.884127
146.986984
148.154921
149.212381
150.274921
151.359546
152.429297
153.494830
154.514558
155.509116
156.596735
157.874966
159.067891
160.365170
162.120136
164.910522
166.934875
168.444717
169.304490
170.157959
171.071791
172.067755
173.416327
174.159184
175.063401
175.894558
176.786168
177.742041
178.622721
179.427982
180.240726
181.415510
182.107755
183.029524
184.982676
186.638776
189.465714
190.649660
192.249524
195.237642
197.964354
201.420000
204.545079
208.211111
212.342222
216.173333
219.568571
223.740317
224.861633
226.018503
227.222721
228.420000
229.631156
230.841497
231.983129
233.077007
234.098231
235.244036
236.420000
237.476463
238.499229
239.667392
240.808299
241.803719
242.924535
243.936417
244.995556
246.105578
247.117460
248.249342
249.197279
250.360000
251.333923
252.434014
253.517415
254.596463
255.708254
256.740907
257.777324
258.875510
259.963265
260.987302
262.127755
263.120000
264.203424
265.234739
266.331111
267.381587
268.450658
269.669070
270.817098
271.745986
273.285397
274.471429
275.825079
276.843401
278.324399
279.845578
281.573061
282.552653
284.130204
285.002041
286.700000
287.804331
291.234694
293.424807
296.607347
298.908118
302.748844
305.196735
310.149524
