0.480000
3.103946
5.519728
8.052948
10.960454
13.793333
15.476327
17.422857
20.372653
22.582857
27.018367
29.413878
31.992517
33.734694
35.493016
37.952608
40.019320
41.594422
43.446304
45.465215
46.830023
48.310068
49.792608
51.481224
53.151156
55.086893
58.108163
60.500000
62.552608
65.003197
67.020000
68.603039
71.335873
73.733288
75.434785
78.549751
80.010068
81.481043
82.975918
84.424082
85.897687
87.459138
88.742857
90.304898
91.755556
92.993061
94.354376
95.718594
97.045397
98.388980
99.676190
101.191293
102.583175
103.844263
105.065578
106.432381
107.681633
109.472653
110.669932
111.676599
113.157234
114.608481
115.850748
117.000136
118.279864
119.736372
121.130295
122.526168
123.894694
125.021224
126.355238
127.516508
128.849206
129.951429
131.178549
132.499048
133.869796
135.065941
136.204444
137.484127
138.686984
139.854921
141.012381
142.174921
143.319546
144.469297
145.594830
146.734558
147.769116
148.836735
150.020000
151.207891
152.645170
154.100136
156.210522
157.840000
158.315465
159.744490
160.657959
161.591791
162.727755
164.156327
165.039184
165.963401
166.854558
167.846168
168.922041
169.882721
170.827982
171.780726
172.995510
173.727755
174.689524
176.742676
178.618776
181.485714
182.849660
184.469524
187.357642
190.008027
193.716825
197.125079
200.611111
204.422222
209.073333
212.748571
217.080317
218.301633
219.578503
220.802721
221.980000
223.231156
224.441497
225.643129
226.957007
228.118231
229.224036
230.306621
231.516463
232.699229
233.847392
235.028299
236.143719
237.384535
238.476417
239.635556
240.785578
241.917460
243.149342
244.217279
245.438413
246.573923
247.794014
248.960000
250.076463
251.228254
252.440907
253.577324
254.695510
255.923265
257.027302
258.287755
259.340635
260.643424
261.814739
262.951111
264.121587
265.270658
266.589070
267.457098
268.145986
269.525397
270.531429
271.885079
272.903401
274.044399
275.285578
276.753061
277.612653
279.190204
280.062041
281.460000
282.404331
284.914694
286.764807
288.547347
290.848118
295.148844
297.636735
303.629524
