3.080816
5.963946
8.559728
12.317687
15.360454
19.293333
21.916327
25.702857
29.392653
32.522857
38.795102
41.993878
44.792517
47.394694
50.051111
54.152608
56.739320
58.994422
62.605215
65.065215
67.690023
70.470068
71.932608
74.001224
75.791156
78.266893
81.088163
83.701043
86.752608
90.043197
93.619002
95.963039
99.751746
103.413288
105.274785
110.549751
111.970068
113.141043
114.395918
115.604082
116.937687
118.279138
119.562857
120.870612
122.215556
123.413061
124.634376
125.838594
127.165397
128.328980
129.556190
130.891293
132.083175
133.204263
134.385578
135.584762
136.741633
138.172653
139.349932
140.756599
142.397234
144.088481
145.650748
146.800136
148.239864
149.296372
151.170295
152.386168
154.154694
155.441224
156.939048
158.456508
159.929206
161.391429
162.855646
164.199048
165.349796
166.505941
167.744444
168.924127
170.066984
171.414921
172.512381
173.654921
174.819546
175.969297
177.134830
178.194558
179.269116
180.356735
181.494966
182.787891
184.025170
185.480136
188.150522
190.574875
192.104717
193.104490
194.137959
195.191791
196.387755
198.136327
199.019184
200.153605
201.034558
201.986168
203.162041
204.022721
205.147982
205.980726
207.275510
208.187755
209.409524
211.702676
213.398776
215.725714
216.669660
217.909524
220.537642
222.908027
225.756825
229.725079
233.471111
236.782222
241.293333
245.148571
249.340317
250.341633
251.538503
253.142721
254.200000
255.511156
256.721497
257.983129
259.137007
260.378231
261.604036
262.706621
263.916463
264.999229
266.307392
267.508299
268.663719
269.944535
271.036417
272.195556
273.425578
274.597460
275.789342
276.897279
278.138413
279.333923
280.574014
281.797415
282.996463
284.208254
285.560907
286.577324
287.795510
289.063265
290.207302
291.407755
292.660635
293.883424
295.034739
296.171111
297.341587
298.530658
299.989070
301.277098
302.365986
304.185397
305.471429
307.425079
308.823401
310.264399
311.605578
313.453061
314.832653
316.750204
317.782041
319.407143
320.544331
323.314694
324.924807
327.447347
329.168118
331.548844
333.396735
338.569524
