1.420816
4.783946
7.379728
13.218844
16.500454
20.073333
22.036327
24.082857
26.292653
28.722857
34.098367
37.413878
40.352517
42.074694
43.813016
45.692608
47.759320
49.774422
52.566304
55.445215
57.410023
59.210068
60.832608
63.041224
65.171156
67.486893
70.908163
73.561043
76.672608
79.803197
81.679002
83.283039
85.555873
88.113288
89.634785
92.649751
93.950068
95.261043
96.535918
97.764082
98.997687
100.219138
101.442857
102.630612
103.735556
104.973061
106.134376
107.298594
108.465397
109.608980
110.676190
111.931293
113.103175
114.204263
115.345578
116.492381
117.621633
119.412653
120.649932
121.856599
123.537234
125.068481
126.290748
127.640136
129.179864
130.576372
132.000590
133.666168
135.094694
136.221224
137.399048
139.216508
140.369206
141.791429
143.138549
145.059048
146.389796
147.565941
148.644444
149.884127
151.026984
152.194921
153.292381
154.434921
155.539546
156.549297
157.634830
158.714558
159.789116
160.836735
162.074966
163.267891
164.465170
166.160136
168.580000
170.594875
171.904717
173.984490
175.541633
176.871791
178.447755
180.496327
181.659184
183.223401
184.454558
185.886168
187.342041
188.802721
190.507982
191.720726
193.675510
194.387755
195.569524
197.682676
199.458776
202.365714
203.589660
205.529524
209.057642
211.988027
215.936825
220.445079
224.291111
228.362222
233.473333
237.768571
242.180317
243.361633
244.498503
245.682721
246.740000
247.951156
249.141497
250.303129
251.517007
252.698231
253.884036
254.966621
256.216463
257.339229
258.567392
259.728299
260.903719
262.184535
263.296417
264.435556
265.645578
266.757460
267.889342
269.017279
270.278413
271.533923
272.774014
274.017415
275.236463
276.448254
277.700907
278.837324
279.955510
281.143265
282.247302
283.427755
284.460635
285.743424
286.869478
288.011111
289.201587
290.350658
291.689070
293.177098
294.345986
296.285397
297.751429
299.930794
301.183401
303.064399
305.045578
306.893061
308.852653
310.470204
311.902041
314.267143
315.464331
319.034694
321.964807
324.487347
327.708118
331.788844
334.756735
342.749524
