0.600816
3.903946
7.239728
10.972948
15.240454
19.173333
21.396327
23.502857
26.212653
28.602857
34.198367
37.513878
40.612517
42.714694
44.993016
47.212608
49.279320
50.814422
53.106304
55.525215
57.630023
59.270068
60.612608
62.601224
64.331156
66.286893
69.348163
71.981043
75.252608
77.943197
80.079002
81.563039
84.095873
86.673288
88.554785
92.209751
93.770068
95.501043
96.835918
98.344082
99.877687
101.534830
102.862857
104.350612
105.775556
107.273061
108.794376
110.078594
111.585397
112.908980
114.296190
115.851293
117.203175
118.764263
120.146939
121.592381
122.921633
124.532653
125.729932
127.016599
128.457234
129.968481
131.210748
132.560136
133.919864
135.496372
136.730295
138.246168
139.654694
140.781224
142.339048
143.676508
145.129206
146.511429
147.898549
149.379048
150.689796
152.045941
153.344444
155.004127
156.106984
157.514921
158.712381
160.034921
161.359093
162.529297
163.814830
165.078231
166.329116
167.516735
168.834966
170.087891
171.745170
173.700136
176.390522
178.954875
181.004717
182.124490
183.037959
184.051791
185.167755
187.276327
188.159184
189.123401
189.974558
190.926168
192.142041
193.102721
194.067982
194.980726
196.175510
197.007755
198.319048
200.482676
203.018776
206.265714
207.289660
209.289524
212.737642
215.136054
218.956825
222.285079
225.351111
229.622222
233.973333
237.468571
240.900317
242.401633
243.658503
245.122721
246.420000
247.931156
249.141497
250.503129
251.777007
253.098231
254.324036
255.606621
256.936463
258.179229
259.427392
260.688299
261.923719
263.284535
264.456417
265.715556
266.945578
268.254921
269.469342
270.657279
271.938413
273.113923
274.394014
275.617415
276.876463
278.048254
279.340907
280.477324
281.715510
282.943265
284.227302
285.567755
286.680635
287.943424
289.154739
290.391111
291.621587
292.810658
294.129070
295.377098
296.345986
298.405397
299.751429
301.305079
302.863401
304.344399
305.765578
307.653061
308.892653
310.370204
311.422041
313.447143
314.604331
317.954694
320.104807
322.607347
325.428118
328.728844
331.376735
336.909524
