1.820816
4.003946
5.979728
8.592948
10.700454
13.493333
15.936327
18.142857
20.625306
23.142857
28.138367
30.673878
32.580000
34.094694
35.773016
37.412608
39.139320
40.734422
42.106304
43.725215
44.550023
45.690068
46.772608
47.861224
48.651156
49.886893
51.808163
53.781043
55.812608
58.343197
60.819002
62.763039
65.615873
68.573288
70.314785
73.709751
75.110068
76.581043
77.955918
79.364082
80.817687
82.099138
83.442857
84.750612
85.995556
87.313061
88.594376
89.898594
91.245397
92.448980
93.756190
95.071293
96.443175
97.624263
98.905578
100.172381
101.361633
103.152653
104.409932
106.236599
108.517234
110.208481
112.121497
113.380136
114.879864
116.696372
118.230295
120.326168
121.834694
123.181224
124.759048
126.336508
127.929206
129.351429
130.638549
132.039048
133.509796
134.745941
135.884444
137.444127
138.446984
139.634921
140.772381
142.014921
143.179546
144.269297
145.374830
146.514558
147.629116
148.696735
150.134830
151.267891
152.465170
153.840136
156.690522
159.274875
161.104717
162.184490
163.337959
164.411791
165.687755
166.876327
167.719184
168.797007
170.014558
171.026168
172.162041
173.342721
174.407982
175.540726
176.995510
177.747755
178.849524
180.982676
182.518776
185.065714
185.929660
187.409524
190.057642
192.300136
195.296825
197.765079
200.651111
204.022222
207.393333
209.988571
213.060317
214.141633
215.278503
216.362721
217.380000
218.531156
219.601497
220.643129
221.757007
222.838231
223.920000
224.966621
226.056463
227.139229
228.227392
229.428299
230.483719
231.584535
232.616417
233.695556
234.865578
235.937460
237.109342
238.097279
239.218413
240.393923
241.634014
242.697415
243.836463
245.028254
246.281814
247.397324
248.515510
249.723265
250.827302
252.067755
253.120635
254.403424
255.534739
256.671111
257.841587
258.970658
260.149070
261.457098
262.725986
264.205397
265.411429
266.865079
267.923401
269.504399
270.845578
272.493061
273.532653
274.970204
275.562041
277.487143
278.664331
281.774694
284.024807
286.647347
288.948118
291.508844
294.076735
298.989524
