0.680816
4.163129
7.159728
10.672948
13.760454
16.933333
18.796327
20.782857
23.072653
25.202857
29.998367
32.593878
35.192517
36.954694
38.693016
40.672608
43.079320
44.954422
47.426304
49.945215
51.690023
53.690068
55.292608
57.101224
59.371156
61.399229
65.068163
67.801043
70.552608
74.803197
77.059002
78.920000
81.995873
85.213288
87.354785
91.349751
92.510068
93.641043
94.795918
95.864082
97.037687
98.139138
99.302857
100.370612
101.455556
102.613061
103.654376
104.740000
105.865397
106.928980
108.016190
109.191293
110.243175
111.304263
112.385578
113.512381
114.601633
116.192653
117.389932
118.556599
120.097234
121.528481
122.770748
123.920136
125.259864
126.276372
127.350295
128.407846
129.834694
130.621224
131.819048
133.016508
134.229206
135.351429
136.438549
137.679048
138.729796
139.845941
140.884444
142.084127
143.186984
144.334921
145.392381
146.474921
147.519546
148.629297
149.674830
150.754558
151.869116
152.776735
154.034966
155.407891
157.005170
159.000136
163.230522
165.234875
166.544717
167.684490
168.697959
169.791791
170.880000
172.816327
173.739184
174.863401
175.914558
176.906168
178.102041
179.282721
180.207982
181.140726
182.475510
183.227755
184.029524
186.982676
188.858776
191.845714
193.029660
194.858095
198.137642
200.648027
204.076825
207.485079
210.771111
214.560000
217.973333
221.468571
224.980317
225.841633
226.878503
227.862721
228.860000
229.940000
230.921497
232.023129
232.997007
233.918231
234.904036
235.806621
236.900000
237.799229
238.847392
239.848299
240.803719
241.780000
242.736417
243.835556
244.660000
245.600000
246.569342
247.557279
248.558413
249.633923
250.814014
251.837415
252.856463
253.928254
255.140907
256.057324
256.915510
258.123265
259.107302
260.187755
261.120635
262.243424
263.154739
264.151111
265.201587
266.210658
267.689070
268.957098
269.885986
271.745397
272.971429
274.625079
275.723401
277.444399
279.165578
281.013061
282.072653
284.150204
285.322041
287.107143
288.364331
291.254694
293.364807
295.587347
298.148118
300.788844
303.676735
307.509524
