0.700816
3.343946
5.460000
8.332948
11.080454
13.913333
15.896327
17.922857
20.052653
22.522857
27.278367
30.093878
32.532517
34.534694
36.153016
37.912608
39.759320
41.654422
43.746304
45.505215
47.130023
49.510068
50.883039
53.161224
54.931156
56.746893
59.468163
62.061043
64.932608
67.483197
69.619002
71.483039
73.895873
76.633288
78.374785
81.449751
82.990068
84.461043
85.851837
87.244082
88.637687
90.099138
91.462857
92.910612
94.195556
95.673061
97.054376
98.478594
99.945397
101.288980
102.696190
104.191293
105.623175
106.964263
108.385578
109.812381
111.221633
112.812653
114.229932
115.876599
117.637234
119.288481
120.930748
122.420136
124.139864
126.116372
127.350295
129.306168
130.614694
132.141224
133.759048
135.296508
136.869206
138.411429
140.178549
141.839048
143.509796
144.825941
146.024444
147.364127
148.646984
149.914921
151.192381
152.494921
153.759546
154.989297
156.314830
157.574558
158.914694
160.176735
161.494966
163.067891
164.485170
165.940136
168.860000
171.034376
172.584717
173.884490
174.997959
176.211791
177.507755
179.596327
180.679184
181.977007
183.134558
184.186168
185.702041
186.862721
187.947982
189.120726
190.835510
191.607755
192.869524
195.182676
197.218776
200.325714
201.309660
203.029524
206.137642
208.028027
210.200000
212.865079
215.611111
218.582222
221.553333
224.208571
226.900317
228.041633
229.118503
230.402721
231.580000
232.771156
233.961497
235.103129
236.297007
237.518231
238.644036
239.806621
240.976463
242.159229
243.307392
244.508299
245.603719
246.904535
247.936417
249.115556
250.225578
251.437460
252.589342
253.557279
254.800000
255.933923
257.154014
258.377415
259.436463
260.588254
261.800907
262.957324
264.075510
265.323265
266.447302
267.727755
268.860635
270.123424
271.294739
272.471111
273.701587
274.890658
275.969070
277.217098
278.105986
279.465397
280.691429
282.245079
283.183401
284.764399
286.065578
287.473061
288.772653
290.890204
291.800000
293.267143
294.480000
296.914694
299.024807
301.207347
303.624354
307.208844
310.876735
317.269524
