0.300816
2.980000
5.499728
9.152948
12.160454
15.493333
18.396327
20.522857
23.572653
26.202857
31.778367
34.893878
38.412517
40.494694
42.713016
44.892608
46.979320
49.114422
51.226304
53.665215
55.790023
58.090068
59.572608
61.561224
63.751156
65.488254
68.808163
71.561043
74.352608
77.543197
80.399002
82.423039
85.455873
88.113288
90.014785
93.229751
94.770068
96.321043
97.895918
99.324082
100.906122
102.319138
103.782857
105.230612
106.795556
108.073061
109.577506
110.998594
112.425397
113.868980
115.216190
116.751293
118.243175
119.604263
120.985578
122.472381
123.801633
125.732653
126.989932
128.456599
130.557234
132.288481
133.790748
135.140136
136.859864
138.476372
140.310295
142.426168
143.734694
144.941224
146.539048
148.196508
149.769206
151.211429
152.778549
154.379048
155.909796
157.265941
158.524444
160.004127
161.226984
162.774921
163.972381
165.354921
166.659546
167.949297
169.274830
170.574558
171.949116
173.176735
174.454966
176.107891
177.625170
179.420136
181.990522
183.754875
184.804717
185.864490
186.977959
188.231791
189.467755
191.516327
192.319184
193.560816
194.754558
196.006168
197.242041
198.542721
199.747982
200.780726
202.435510
203.287755
204.549524
207.002676
208.738776
211.165714
212.049660
213.829524
216.437642
219.264082
222.556825
226.050159
229.351111
232.942222
236.793333
240.228571
244.000317
245.101633
246.318503
247.422721
248.500000
249.671156
250.781497
251.903129
253.077007
254.278231
255.444036
256.506621
257.636463
258.819229
260.027392
261.128299
262.203719
263.364535
264.456417
265.575556
266.645578
267.777460
268.869342
269.977279
271.178413
272.333923
273.574014
274.757415
275.976463
277.108254
278.340907
279.437324
280.455510
281.763265
282.927302
284.147755
285.280635
286.443424
287.614739
288.751111
289.901587
291.090658
292.189070
293.377098
294.445986
296.005397
297.131429
298.505079
299.683401
300.964399
302.465578
303.713061
304.872653
306.530204
307.202041
308.887143
310.084331
312.754694
314.244807
316.627347
318.948118
321.628844
323.900000
328.149524
