0.555102
1.844898
2.515102
3.181224
3.829932
4.482449
5.113878
5.897143
6.479773
7.119864
7.794830
8.488027
9.009841
9.734649
10.379456
11.043946
11.701497
12.387710
13.065805
13.751746
14.355351
15.024218
15.697098
16.382585
16.979138
17.619184
18.180680
18.918367
19.516735
20.193061
20.842449
21.467166
22.135510
22.667619
23.331156
23.945986
24.586939
25.223855
25.868844
26.510204
27.148254
27.763401
28.414694
29.037143
29.663265
30.295510
30.941882
31.531338
32.169841
32.813016
33.420952
34.069864
34.721134
35.324354
35.933061
36.598050
37.283039
37.866893
38.498005
39.097279
39.760136
40.371202
41.058413
41.695011
42.396871
43.007982
43.675420
44.282902
44.973878
45.564422
46.221497
46.888889
47.440000
48.164853
48.805805
49.431247
50.089524
50.925714
51.509025
52.186032
52.811565
53.423673
54.062449
54.692789
55.202766
55.978095
56.595737
57.264218
57.961741
58.449252
59.155102
59.907937
60.765896
62.415918
65.061270
65.793016
66.420317
67.148254
67.887619
68.606349
69.177460
69.887755
70.594603
71.186020
71.807347
72.506803
73.177551
73.829116
74.499864
75.195782
76.037279
76.812177
77.582857
78.262177
78.904898
79.588707
80.197075
80.897007
81.786122
82.449660
83.155102
83.790068
84.591156
85.258367
86.042857
86.816327
88.374830
89.137143
89.853333
90.627513
91.316774
91.877460
92.601224
93.267483
93.791955
94.401905
95.142041
95.878776
96.518793
97.121769
97.698367
98.385986
99.039048
99.708730
100.388163
100.893878
101.617415
102.197143
102.726122
103.313878
103.868118
104.452789
105.076327
105.706803
106.326803
106.936463
107.606122
108.293197
108.869932
109.577959
110.246939
110.961497
111.521020
112.139592
112.827755
113.945510
114.806531
115.446667
116.065850
116.193909
116.654694
117.304354
117.921565
118.554966
119.163265
119.837687
120.405578
121.053469
121.657007
122.267483
122.871020
123.534694
124.118095
124.741633
125.378231
126.010476
126.614830
127.209660
127.827075
128.421587
129.055918
129.721224
130.353469
130.981610
131.606803
132.232562
132.988810
133.554512
134.212880
134.849206
135.508662
136.128798
136.770703
137.430839
138.072834
138.754739
139.359365
140.058413
140.697188
141.353605
141.995601
142.726531
143.667710
144.278912
144.670113
145.308571
145.950658
146.614603
147.234830
147.875147
148.495465
149.133923
149.806893
150.381723
151.070159
151.734830
152.413197
153.116780
153.960317
154.899864
159.100771
160.301678
161.308526
162.213587
163.243719
164.361179
165.623946
166.730340
168.119637
169.119388
169.978095
170.943084
171.867982
172.763855
173.654240
174.619048
175.549342
176.570522
177.522132
178.639229
180.203810
181.444989
182.366762
183.176735
184.152517
185.186531
186.203265
187.296553
188.502902
189.476689
190.298322
191.092336
192.067937
193.092834
193.904127
194.828103
195.811746
196.776644
197.707664
198.718050
199.640771
200.610113
201.546621
202.430567
203.401224
204.367800
205.343991
206.340499
207.322812
208.335420
209.372245
210.429388
211.892154
212.970567
213.886757
214.907120
215.963628
216.989161
217.970159
219.349116
220.513016
221.459819
222.415329
223.281542
224.186757
225.172290
226.056236
227.081769
228.070374
229.176372
230.134739
231.291429
232.946485
233.889762
234.834921
235.845714
236.893016
237.714603
238.804444
239.930794
241.166984
242.157778
242.972063
243.889206
244.736190
245.818095
246.744127
247.697460
248.716508
249.601587
250.518413
251.570159
252.486984
253.453333
254.471640
255.425079
256.354603
257.371111
258.361905
259.313333
260.390159
261.657823
262.653583
263.736735
265.371565
266.643673
267.732109
268.851746
269.890340
270.973333
272.000408
272.875601
273.925986
274.789615
275.676463
276.663900
277.600091
278.470159
279.403129
280.256100
281.160998
282.154603
283.040499
283.867347
284.735147
285.617460
286.943537
287.991618
288.869116
289.975601
290.903084
291.888617
292.901270
293.794875
294.700771
295.538912
296.394392
297.461270
298.325215
299.246576
300.133107
300.968980
301.904853
302.880408
303.782086
304.677007
305.595782
306.485170
307.460998
308.360408
309.235556
310.088299
311.028844
311.916735
312.748980
313.641633
314.570884
315.461769
316.302313
317.195782
317.991020
318.934150
319.825034
320.687211
321.526803
322.423810
323.300816
324.087347
324.925986
325.709796
326.499048
327.169524
327.867211
328.509206
329.200952
329.912381
330.521587
331.165079
331.788254
332.410794
333.019153
333.676190
334.297143
334.852698
335.500000
336.087302
336.726032
337.345578
337.937823
338.558776
339.214966
339.811565
340.449932
341.030884
341.688435
342.333741
342.974286
343.577415
344.209252
344.805442
345.545238
346.227211
346.969660
347.625442
348.336871
348.946122
349.624490
350.305442
351.017619
351.730204
352.398231
353.092608
353.751156
354.422177
355.075374
355.754694
356.425714
356.982721
357.632789
358.274150
358.910748
359.626122
360.208707
360.838776
361.451429
362.097143
362.710612
363.393333
364.023810
364.649932
365.286939
365.937415
366.579184
367.207891
367.834014
368.493628
369.117143
369.738912
370.369388
371.035102
371.678639
372.282585
372.906122
373.553197
374.225578
374.891701
375.487891
376.159864
376.815646
377.460136
378.114558
378.737279
379.384354
380.056281
380.732517
381.456599
382.015782
382.733333
383.410476
383.939864
384.740952
385.590966
386.105034
386.720136
387.363878
387.962993
388.613469
389.246122
389.902653
390.513605
391.130544
391.786803
392.388163
393.029116
393.703129
394.358912
395.072925
395.777959
396.688435
397.615782
398.442902
