0.535102
1.284898
1.895102
2.501224
3.089932
3.702449
4.293878
5.017143
5.559773
6.179864
6.794830
7.448027
7.949841
8.654649
9.259456
9.883946
10.501497
11.147710
11.785805
12.411746
13.010703
13.644218
14.257098
14.902585
15.439138
16.059184
16.680680
17.298367
17.896735
18.493061
19.142449
19.807166
20.395510
20.987619
21.615578
22.245986
22.866939
23.483855
24.148844
24.790204
25.408254
25.986803
26.614694
27.217143
27.823265
28.435510
29.043764
29.631338
30.229841
30.833016
31.360952
32.029864
32.641134
33.184354
33.773061
34.418050
35.003039
35.626893
36.238005
36.814558
37.480136
38.071202
38.758413
39.275011
40.036871
40.647982
41.295420
41.882902
42.553878
43.174807
43.841497
44.528889
45.120000
45.764853
46.425805
47.111247
47.602381
48.385714
48.971504
49.586032
50.191565
50.747347
51.380816
51.972789
52.542766
53.178095
53.755737
54.324218
54.947177
55.589252
56.175102
56.827937
57.585896
58.695918
62.322540
62.998603
63.600317
64.228254
64.947619
65.586349
66.152381
66.895918
67.478651
68.204082
68.617607
69.406803
69.875510
70.589116
71.079864
71.895782
72.651837
73.364354
74.182857
74.802177
75.488299
76.208707
76.882830
77.479501
78.346122
78.909660
79.575102
80.210068
80.851156
81.518367
82.202857
82.896327
83.854830
84.597143
85.133333
85.882540
86.517415
87.032381
87.761224
88.387483
88.969238
89.501905
90.242041
90.918776
91.410340
91.861769
92.538367
93.225986
93.839048
94.488730
95.168163
95.717959
96.457415
96.937143
97.446122
97.993878
98.548118
99.172789
99.816327
100.426803
101.008934
101.656463
102.266122
102.953197
103.629932
104.317959
104.926939
105.564490
106.161020
106.779592
107.447755
107.785510
108.914218
109.346667
109.965850
110.562449
111.194694
111.824354
112.423129
113.054966
113.663265
114.277687
114.865578
115.473469
116.097007
116.687483
117.245510
117.889388
118.458095
119.061633
119.659116
120.270476
120.854830
121.429660
122.027075
122.641587
123.275918
123.921224
124.553469
125.127740
125.746803
126.352562
127.071746
127.634512
128.232880
128.869206
129.468662
130.109599
130.710703
131.330839
131.932834
132.574739
133.199365
133.838413
134.457188
135.093605
135.755601
136.406531
137.407710
137.598912
138.270113
138.888571
139.450658
139.994603
140.607415
141.195147
141.795465
142.337974
142.986893
143.623477
144.130159
144.774830
145.464399
146.096780
146.800317
147.559864
150.980771
152.181678
153.168526
154.267937
155.383719
156.501179
157.583946
158.470113
159.759637
160.658776
161.518095
162.383084
163.247982
164.021927
164.854240
165.759048
166.589342
167.470522
168.491066
169.439229
170.903810
171.594230
172.540862
173.556735
174.552517
175.586531
176.843265
178.136553
179.185805
180.018345
180.738322
181.495234
182.427937
183.312834
184.024127
184.904308
185.851746
186.736644
187.547664
188.478050
189.314104
190.210113
191.073311
191.950567
192.821224
193.667800
194.583991
195.520499
196.402812
197.255420
198.172245
198.967863
200.332154
201.510567
202.226757
203.287120
204.123628
205.189161
206.910159
208.489116
209.533016
210.199819
211.073832
211.920771
212.773379
213.652290
214.396236
215.321769
216.121497
217.076372
218.137370
219.031429
220.486485
221.465578
222.449841
223.465714
224.343254
225.334603
226.524444
227.890794
229.206984
230.138889
230.878677
231.836402
232.496190
233.498095
234.224127
235.077460
236.016508
236.881587
237.839206
238.710159
239.628995
240.473333
241.333730
242.165079
243.094603
243.957037
244.881905
245.733333
246.590159
247.497823
248.513583
249.436735
250.791565
251.943673
253.052109
254.211746
255.490340
256.573333
257.620408
258.675601
259.885986
260.849615
261.816463
263.003900
263.920091
264.870159
265.743129
266.576100
267.420998
268.337302
269.140499
270.047347
270.955147
271.897460
273.243537
274.469705
275.609116
277.235601
278.463084
279.728617
280.761270
281.814875
283.000771
284.018912
285.003175
286.181270
287.105215
288.046576
288.893107
289.788980
290.584853
291.480408
292.382086
293.357007
294.215782
295.405170
296.540998
297.540408
298.535556
299.428299
300.368844
301.130204
302.128980
303.041633
303.930884
304.801769
305.662313
306.535782
307.311020
308.254150
309.065034
309.907211
310.726803
311.563810
312.400816
313.207347
313.985986
314.689796
315.419048
316.049524
316.667211
317.269206
317.900952
318.476190
319.041587
319.625079
320.188254
320.781587
321.297460
321.876190
322.437143
323.032698
323.560000
324.147302
324.746032
325.345578
325.917823
326.538776
327.127483
327.691565
328.289932
328.850884
329.468435
330.073741
330.654286
331.237415
331.829252
332.425442
333.070476
333.687211
334.329660
334.902721
335.496871
336.086122
336.684490
337.225442
337.855238
338.470204
339.098231
339.712608
340.251156
340.902177
341.535374
342.137347
342.765714
343.362721
343.952789
344.554150
345.170748
345.826122
346.368707
346.998776
347.611429
348.217143
348.850612
349.433333
350.043810
350.609932
351.226939
351.837415
352.419184
352.987891
353.594014
354.213628
354.778571
355.398912
355.969388
356.575102
357.178639
357.762585
358.366122
358.993197
359.625578
360.271701
360.867891
361.479955
362.115646
362.780136
363.374558
363.957279
364.604354
365.236281
365.857506
366.536599
367.095782
367.737778
368.410476
368.934983
369.577619
370.274830
371.165034
371.520136
372.107755
372.701497
373.293469
373.866122
374.485306
375.113605
375.710272
376.262268
376.848163
377.429116
378.003129
378.658912
379.272925
379.977959
380.708435
381.435782
382.268707
