0.555102
1.324898
2.075102
2.821224
3.629932
4.362449
5.093878
5.897143
6.659773
7.419864
8.194830
8.948027
9.589841
10.354649
11.119456
11.863946
12.621497
13.407710
14.245805
15.031746
15.770703
16.544218
17.277098
18.062585
18.779138
19.559184
20.340680
21.118367
21.836735
22.573061
23.322449
24.047166
24.775510
25.447619
26.131156
26.805986
27.506939
28.223855
28.908844
29.590204
30.288254
30.926803
31.614694
32.297143
32.963265
33.655510
34.343764
35.011338
35.669841
36.353016
37.020952
37.689864
38.381134
39.044354
39.693061
40.378050
41.063039
41.766893
42.478005
43.189116
43.940136
44.671202
45.498413
46.195011
46.976871
47.687982
48.415420
49.122902
49.893878
50.604422
51.341497
52.088889
52.800000
53.524853
54.245805
55.051247
55.809524
56.685714
57.629025
58.366032
59.071565
59.807347
60.522449
61.252789
61.982766
62.758095
63.475737
64.224218
64.968707
65.689252
66.395102
67.227937
68.125896
69.235918
72.482540
73.473016
74.260317
75.088254
76.007619
76.886349
77.592381
78.427755
79.334603
80.124082
80.927347
81.806803
82.677551
83.509116
84.379864
85.215782
86.151837
87.044354
87.862857
88.642177
89.444898
90.248707
91.054150
91.877007
92.746122
93.509660
94.315102
95.090068
95.891156
96.718367
97.542857
98.416327
99.874830
100.617143
101.333333
102.162540
103.057415
103.832381
104.581224
105.347483
106.243243
107.001905
107.742041
108.538776
109.370340
110.101769
110.798367
111.605986
112.579048
113.368730
114.168163
114.933878
115.857415
116.457143
116.986122
117.573878
118.188118
118.852789
119.536327
120.206803
120.846803
121.556463
122.266122
122.993197
123.789932
124.577959
125.426939
126.184490
126.942041
127.699592
128.587755
129.785510
131.526531
132.266667
132.945850
133.642449
134.334694
135.044354
135.743129
136.454966
137.123265
137.817687
138.505578
139.193469
139.877007
140.547483
141.231020
141.949388
142.598095
143.281633
143.978231
144.670476
145.314830
145.989660
146.647075
147.321587
148.035918
148.741224
149.433469
150.183220
150.926803
151.672562
152.495238
153.214512
153.932880
154.669206
155.388662
156.128798
156.890703
157.630839
158.352834
159.114739
159.799365
160.538413
161.237188
162.013605
162.735601
163.526531
164.607710
165.278912
165.950113
166.628571
167.310658
167.974603
168.674830
169.335147
169.995465
170.673923
171.366893
172.041723
172.730159
173.474830
174.193197
175.016780
175.940317
176.859864
179.660771
180.861678
181.848526
182.907937
183.963719
185.081179
186.263946
187.450340
188.959637
190.138776
191.238095
192.243084
193.287982
194.303855
195.334240
196.419048
197.489342
198.570522
199.862132
201.139229
203.123810
204.204989
205.220862
206.236735
207.292517
208.326531
209.763265
211.116553
212.485805
213.456689
214.338322
215.372336
216.507937
217.552834
218.584127
219.704308
220.911746
221.956644
223.027664
224.058050
225.062313
226.110113
227.166621
228.150567
229.121224
230.167800
231.203991
232.260499
233.322812
234.495420
235.572245
236.669388
238.492154
239.670567
240.706757
241.827120
242.883628
243.969161
245.130159
246.709116
247.873016
249.039819
250.215329
251.161542
252.226757
253.312290
254.296236
255.381769
256.461497
257.596372
258.954739
260.251429
262.266485
263.299048
264.314921
265.325714
266.433016
267.494603
268.764444
270.450794
271.806984
272.817778
273.732063
274.829206
275.916190
276.998095
278.024127
279.197460
280.416508
281.381587
282.458413
283.530159
284.606984
285.653333
286.714921
287.685079
288.614603
289.671111
290.681905
291.733333
292.810159
293.957823
295.053583
296.156735
297.791565
299.023673
300.112109
301.231746
302.330340
303.413333
304.460408
305.455601
306.485986
307.449615
308.436463
309.643900
310.680091
311.690159
312.703129
313.716100
314.760998
315.814603
316.740499
317.727347
318.775147
319.837460
321.323537
322.449705
323.509116
324.655601
325.683084
326.768617
327.761270
328.814875
329.740771
330.718912
331.723175
332.881270
333.865215
334.866576
335.833107
336.848980
337.864853
338.860408
339.802086
340.837007
341.855782
343.005170
344.200998
345.260408
346.275556
347.228299
348.268844
349.270204
350.288980
351.281633
352.330884
353.301769
354.342313
355.295782
356.271020
357.294150
358.265034
359.227211
360.206803
361.203810
362.200816
363.167347
364.085986
364.969796
365.859048
366.689524
367.547211
368.269206
369.020952
369.752381
370.501587
371.205079
371.888254
372.581587
373.277460
373.996190
374.697143
375.372698
376.080000
376.787302
377.506032
378.185578
378.877823
379.578776
380.294966
380.991565
381.709932
382.410884
383.168435
383.873741
384.594286
385.297415
386.009252
386.725442
387.550476
388.347211
389.189660
389.925442
390.656871
391.386122
392.104490
392.805442
393.615238
394.390204
395.178231
395.932608
396.691156
397.442177
398.195374
398.974694
399.725714
400.402721
401.092789
401.774150
402.470748
403.226122
403.848707
404.538776
405.211429
405.897143
406.530612
407.253333
407.923810
408.589932
409.266939
409.937415
410.599184
411.247891
411.914014
412.593628
413.257143
413.918912
414.589388
415.275102
415.958639
416.622585
417.306122
418.033197
418.771156
419.491701
420.207891
421.019864
421.755646
422.500136
423.194558
423.917279
424.644354
425.416281
426.172517
426.936599
427.615782
428.373333
429.150476
429.979864
430.780952
431.714830
432.825034
433.520136
434.187755
434.842993
435.513469
436.186122
436.865306
437.533605
438.241088
438.926803
439.608163
440.309116
441.023129
441.758912
442.472925
443.297959
444.288435
445.215782
446.088707
