0.415102
1.144898
1.775102
2.421224
3.069932
3.702449
4.296939
5.037143
5.639773
6.299864
6.914830
7.588027
8.129841
8.814649
9.459456
10.063946
10.721497
11.407710
12.125805
12.795873
13.490703
14.164218
14.817098
15.502585
16.079138
16.739184
17.440680
18.098367
18.756735
19.413061
20.082449
20.767166
21.355510
21.947619
22.511156
23.145986
23.806939
24.383855
25.028844
25.670204
26.288254
26.886803
27.534694
28.157143
28.783265
29.435510
30.063764
30.671338
31.269841
31.916508
32.540952
33.169864
33.841134
34.444354
35.033061
35.698050
36.354346
37.006893
37.658005
38.309116
39.040068
39.691202
40.498413
41.115011
41.876871
42.527982
43.215420
43.842902
44.573878
45.204422
45.870748
46.548889
47.180000
47.904853
48.585805
49.251247
49.909524
50.705714
51.525447
52.006032
52.631565
53.267347
53.922449
54.572789
55.182766
55.858095
56.495737
57.144218
57.808707
58.469252
59.055102
59.743968
60.465896
61.575918
63.981270
64.653016
65.340317
66.068254
66.827619
67.586349
68.232381
68.927755
69.713651
70.420816
71.027347
71.862268
72.627755
73.197823
73.939864
74.775782
75.631837
76.464354
77.242857
77.942177
78.624898
79.348707
80.114150
80.757007
81.541224
82.229660
82.915102
83.650023
84.371156
85.089184
85.822857
86.696327
88.314830
89.077143
89.793333
90.622540
91.497415
92.132381
92.761224
93.527483
94.173022
94.861905
95.602041
96.398776
97.210340
97.904354
98.438367
99.192993
99.919048
100.628730
101.324082
101.953878
102.797415
103.397143
104.046122
104.733878
105.548118
106.192789
106.836327
107.366803
107.946803
108.576463
109.148707
109.813197
110.429932
111.137959
111.786939
112.464490
113.061020
113.699592
114.327755
114.500157
115.486531
116.106667
116.705850
117.302449
117.894694
118.524354
119.143129
119.774966
120.363265
120.997687
121.625578
122.233469
122.857007
123.503741
124.071020
124.729388
125.318095
125.941633
126.578231
127.210476
127.774830
128.409660
129.007075
129.641587
130.275918
130.941224
131.622694
132.243220
132.906803
133.612562
134.335238
134.954512
135.632880
136.324603
136.988662
137.608798
138.310703
139.010839
139.612834
140.294739
140.939365
141.638413
142.237188
142.933605
143.595601
144.326531
144.987710
145.618912
146.310113
146.968571
147.610658
148.254603
148.934830
149.595147
150.235465
150.873923
151.546893
152.201723
152.850159
153.534830
154.233197
154.976780
155.800317
156.679864
160.080771
161.281678
162.608526
163.807937
164.923719
166.261179
167.723946
168.910340
170.279637
171.458776
172.618095
173.663084
174.867982
175.943855
177.054240
178.239048
179.349342
180.470522
181.662132
182.759229
185.023810
186.484989
187.500862
188.636735
189.692517
190.906531
192.383265
193.756553
195.205805
196.276689
197.298322
198.452336
199.627937
200.858503
201.904127
203.284308
204.511746
205.556644
206.667664
207.858050
208.982313
210.050113
211.146621
212.130567
213.321224
214.387800
215.543991
216.660499
217.762812
218.955420
220.032245
221.209388
222.752154
224.150567
225.226757
226.327120
227.503628
228.729161
230.370159
231.809116
232.873016
234.019819
235.215329
236.221542
237.386757
238.552290
239.596236
240.801769
241.881497
243.016372
244.254739
245.411429
247.746485
248.939048
250.074921
251.185714
252.273016
253.334603
254.844444
256.290794
257.733968
258.797778
259.852063
261.029206
262.116190
263.338095
264.524127
265.857460
267.076508
268.081587
269.458413
270.530159
271.646984
272.753333
273.854921
274.965079
275.934603
277.071111
278.161905
279.353333
280.490159
281.637823
282.773583
283.876735
285.431565
286.723673
287.892109
289.171746
290.270340
291.533333
292.720408
293.806803
294.965986
295.949615
297.016463
298.183900
299.240091
300.270159
301.283129
302.296100
303.280998
304.274603
305.120499
306.127347
307.155147
308.217460
309.907075
311.209705
312.269116
313.575601
314.723084
316.008617
317.181270
318.274875
319.360771
320.358912
321.443175
322.601270
323.605215
324.646576
325.673107
326.688980
327.704853
328.660408
329.582086
330.617007
331.575782
332.685170
334.160998
335.200408
336.235556
337.248299
338.288844
339.370204
340.488980
341.481633
342.590884
343.601769
344.662313
345.655782
346.651020
347.714150
348.725034
349.767211
350.766803
351.843810
352.840816
353.847347
354.745986
355.549796
356.379048
357.109524
357.767211
358.294603
358.900952
359.452381
359.981587
360.565079
361.108254
361.701587
362.217460
362.816190
363.357143
363.906349
364.520000
365.087302
365.686032
366.285578
366.857823
367.478776
368.074966
368.691565
369.289932
369.910884
370.488435
371.133741
371.734286
372.377415
372.909252
373.532721
374.250476
374.873605
375.549660
376.205442
376.856871
377.503061
378.164490
378.765442
379.407619
380.110204
380.738231
381.392608
382.071156
382.762177
383.435374
384.034694
384.625714
385.192544
385.772789
386.374150
386.970748
387.646122
388.248707
388.918776
389.511429
390.177143
390.810612
391.453333
392.083810
392.709932
393.366939
393.997415
394.639184
395.247891
395.874014
396.513628
397.157143
397.798912
398.429388
399.115102
399.729320
400.361293
401.006122
401.666599
402.385578
403.071701
403.727891
404.453288
405.175646
405.860136
406.554558
407.217279
407.884354
408.576281
409.232517
409.936599
410.575782
411.293333
412.010476
412.559864
413.320952
414.014830
414.785034
415.440136
416.067755
416.722993
417.353469
418.006122
418.645306
419.293605
419.950544
420.582268
421.228163
421.869116
422.523129
423.178912
423.832925
424.597959
425.488435
426.315782
427.188707
