0.375102
1.124898
1.795102
2.481224
3.169932
3.842449
4.513878
5.257143
5.939773
6.639864
7.334830
8.068027
8.629841
9.374649
10.059456
10.723946
11.441497
12.167710
12.945805
13.651746
14.350703
15.084218
15.777098
16.522585
17.139138
17.839184
18.520680
19.238367
19.936735
20.653061
21.342449
22.047166
22.755510
23.407619
24.091156
24.745986
25.406939
26.083855
26.748844
27.410204
28.108254
28.746803
29.434694
30.097143
30.763265
31.435510
32.123764
32.791338
33.469841
34.153016
34.840952
35.509864
36.201134
36.864354
37.533061
38.238050
38.883039
39.586893
40.258005
40.923039
41.640136
42.331202
43.098413
43.698753
44.456871
45.167982
45.855420
46.502902
47.233878
47.904422
48.541497
49.268889
49.920000
50.624853
51.325805
52.051247
52.618836
53.425714
54.169025
54.826032
55.471565
56.107347
56.802449
57.432789
58.082766
58.718095
59.395737
60.104218
60.728707
61.389252
61.995102
62.747937
63.365896
64.235918
66.342540
67.053016
67.800317
68.481651
69.286905
69.946349
70.592381
71.267755
72.074603
72.744082
73.407347
74.206803
74.837551
75.609116
76.279932
77.055782
77.714367
78.474785
79.211429
79.902177
80.484898
81.248707
81.928537
82.697007
83.526122
84.189660
84.855102
85.510068
86.171156
86.878367
87.575714
88.376327
89.854830
90.697143
91.413333
92.242540
93.077415
93.832381
94.461224
95.227483
96.123243
96.881905
97.482041
98.138776
98.970340
99.621769
100.238367
101.025986
101.719048
102.448730
103.164082
103.813878
104.637415
105.157143
105.686122
106.253878
106.768118
107.356395
108.016327
108.583401
109.166803
109.796463
110.426122
111.113197
111.789932
112.517959
113.226939
113.984490
114.522041
115.139592
115.863878
116.460551
117.606531
118.306667
118.985850
119.662449
120.334694
120.984354
121.683129
122.374966
123.043265
123.737687
124.405578
125.093469
125.777007
126.467483
127.111020
127.829388
128.478095
129.181633
129.878231
130.590476
131.274830
131.929660
132.621224
133.321587
134.075918
134.781224
135.473469
136.181610
136.906803
137.612562
138.395238
139.054512
139.732880
140.469206
141.148662
141.868798
142.570703
143.290839
143.992834
144.734739
145.419365
146.139206
146.837188
147.613605
148.355601
149.086531
150.087710
150.578912
151.250113
151.948571
152.630658
153.314603
154.034830
154.695147
155.355465
156.053923
156.746893
157.421723
158.110159
158.854830
159.553197
160.296780
161.020317
161.839864
164.860771
166.061678
167.088526
168.187937
169.243719
170.347060
171.483946
172.670340
174.099637
175.199694
176.238095
177.243084
178.307982
179.343855
180.394240
181.479048
182.529342
183.550522
184.762132
185.859229
188.203810
189.284989
190.406893
191.656735
192.712517
193.746531
195.003265
196.116553
197.505805
198.596689
199.698322
200.692336
201.847937
203.005669
204.084127
205.224308
206.511746
207.656644
208.747664
209.798050
210.922313
212.070113
213.206621
214.230567
215.361224
216.407800
217.423991
218.480499
219.542812
220.615420
221.612245
222.669388
224.592154
225.570567
226.666757
227.787120
228.843628
230.049161
231.190159
232.769116
233.893016
235.039819
236.175329
237.141542
238.286757
239.412290
240.436236
241.581769
242.621497
243.756372
245.054739
246.291429
248.746485
249.999048
251.014921
252.325714
253.433016
254.494603
255.724444
256.990794
258.426984
259.717778
260.812063
261.969206
263.056190
264.396190
265.464127
266.657460
267.896508
268.941587
270.078413
271.210159
272.366984
273.553333
274.734921
275.725079
276.994603
278.191111
279.263810
280.353333
281.470159
282.577823
283.573583
284.576735
286.171565
287.383673
288.492109
289.671746
290.870340
292.053333
293.160408
294.155601
295.365986
296.369615
297.516463
298.743900
299.800091
300.830159
301.923129
302.976100
304.000998
305.054603
306.040499
307.127347
308.155147
309.237460
310.463537
311.589705
312.689116
313.915601
315.023084
316.588617
317.641270
318.694875
319.620771
320.658912
321.803175
323.061270
324.105215
325.266576
326.313107
327.428980
328.444853
329.500408
330.562086
331.697007
332.695782
333.845170
335.500998
336.840408
337.855556
338.948299
340.068844
341.090204
342.168980
343.201633
344.270884
345.281769
346.322313
347.355782
348.351020
349.494150
350.545034
351.587211
352.586803
353.683810
354.720816
355.787347
356.745986
357.624898
358.519048
359.329524
360.087211
360.729206
361.420952
362.072381
362.741587
363.405079
364.008254
364.641587
365.257460
365.936190
366.537143
367.117566
367.780000
368.407302
369.063016
369.665578
370.277823
370.898776
371.574966
372.191565
372.829932
373.410884
374.088435
374.713741
375.334286
375.977415
376.589252
377.225442
377.905238
378.567211
379.364830
379.985442
380.716871
381.386122
382.073469
382.805442
383.495238
384.270204
384.898231
385.632608
386.251156
386.962177
387.695374
388.414694
389.125714
389.742721
390.392789
391.034150
391.690748
392.386122
393.008707
393.678776
394.331429
395.037143
395.690612
396.333333
397.003810
397.629932
398.286939
398.917415
399.559184
400.207891
400.834014
401.513628
402.157143
402.818912
403.469388
404.155102
404.798639
405.402585
406.066122
406.733197
407.411156
408.071701
408.707891
409.409966
410.095646
410.800136
411.454558
412.097279
412.764354
413.476281
414.172517
414.896599
415.495782
416.233333
416.970476
417.659977
418.280952
419.094830
419.865034
420.560136
421.227755
421.882993
422.553469
423.246122
423.905306
424.593605
425.301088
425.986803
426.628163
427.329116
427.983129
428.718912
429.372925
430.077959
430.908435
431.635782
432.296088
