0.528776
1.264898
1.955102
2.681224
3.349932
4.062449
4.713878
5.497143
6.139773
6.859864
8.254830
8.807173
8.869841
9.634649
10.339456
11.003946
11.741497
12.467710
13.205805
13.910582
14.610703
15.364218
16.057098
16.782585
17.399138
18.109592
18.805170
19.538367
20.236735
20.973061
21.662449
22.327166
23.015510
23.647619
24.311156
24.985986
25.646939
26.323855
27.008844
27.690204
28.388254
29.006803
29.714694
30.397143
31.063265
31.735510
32.443764
33.131338
33.809841
34.496508
35.160952
35.869864
36.581134
37.224354
37.873061
38.578050
39.263039
39.966893
40.658005
41.309116
42.020136
42.711202
43.478413
44.155011
44.876871
45.527982
46.215420
46.862902
47.573878
48.224422
48.881497
49.548889
50.260000
50.944853
51.632902
52.330416
53.025503
53.765714
54.549025
55.246032
55.897188
56.547347
57.182449
57.872789
58.342766
59.118095
59.815737
60.404218
61.108707
61.769252
62.415102
63.167937
64.085896
65.255918
67.580508
68.293016
68.960317
69.588254
70.447619
71.197725
71.852381
72.647755
73.374603
74.024816
74.647347
75.506803
76.117551
76.837823
77.639864
78.395782
79.165918
79.924354
80.711429
81.442177
82.101633
82.768707
83.564717
84.237007
85.066122
85.749660
86.475102
87.210068
87.891156
88.638367
89.382857
90.256327
91.254830
91.997143
92.613333
93.302540
94.157415
94.832381
95.481224
96.227483
96.883243
97.481905
98.162041
98.918776
99.590340
100.221769
100.818367
101.565986
102.219048
102.948730
103.648163
104.336939
105.119354
105.677143
106.246122
106.893878
107.468118
108.132789
108.816327
109.486803
110.106803
110.816463
111.486122
112.213197
113.109932
113.597959
114.306939
115.064490
115.702041
116.399592
117.107755
117.349570
118.406531
119.086667
119.765850
120.422449
121.114694
121.824354
122.503129
123.214966
123.903265
124.617687
125.265578
125.933469
126.617007
127.307483
127.951020
128.669388
129.318095
130.001633
130.698231
131.430476
132.094830
132.769660
133.467075
134.121587
134.847959
135.521224
136.206735
136.883220
137.546803
138.232562
139.015238
139.674512
140.332880
141.029206
141.708662
142.388798
143.090703
143.790839
144.452834
145.194739
145.859365
146.598413
147.297188
148.073605
148.815601
149.606531
150.327710
150.978912
151.625057
152.308571
152.975329
153.654603
154.334830
154.995147
155.635465
156.273923
156.966893
157.641723
158.290159
158.994830
159.673197
160.396780
161.140317
161.919864
164.940771
166.201678
167.248526
168.287937
169.203719
170.321179
171.443946
172.370340
173.819637
174.858776
175.778095
176.763084
177.647982
178.520964
179.414240
180.379048
181.309342
182.234104
183.121066
184.019229
185.763810
186.184989
186.987616
187.656735
188.692517
189.546531
191.043265
192.396553
193.645805
194.536689
195.358322
196.170467
197.127937
198.112834
198.984127
200.004308
200.971746
201.896644
202.747664
203.758050
204.642313
205.550113
206.466621
207.470567
208.401224
209.247800
210.163991
211.100499
212.062812
212.975420
213.956122
214.789388
216.132154
217.170567
218.146757
219.267120
220.323628
221.309161
222.470159
223.629116
224.776508
225.799819
226.775329
227.681542
228.553379
229.476145
230.356236
231.290884
232.261497
233.196372
234.234739
235.177857
236.546485
237.152133
237.774921
238.262857
239.353016
240.374603
241.644444
243.450794
244.646984
245.517778
246.312063
247.229206
248.036190
249.078095
249.904127
250.908860
251.956508
252.781587
253.718413
254.710159
255.666984
256.513333
257.374921
258.325079
259.158921
260.045556
260.981905
261.838333
262.756720
263.657823
264.552264
265.456735
266.931565
267.963673
269.044036
270.051746
271.050340
271.953333
273.020408
273.995601
275.085986
276.004807
276.936463
278.003900
278.940091
279.770159
280.663129
281.596100
282.480998
283.354603
284.113500
284.967347
285.855147
286.817460
288.103537
289.229705
290.269116
291.355601
292.363084
293.408617
294.461270
295.514875
296.480771
297.398912
298.383175
299.440635
300.345215
301.226576
302.093107
303.008980
303.884853
304.760408
305.534029
306.417007
307.287891
308.265170
309.500998
310.620408
311.635556
312.588299
313.608844
314.610204
315.548980
316.581633
317.470884
318.421769
319.362313
320.335782
321.211020
322.234150
323.205034
324.187211
325.106803
326.083810
327.100816
328.087347
329.005986
329.849796
330.719048
331.429524
332.147211
332.869206
333.540952
334.252381
334.921587
335.585079
336.228254
336.901587
337.557460
338.236190
338.897143
339.512698
340.160000
340.862434
341.546032
342.225578
342.857823
343.538776
344.214966
344.871565
345.529932
346.210884
346.908435
347.613741
348.254286
348.957415
349.609252
350.285442
350.970476
351.667211
352.389660
353.085442
353.756871
354.466122
355.124490
355.785442
356.495238
357.190204
357.858231
358.592608
359.291156
360.042177
360.715374
361.374694
362.065714
362.682721
363.352789
364.007075
364.670748
365.406122
366.028707
366.718776
367.391429
368.077143
368.710612
369.453333
370.123810
370.789932
371.466939
372.137415
372.839184
373.507891
374.174014
374.873628
375.557143
376.238912
376.909388
377.615102
378.298639
378.962585
379.646122
380.326599
381.051156
381.731701
382.387891
383.139932
383.815646
384.520136
385.194558
385.837279
386.522177
387.208141
387.876259
388.576599
389.235782
389.973333
390.690476
391.399864
392.140952
392.794966
393.545034
394.240068
394.887755
395.531497
396.213469
396.886122
397.505306
398.173605
398.810544
399.462268
400.088163
400.742279
401.363129
402.038912
402.712925
403.477959
404.228435
404.955782
405.724354
