0.595102
1.384898
2.075102
2.761224
3.449932
4.102449
4.813878
5.617143
6.279773
6.999864
7.694830
8.448027
9.009841
9.754649
10.479456
11.223946
11.961497
12.707710
13.465805
14.111746
14.770703
15.484218
16.217098
16.962585
17.569569
18.279184
18.980680
19.698367
20.336735
21.053061
21.762449
22.527166
23.215510
23.887619
24.571156
25.225986
25.926939
26.623855
27.328844
27.990204
28.688254
29.306803
29.994694
30.657143
31.323265
31.995510
32.683764
33.331338
33.989841
34.653016
35.320952
35.989864
36.681134
37.304354
37.953061
38.638050
39.294346
39.946893
40.578005
41.229116
41.920136
42.575601
43.338413
43.957506
44.736871
45.447982
46.095420
46.722902
47.453878
48.141474
48.841497
49.548889
50.240000
50.964853
51.705805
52.371247
53.009524
53.885714
54.609025
55.326032
55.991565
56.647347
57.342449
58.012789
58.662766
59.338095
59.995737
60.624218
61.348707
62.009252
62.595102
63.307937
64.125896
65.315918
69.102540
70.093016
70.900317
71.728254
72.647619
73.486349
74.192381
75.007755
75.914603
76.684082
77.467347
78.346803
79.177551
79.989116
80.859864
81.755782
82.671837
83.624354
84.542857
85.382177
86.264898
87.068707
87.874150
88.717007
89.666122
90.479320
91.375102
92.150068
92.982313
93.898367
94.782857
95.716327
97.354830
98.097143
98.833333
99.802540
100.697415
101.472381
102.221224
103.067483
103.923243
104.741905
105.482041
106.298776
107.090340
107.821769
108.478367
109.245986
110.039048
110.768730
111.508163
112.113878
113.017415
113.497143
114.026122
114.613878
115.208118
115.852789
116.496327
117.086803
117.726803
118.416463
119.126122
119.793197
120.489932
121.237959
121.946939
122.624490
123.282041
123.959592
124.687755
124.900204
126.106531
126.766667
127.445850
128.102449
128.774694
129.464354
130.143129
130.834966
131.503265
132.197687
132.845578
133.513469
134.177007
134.847483
135.511020
136.169388
136.798095
137.441633
138.118231
138.770476
139.414830
140.049660
140.667075
141.340794
142.015918
142.661224
143.353469
144.023220
144.686803
145.332562
146.075238
146.714512
147.412880
148.109206
148.788662
149.468798
150.150703
150.810839
151.472834
152.154739
152.839365
153.498413
154.177188
154.893605
155.615601
156.306531
156.987710
157.638912
158.290113
158.968571
159.630658
160.294603
160.974830
161.655147
162.275465
162.933923
163.626893
164.301723
164.970159
165.674830
166.393197
167.196780
168.020317
168.959864
172.360771
173.561678
174.988526
176.347937
177.463719
178.624717
180.103946
181.330340
182.839637
184.058776
185.158095
186.206168
187.247982
188.223855
189.254240
190.279048
191.269781
192.190522
193.182132
194.229615
195.863810
197.064989
198.120862
199.196735
200.252517
201.286531
202.743265
204.096553
205.805805
206.916689
207.838322
208.872336
209.947937
210.992834
211.944127
213.044308
214.351746
215.396644
216.527664
217.578050
218.642313
219.690113
220.766621
221.790567
222.761224
223.782600
224.703991
225.740499
226.782812
227.835420
228.852245
230.009388
231.932154
233.490567
234.526757
236.107120
237.323628
238.409161
239.910159
241.489116
242.693016
243.859819
244.995329
245.921542
246.966757
247.996145
248.956236
249.961769
250.970748
251.916372
253.010527
254.031429
255.646485
256.659048
257.694921
258.725714
259.853016
260.914603
262.504444
264.230794
266.186984
267.297778
268.232063
269.289206
270.298095
271.378095
272.344127
273.477460
274.796508
275.821587
276.938413
278.010159
279.083492
280.133333
281.118730
282.085079
283.174603
284.215556
285.221905
286.193333
287.195079
288.277823
289.373583
290.516735
292.331565
293.723673
295.132109
297.051746
298.150340
299.233333
300.300408
301.355601
302.705986
303.809615
304.836463
306.223900
307.260091
308.390159
309.523129
310.676100
311.800998
312.794603
313.680499
314.707347
315.695147
316.757460
318.243537
319.589705
320.889116
322.286803
323.663084
324.968617
326.461270
327.654875
328.924626
330.158912
331.303175
332.601270
333.685215
334.906576
335.953107
337.048980
338.104853
339.100408
340.042086
341.117007
342.055782
343.265170
344.580998
345.740408
346.835556
347.868299
348.948844
349.990204
350.988980
351.981633
353.070884
354.021769
355.062313
356.015782
356.991020
358.074150
359.065034
360.047211
361.026803
362.083810
363.120816
364.087347
365.025986
365.809796
366.639048
367.369524
368.087211
368.694603
369.340952
369.966190
370.541587
371.145079
371.768254
372.421587
372.959153
373.616190
374.257143
374.856349
375.500000
376.147302
376.786032
377.425578
378.017823
378.658776
379.314966
379.991565
380.569932
381.190884
381.829478
382.473741
383.114286
383.737415
384.329252
385.000777
385.670476
386.287211
387.029660
387.605442
388.236871
388.866122
389.532245
390.165442
390.835238
391.510204
392.175646
392.872608
393.351156
394.060544
394.735374
395.514694
396.165714
396.822721
397.472789
398.134150
398.810748
399.526122
400.128707
400.798776
401.411429
402.097143
402.710612
403.413333
404.063810
404.709932
405.386939
406.017415
406.679184
407.307891
407.954014
408.593628
409.237143
409.878912
410.529388
411.215102
411.858639
412.451293
413.066122
413.746599
414.431156
415.071701
415.687891
416.399864
417.075646
417.780136
418.434558
419.037279
419.744354
420.428141
421.132517
421.836599
422.455782
423.193333
423.923492
424.479864
425.280952
426.014830
426.745034
427.440136
428.107755
428.742993
429.393469
430.066122
430.725306
431.373605
432.050544
432.726803
433.388163
434.049116
434.723129
435.418912
436.112925
436.877959
437.748435
438.675782
439.548707
