0.298776
0.984898
1.615102
2.181224
2.769932
3.382449
3.953878
4.617143
5.199773
5.819864
6.434830
7.048027
7.529841
8.154649
8.779456
9.343946
9.941497
10.607710
11.265805
11.891746
12.490703
13.144218
13.737098
14.402585
15.019138
15.559184
16.200680
16.838367
17.456735
18.093061
18.722449
19.287166
19.875510
20.447619
21.051156
21.645986
22.226939
22.823855
23.448844
24.050204
24.648254
25.226803
25.834694
26.457143
27.063265
27.655510
28.283764
28.871338
29.489841
30.076508
30.660952
31.289864
31.901134
32.464354
33.053061
33.738050
34.263039
34.866893
35.458005
36.069116
36.680136
37.291202
37.958413
38.535011
39.188435
39.787982
40.425140
40.982902
41.653878
42.252211
42.861497
43.508889
44.120000
44.744853
45.385805
46.073906
46.613905
47.265714
47.989025
48.626032
49.225782
49.807347
50.422449
51.032789
51.662766
52.298095
52.875737
53.484218
54.128707
54.789252
55.335102
55.987937
56.745896
57.689061
59.838260
60.477672
61.160317
61.888254
62.667619
63.446349
64.052381
64.865551
65.499229
66.244082
66.847347
67.606803
68.297551
69.009116
69.739864
70.515782
71.271837
71.984354
72.682857
73.322177
73.904898
74.568707
75.234150
75.877007
76.646122
77.296553
77.975102
78.630068
79.231156
79.894592
80.582857
81.356327
82.654830
83.397143
84.053333
84.820423
85.537415
86.232381
86.981224
87.667483
88.423243
89.081905
89.821020
90.498776
91.170340
91.861769
92.478367
93.105986
93.859048
94.448730
95.104082
95.593878
96.357415
96.877143
97.386122
97.933878
98.488118
99.052789
99.656327
100.186803
100.746803
101.316463
101.868707
102.562200
103.089932
103.677959
104.346939
105.084490
105.462041
105.979592
106.607755
106.825510
107.786531
108.386667
108.925850
109.482449
110.047347
110.684354
111.263129
111.874966
112.463265
113.097687
113.705578
114.313469
114.917007
115.547483
116.091020
116.729388
117.298095
117.881633
118.478231
119.090476
119.687415
120.229660
120.827075
121.401587
121.995918
122.601224
123.193469
123.785805
124.366803
124.948141
125.617619
126.214512
126.812880
127.409206
128.008662
128.628798
129.250703
129.910839
130.492834
131.154739
131.779365
132.398413
133.017188
133.673605
134.335601
135.061306
136.087710
136.538912
136.930113
137.528571
138.130658
138.694603
139.287415
139.895147
140.455465
141.033923
141.626893
142.241723
142.830159
143.414830
144.053197
144.676780
145.380317
146.159864
149.120771
150.181678
151.128526
151.972794
152.683719
153.621179
154.763946
155.690340
156.699637
157.519388
158.419683
159.203084
160.066995
160.863855
161.694240
162.599048
163.402336
164.250522
165.122132
166.039229
167.063810
168.021247
168.820862
169.776735
170.472517
171.506531
172.423265
173.756553
174.205805
175.038896
175.878322
176.692336
177.487937
178.392834
179.204127
179.964308
180.871746
181.725548
182.516916
183.378050
184.242313
185.070113
185.846621
186.750567
187.621224
188.494633
189.403991
190.220499
191.062812
191.975420
192.772245
193.657878
195.272154
196.150567
197.066757
197.987120
198.823628
199.649161
200.617513
201.778445
202.802209
203.359819
204.217664
205.055385
205.888919
206.726145
207.496236
208.421769
209.177357
210.136372
210.978685
211.930635
212.966485
213.789762
214.754921
215.668571
216.432751
217.374603
218.384444
219.670794
220.086984
220.977778
221.792063
222.609206
223.352910
224.298095
225.124127
225.877460
226.836508
227.521587
228.318413
229.390159
230.106984
230.933333
231.711640
232.465079
233.314603
234.167778
235.001905
235.773333
236.615079
237.597823
238.333583
239.356735
240.711565
241.623673
242.632109
243.531746
244.590340
245.643333
246.340408
247.235601
248.085986
248.832404
249.576463
250.483900
251.320091
252.170159
252.983129
253.796100
254.580998
255.374603
256.120499
256.887347
257.655147
258.477460
259.603537
260.648155
261.449116
262.522600
263.343084
264.328617
265.201270
266.114875
266.980771
267.758912
268.623175
269.561270
270.365215
271.226576
272.033107
272.868980
273.584853
274.380408
275.102086
275.957007
276.717891
277.605170
278.740998
279.680408
280.435556
281.304150
282.128844
282.910204
283.728980
284.501633
285.310884
286.081769
286.802313
287.615782
288.331020
289.174150
289.925034
290.647211
291.386803
292.163810
292.940816
293.687347
294.425986
295.069796
295.799048
296.469524
297.187211
297.749206
298.360952
298.952381
299.501587
300.085079
300.628254
301.201587
301.757460
302.376190
302.957143
303.492698
304.100000
304.667302
305.246032
305.825578
306.417823
306.998776
307.634966
308.211565
308.789932
309.450884
310.028435
310.573741
311.154286
311.757415
312.329252
312.925442
313.510476
314.127211
314.749660
315.345442
315.956871
316.543061
317.144490
317.685442
318.315238
318.910204
319.498231
320.052608
320.611156
321.222177
321.815374
322.338673
322.985714
323.522721
324.112789
324.674150
325.230748
325.886122
326.388707
327.058776
327.611429
328.257143
328.845102
329.493333
330.023810
330.649932
331.206939
331.817415
332.399184
332.967891
333.514014
334.133628
334.717143
335.278912
335.889388
336.515102
337.078639
337.622585
338.226122
338.833197
339.411156
339.991701
340.567891
341.253288
341.895646
342.560136
343.174558
343.797279
344.402177
345.036281
345.632517
346.296599
346.835782
347.493333
348.150476
348.799955
349.457279
349.912472
350.705034
351.320136
351.887755
352.482993
353.133469
353.726122
354.325306
354.933605
355.601088
356.206803
356.788163
357.409116
357.963129
358.598912
359.212925
359.837959
360.548435
361.335782
362.188707
