0.555102
2.004898
2.695102
3.401224
4.089932
4.782449
5.453878
6.257143
6.859773
7.519864
8.214830
8.968027
9.549841
10.294649
10.979456
11.663946
12.341497
13.027710
13.765805
14.471746
15.110703
15.824218
16.517098
17.262585
17.879138
18.559184
19.250340
19.978367
20.696735
21.393061
22.102449
22.787166
23.435510
24.067619
24.751156
25.385986
26.066939
26.723855
27.408844
28.070204
28.748254
29.366803
30.054694
30.717143
31.383265
32.035510
32.723764
33.351338
34.009841
34.673016
35.320952
35.989864
36.681134
37.284354
37.913061
38.598050
39.243039
39.906893
40.579335
41.229116
41.940136
42.611202
43.418413
44.115011
44.836871
45.507982
46.175420
46.882902
47.573878
48.224422
48.921497
49.588889
50.230000
50.924853
51.605805
52.151247
52.902381
53.685714
54.452114
55.086032
55.731565
56.367347
57.082449
57.792789
58.442766
59.118095
59.835737
60.504218
61.188707
61.889252
62.555102
63.307937
63.945896
64.595918
67.093246
67.773016
68.500317
69.348254
70.267619
70.746349
71.292381
72.127755
72.874603
73.464082
74.147347
74.866803
75.557551
76.218186
77.059864
77.775782
78.531837
79.328118
80.122857
80.822177
81.544898
82.308707
83.014150
83.717007
84.546122
85.294830
86.015102
86.710068
87.451156
88.178367
88.942857
89.696327
91.014830
91.657143
92.293333
93.062540
93.797415
94.572381
95.281224
95.867483
96.623243
97.161905
97.902041
98.698776
99.390340
100.101769
100.659184
101.405986
102.079048
102.808730
103.488163
104.173878
104.997415
105.477143
106.006122
106.573878
107.108118
107.732789
108.356327
108.966803
109.566803
110.216463
110.863061
111.573197
112.309932
113.017959
113.755646
114.484490
115.062041
115.699592
116.407755
116.780918
117.786531
118.426667
119.105850
119.762449
120.434694
121.144354
121.763129
122.474966
123.123265
123.797687
124.445578
125.113469
125.757007
126.427483
127.051020
127.749388
128.358095
129.021633
129.698231
130.330476
130.974830
131.649660
132.287075
132.941587
133.615918
134.301224
134.993469
135.663220
136.346803
137.052562
137.817619
138.494512
139.192880
139.869206
140.568662
141.248798
141.950703
142.685420
143.312834
144.014739
144.619365
145.326138
145.977188
146.713605
147.395601
148.086531
149.127710
149.778912
150.450113
151.128571
151.704256
151.974603
152.654830
153.305049
153.875465
154.533923
155.146893
155.801723
156.430159
157.094830
157.753197
158.376780
159.020317
159.779864
163.440771
164.641678
165.808526
166.807937
167.843719
168.961179
170.643946
171.850340
173.379637
174.498776
175.618095
176.703084
177.767982
178.843855
179.894240
181.019048
182.089342
183.290522
184.490355
185.513076
186.823810
187.964989
189.102585
190.176735
191.252517
192.326531
193.763265
195.116553
195.985805
197.056689
198.118322
199.076168
200.267937
201.332834
202.324127
203.364308
204.511746
205.456644
206.427664
207.478050
208.522313
209.610113
210.726621
211.710567
212.801224
213.847800
214.863991
215.900499
216.960937
218.015420
219.052245
219.989388
221.772154
222.930567
223.966757
224.907120
225.963628
227.149161
228.425079
229.889116
230.929127
231.999819
233.135329
234.101542
235.186757
236.332290
237.298118
238.441769
239.561497
240.696372
241.958246
242.871429
244.226485
245.239048
246.254921
247.222857
248.233016
249.294603
250.564444
252.010794
252.926984
253.937778
254.992063
256.089206
257.136190
258.238095
259.264127
260.497460
261.716508
262.821587
263.918413
264.950159
266.086984
267.213333
268.274921
269.225079
270.454603
271.511111
272.561905
273.593333
274.655079
275.677823
276.653583
277.756735
279.251565
280.463673
281.552109
282.671746
283.770340
284.813333
285.900408
286.895601
288.145986
289.109615
290.236463
291.563900
292.600091
293.610159
294.643129
295.636100
296.540998
297.514603
298.440499
299.527347
300.475147
301.517460
302.663537
303.889705
304.949116
306.095601
307.143084
308.228617
309.401270
310.474875
311.520771
312.518912
313.583175
314.761270
315.745215
316.786576
317.753107
318.728980
319.584853
320.500408
321.482086
322.597007
323.595782
324.765170
326.020998
327.020408
328.215556
329.248299
330.324422
331.190204
332.248980
333.321633
334.370884
335.381769
336.422313
337.475782
338.451020
339.534150
340.525034
341.507211
342.446803
343.423810
344.380816
345.327347
346.245986
347.089796
347.959048
348.689524
349.453605
350.169206
350.880952
351.552381
352.201587
352.845079
353.468254
354.121587
354.757460
355.456190
356.097143
356.692698
357.320000
357.987302
358.666032
359.285578
359.977823
360.598776
361.254966
361.891565
362.549932
363.210884
363.908435
364.553741
365.234286
365.917415
366.549252
367.205442
367.985238
368.607211
369.329660
370.005442
370.716871
371.386122
372.064490
372.645442
373.375238
374.070204
374.758231
375.472608
376.071156
376.802177
377.475374
378.174694
378.825714
379.462721
380.112789
380.754150
381.390748
382.086122
382.708707
383.398776
384.071429
384.737143
385.370612
386.073333
386.743810
387.389932
388.066939
388.737415
389.399184
390.047891
390.714014
391.393628
392.057143
392.698912
393.369388
394.035102
394.678639
395.322585
396.006122
396.673197
397.391156
398.131701
398.807891
399.579864
400.295646
401.040136
401.734558
402.397279
403.084354
403.836281
404.546259
405.296599
405.955782
406.713333
407.430476
408.159864
408.960952
409.534830
410.625034
410.978014
411.567755
412.202993
412.873469
413.546122
414.205306
414.853605
415.521088
416.186803
416.848163
417.509116
418.163129
418.838912
419.472925
420.157959
420.868435
421.575782
422.368707
