0.637551
1.080000
2.123764
3.101723
4.368571
7.647664
10.669524
14.218367
17.793741
22.090612
24.506939
28.065714
34.421224
37.000635
39.301905
43.017732
49.512063
51.518776
52.887619
54.449796
55.860272
57.261633
58.647619
60.207528
62.615510
66.721451
70.132698
73.835692
81.643175
82.829841
83.872381
84.924762
85.997823
87.075918
88.160317
89.186939
90.239048
91.300000
92.280816
93.444898
94.626667
95.694422
96.925397
98.115238
99.169932
100.323810
101.477687
102.632245
103.864626
105.403810
107.629592
110.306531
112.513333
114.925306
117.713243
120.253469
123.244444
126.635918
130.721995
134.305079
137.267256
139.321633
141.221224
142.942449
144.800317
147.410204
149.435556
151.409977
153.590159
155.491429
158.152381
160.700544
163.897324
166.551837
170.158639
172.633968
175.843628
178.516735
180.760000
183.125714
184.226667
185.271837
186.340000
187.534286
188.574603
189.668571
190.783810
191.983810
193.080000
194.167846
195.407664
196.776372
197.850249
199.092517
200.280000
201.242449
202.494150
203.651565
204.850930
205.863673
207.288980
208.471247
209.999955
211.191882
212.355420
213.503492
214.699320
216.074286
217.273469
218.515556
219.553469
220.760544
222.581587
226.892698
229.957551
233.362358
236.234286
239.250385
242.282358
245.111020
250.286485
254.559592
259.364490
264.267619
271.778776
275.303356
278.886122
282.082585
285.432698
288.906349
292.168435
295.744989
299.163583
303.126531
306.704399
310.374694
313.666939
317.577052
320.871746
324.334807
327.466621
