0.420000
1.263175
2.563764
3.681723
5.248571
8.627664
11.949524
15.798367
19.193741
24.050612
27.446939
31.005714
36.240000
38.740635
40.761905
43.497732
48.312063
50.038776
51.967619
53.669796
55.540272
57.941633
59.367619
60.667528
63.395510
67.781451
71.732698
75.635692
82.243175
83.529841
84.672381
85.864762
87.037823
88.255918
89.420317
90.586939
91.799048
92.962585
94.140816
95.444898
96.826667
98.074422
99.325397
100.595238
101.809932
103.063810
104.117687
105.420000
106.684626
108.023810
110.309592
113.966531
116.293333
118.685306
122.033243
124.893469
127.984444
131.255918
134.021995
138.422540
141.040000
142.861633
144.701224
146.302449
148.160000
150.430204
151.940000
153.409977
155.130159
156.591429
158.272381
160.300544
162.577324
164.691837
168.018639
170.253968
172.603628
174.816735
177.063810
179.645714
181.026667
182.331837
183.553651
184.894286
186.134603
187.388571
188.703810
190.023810
191.263492
192.547846
193.967664
195.536372
196.750249
198.012517
199.293243
200.542449
201.834150
203.191565
204.390930
205.563673
206.988980
208.251247
209.619955
210.931882
212.255420
213.523492
214.799320
216.114286
217.433469
218.795556
219.913469
221.220544
222.941587
225.812698
229.012653
231.982358
234.974286
238.170385
241.842358
245.531020
250.406485
255.079592
260.324490
265.247619
273.278776
276.783356
280.466122
283.682585
287.012698
290.266349
293.728435
297.264989
300.903583
304.646531
308.264399
312.114694
316.086939
319.377052
321.511746
324.500000
327.440000
