0.537551
1.423175
3.363764
4.521723
6.028571
9.207664
12.109524
15.638367
18.793741
23.470612
26.246939
29.645714
34.901224
37.440635
39.601905
42.617732
48.892063
50.558776
52.347619
53.949796
55.500272
57.201633
58.607619
60.247528
63.075510
66.161451
69.772698
73.635692
80.320000
81.529841
82.672381
83.804762
84.937823
86.035918
87.140317
88.246939
89.379048
90.482585
91.560816
92.684898
93.926667
95.074422
96.185397
97.415238
98.569932
99.743810
100.977687
102.192245
103.444626
104.883810
107.609592
110.986531
113.513333
117.085306
120.393243
123.293469
126.604444
129.875918
132.681995
135.022540
137.327256
139.801633
141.981224
144.002449
146.320317
149.010204
150.455556
151.889977
153.590159
155.191429
157.252381
159.180544
161.297324
163.551837
166.718639
168.733968
171.263628
173.556735
176.123810
179.065714
180.566667
181.871837
183.093651
184.414286
185.654603
186.888571
188.183810
189.463810
190.663492
191.947846
193.287664
194.576372
195.770249
197.012517
198.213243
199.442449
200.654150
201.931565
203.190930
204.383673
205.708980
206.971247
208.259955
209.571882
210.835420
212.083492
213.179320
214.454286
215.753469
216.995556
218.093469
219.360544
221.021587
224.352698
227.577551
230.682358
233.974286
237.470385
241.722358
244.731020
248.846485
253.399592
257.804490
262.527619
269.858776
273.603356
277.166122
280.060000
283.252698
286.506349
289.848435
293.004989
296.243583
299.786531
302.924399
306.154694
310.026939
313.457052
315.951746
317.914807
320.526621
