0.520000
0.903175
2.163764
3.221723
4.388571
7.027664
9.229524
12.198367
15.093741
18.630612
21.346939
24.305714
30.501224
32.400635
33.980000
35.857732
40.152063
41.838776
43.247619
44.809796
46.120272
47.641633
49.087619
50.647528
52.795510
55.441451
58.372698
61.515692
68.903175
70.029841
71.112381
72.184762
73.257823
74.315918
75.420317
76.486939
77.599048
78.682585
79.760816
80.824898
82.086667
83.154422
84.185397
85.375238
86.349932
87.263810
88.477687
89.652245
90.804626
92.103810
93.969592
96.766531
99.033333
101.385306
104.273243
106.993469
110.144444
113.155918
116.881995
118.442540
120.727256
122.761633
124.781224
126.682449
128.800000
131.130204
133.035556
134.469977
136.310159
137.731429
139.472381
141.520544
143.597324
145.680000
148.638639
150.753968
153.023628
155.076735
157.343810
159.925714
161.186667
162.411837
163.453651
164.294286
165.734603
166.860000
167.983810
169.183810
170.283492
171.207846
172.567664
173.980000
174.790249
175.660000
176.753243
177.662449
178.834150
179.791565
180.730930
181.843673
182.948980
183.991247
185.139955
186.311882
187.335420
188.483492
189.439320
190.654286
191.853469
192.955556
194.013469
195.100544
196.461587
198.760000
201.197551
203.742358
206.194286
208.900000
211.962358
214.751020
218.786485
222.760000
226.284490
230.567619
237.538776
240.383356
243.266122
245.722585
248.752698
251.486349
254.488435
257.404989
260.483583
264.146531
267.884399
271.934694
275.686939
279.417052
282.491746
285.654807
288.706621
