0.637551
1.623175
3.603764
4.801723
6.428571
9.007664
11.549524
14.798367
17.833741
21.830612
24.486939
27.680000
32.961224
35.240635
37.341905
40.297732
46.012063
47.858776
49.707619
51.169796
52.960272
54.641633
56.087619
57.647528
59.935510
62.861451
66.492698
69.835692
75.583175
76.709841
77.752381
78.804762
79.877823
80.955918
82.120317
83.146939
84.259048
85.302585
86.400000
87.380000
88.666667
89.774422
90.905397
92.035238
93.169932
94.283810
95.277687
96.392245
97.644626
98.843810
101.529592
104.286531
106.533333
108.985306
111.533243
114.253469
117.364444
120.015918
122.781995
125.162540
127.440000
129.420000
131.301224
133.040000
135.200317
137.590204
139.315556
140.869977
142.650159
144.111429
146.372381
148.600544
150.857324
153.120000
156.578639
158.793968
161.263628
163.376735
165.623810
168.045714
169.246667
170.511837
171.633651
172.934286
174.094603
175.328571
176.563810
177.803810
178.983492
179.947846
181.347664
182.656372
183.650249
184.832517
185.913243
186.842449
188.214150
189.331565
190.450930
191.603673
192.868980
194.131247
195.419955
196.651882
197.855420
198.863492
199.999320
201.160000
202.293469
203.355556
204.333469
205.540544
207.366349
212.092698
215.017551
217.922358
220.874286
224.050385
227.222358
229.611020
234.246485
237.999592
241.864490
245.907619
252.518776
255.643356
258.466122
261.342585
264.192698
267.206349
270.128435
273.084989
275.823583
278.746531
281.844399
284.874694
287.986939
291.357052
294.211746
297.300000
300.346621
