0.937551
1.783175
3.140000
4.101723
5.148571
7.967664
10.469524
13.078367
15.953741
19.810612
22.406939
25.605714
30.661224
32.620635
34.521905
37.017732
41.952063
43.798776
45.607619
47.269796
48.780272
50.261633
51.727619
53.027528
54.835510
57.901451
61.232698
64.455692
70.443175
71.469841
72.492381
73.464762
74.497823
75.475918
76.520317
77.466939
78.539048
79.562585
80.580816
81.504898
82.706667
83.694422
84.705397
85.835238
86.869932
87.960000
88.957687
90.112245
91.204626
92.563810
94.889592
97.646531
99.773333
102.225306
104.993243
107.553469
110.824444
114.015918
117.901995
120.102540
122.447256
124.541633
126.521224
128.422449
130.480317
133.110204
134.875556
136.289977
138.110159
139.491429
141.532381
143.500544
145.857324
148.091837
151.458639
153.773968
156.363628
158.596735
160.703810
162.605714
163.786667
164.871837
165.860000
167.034286
167.940000
169.128571
170.203810
171.343810
172.383492
173.467846
174.447664
175.496372
176.450249
177.492517
178.500000
179.422449
180.600000
181.500000
182.520000
183.443673
184.688980
185.811247
186.859955
187.951882
189.135420
190.023492
191.179320
192.434286
193.533469
194.675556
195.673469
196.840544
198.481587
201.712698
204.317551
207.022358
209.454286
212.110385
215.022358
217.251020
221.346485
224.899592
228.904490
232.827619
238.118776
241.243356
244.046122
246.760000
249.920000
252.886349
255.948435
259.324989
262.507166
265.906531
269.224399
272.774694
276.206939
279.597052
282.731746
286.014807
289.386621
