0.597551
1.403175
2.583764
3.621723
5.068571
8.767664
11.809524
15.518367
19.113741
24.490612
27.146939
30.805714
37.261224
39.860635
42.381905
46.497732
53.852063
55.598776
57.107619
58.589796
60.140272
61.761633
63.147619
64.787528
67.615510
72.181451
75.672698
79.695692
87.923175
89.069841
90.172381
91.224762
92.357823
93.475918
94.560000
95.666939
96.859048
97.940000
99.040816
100.244898
101.466667
102.634422
103.885397
105.155238
106.349932
107.543810
108.677687
109.932245
111.244626
112.823810
115.409592
118.286531
120.633333
123.185306
126.173243
129.273469
132.504444
136.515918
140.841995
144.382540
147.647256
149.641633
151.741224
153.562449
155.620317
158.410204
160.466667
162.289977
164.770159
166.631429
169.532381
172.180544
175.397324
178.211837
181.638639
184.293968
187.743628
190.136735
192.423810
194.765714
195.946667
197.111837
198.213651
199.394286
200.474603
201.628571
202.683810
203.863810
205.123492
206.167846
207.467664
208.856372
210.090249
211.332517
212.553243
213.682449
214.954150
216.220000
217.410930
218.643673
220.228980
221.582494
223.159955
224.371882
225.635420
226.863492
227.979320
229.374286
230.673469
231.895556
233.033469
234.220544
236.021587
240.232698
243.717551
247.202358
250.200000
253.230385
256.502358
259.511020
265.086485
269.259592
273.688980
278.727619
288.218776
291.503356
295.346122
298.382585
301.652698
305.086349
308.588435
312.504989
316.463583
320.446531
324.124399
328.074694
332.046939
335.397052
338.531746
341.754807
344.806621
