0.320000
0.860000
2.183764
3.381723
4.688571
7.767664
10.389524
13.058367
15.793741
19.230612
22.046939
25.165714
30.481224
32.960635
35.501905
38.317732
44.252063
46.355102
48.867619
51.129796
53.460272
55.561633
57.667619
59.887528
62.657551
66.241451
69.712698
73.495692
80.003175
81.389841
82.592381
83.804762
85.017823
86.215918
87.440317
88.626939
89.859048
91.022585
92.180816
93.344898
94.586667
95.734422
96.905397
98.155238
99.309932
100.463810
101.597687
102.852245
104.104626
105.363810
107.729592
110.606531
113.253333
116.405306
119.313243
122.173469
125.444444
128.455918
131.761995
134.062540
136.307256
138.421633
140.681224
142.642449
144.940317
147.690204
149.515556
151.000000
152.630159
154.251429
155.752381
157.820544
159.857324
161.880000
165.058639
167.273968
169.503628
171.616735
173.823810
176.265714
177.826667
179.251837
180.533651
181.974286
183.334603
184.688571
186.023810
187.423810
188.703492
190.027846
191.347664
192.696372
193.830249
194.992517
196.233243
197.402449
198.594150
199.711565
200.990930
202.083673
203.328980
204.471247
205.699955
206.911882
208.035420
209.183492
210.319320
211.560000
212.733469
213.955556
215.093469
216.280544
218.001587
220.712698
224.117551
227.202358
230.274286
233.750385
236.962358
240.811020
244.666485
249.139592
253.324490
257.747619
264.758776
268.483356
272.346122
275.482585
279.112698
282.846349
286.288435
289.864989
293.423583
296.886531
300.504399
304.254694
307.726939
311.117052
314.211746
317.414807
321.846621
