0.220816
3.583946
6.079728
9.632948
13.060454
16.613333
18.136327
20.062857
22.232653
24.602857
29.459184
32.013878
34.632517
36.474694
38.033016
39.965215
42.099320
43.754422
45.886304
47.845215
49.590023
51.370068
52.672608
54.241224
55.891156
57.786893
60.508163
63.041043
65.892608
69.263197
71.139002
72.663039
75.095873
77.773288
79.354785
82.789751
84.170068
85.501043
86.775918
87.984082
89.157687
90.399138
91.602857
92.770612
93.915556
95.113061
96.234376
97.358594
98.525397
99.668980
100.796190
101.991293
103.083175
104.184263
105.305578
106.432381
107.541633
109.152653
110.349932
111.476599
113.077234
114.488481
115.725374
116.740136
117.979864
119.276372
120.410295
121.866168
123.174694
124.221224
125.414286
126.573016
127.989206
129.151429
130.338549
131.599048
132.809796
133.985941
135.104444
136.364127
137.486984
138.614921
139.652381
140.734921
141.879546
142.949297
144.014830
145.234558
146.369116
147.496735
148.714966
150.055782
151.265170
152.740136
155.410522
157.194875
158.424717
159.684490
160.597959
161.531791
162.627755
164.336327
165.179184
166.123401
167.114558
167.986168
169.022041
169.922721
170.867982
171.780726
173.275510
174.007755
174.889524
176.782676
178.518776
180.985714
181.909660
183.429524
185.837642
188.148027
191.476825
195.805079
199.891111
203.631401
207.613333
211.768571
216.660317
217.820816
218.918503
220.042721
221.220000
222.331156
223.481497
224.903129
225.948503
227.018231
228.084036
229.086621
230.196463
231.239229
232.287392
233.348299
234.443719
235.524535
236.576417
237.635556
238.685578
239.757460
240.789342
241.837279
243.058413
244.118481
245.314014
246.557415
247.476463
248.568254
249.700454
250.717324
251.795510
252.903265
253.947302
255.087755
256.080635
257.263424
258.274739
259.351111
260.447196
261.470658
262.629070
263.637098
264.389554
265.765397
266.751429
267.865079
268.763401
269.644399
270.965578
271.873061
273.014531
274.190204
275.141020
276.927143
278.082166
280.414694
282.104807
284.307347
287.408118
290.488844
293.236735
300.429524
