1.420816
5.403946
8.079728
11.852948
15.741361
20.373333
22.556327
24.742857
27.432653
29.502857
34.598367
37.533878
40.412517
42.134694
44.013016
45.812608
47.679320
49.454422
51.666304
53.765215
55.950023
57.770068
59.512608
61.221224
63.591156
65.413787
68.548163
71.441043
75.052608
77.823197
79.719002
81.294080
83.615873
85.673288
87.046957
89.629751
90.890068
92.181043
93.435918
94.704082
95.957687
97.239138
98.502857
99.750612
101.175556
102.253061
103.414376
104.618594
105.805397
107.028980
108.324762
109.551293
110.806349
112.004263
113.205578
114.452381
115.661633
117.052653
118.109932
119.176599
120.537234
121.668481
122.910748
123.880136
124.919864
125.976372
127.090295
128.514014
129.694694
130.772245
131.819048
132.896508
133.989206
134.975714
136.018549
137.199048
138.221399
139.225941
140.284444
141.524127
142.526984
143.654921
144.752381
145.934921
147.019546
148.089297
149.174830
150.274558
151.389116
152.456735
153.634966
154.947891
156.625170
158.360136
161.690522
163.914875
165.484717
167.044490
167.917959
168.815896
169.787755
171.416327
172.219184
173.083401
173.934558
174.786168
175.822041
176.642721
177.467982
178.320726
179.455510
180.127755
181.029524
183.053379
185.398776
188.685714
189.669660
191.609524
195.197642
198.096054
202.116825
205.625079
208.891111
212.562222
216.693333
220.425714
224.080317
225.101633
226.298503
227.362721
228.460000
229.551156
230.681497
231.803129
232.897007
234.018231
235.084036
236.186621
237.336463
238.359229
239.433696
240.548299
241.603719
242.704535
243.796417
244.855556
245.905578
246.977460
248.069342
249.117279
250.278413
251.393923
252.411338
253.297415
254.496463
255.568254
256.640907
257.698662
258.775510
259.931633
261.007302
262.193878
263.220635
264.403424
265.494739
266.631111
267.781587
268.930658
270.256281
271.317098
272.365986
273.785397
274.871429
276.125079
277.183401
278.464399
280.045578
281.573061
282.332653
283.950204
284.982041
286.927143
288.004331
290.954694
292.584807
294.887347
297.468118
301.148844
304.276735
311.349524
