1.100816
4.763946
7.919728
13.232948
16.421361
19.533333
21.716327
24.322857
26.945306
29.422857
34.618367
37.653878
40.172517
42.194694
44.933016
47.112608
49.519320
51.334422
54.366304
56.805215
58.690023
60.750068
62.252608
64.241224
66.691156
68.886893
72.888163
75.741043
78.952608
82.263197
84.799002
86.746077
89.695873
92.513288
94.574785
98.509751
99.830068
100.904209
102.015918
103.101361
104.237687
105.419138
106.502857
107.590612
108.635556
109.753061
110.834376
111.878594
112.945397
113.988980
115.016190
116.165646
117.303175
118.348426
119.405578
120.472381
121.501633
122.771582
123.909932
124.976599
126.297234
127.608481
128.850748
129.830068
130.959864
132.016372
133.390295
134.766168
135.934694
137.061224
138.259048
139.436508
140.649206
141.731429
142.818549
144.019048
145.169796
146.065941
147.184444
148.244127
149.386984
150.434921
151.592381
152.674921
153.739546
154.769297
155.774830
156.874558
157.969116
159.036735
160.134966
161.347891
162.705170
164.520136
168.370522
170.474875
172.204717
173.204490
174.277959
175.231791
176.307755
177.696327
178.559184
179.563401
180.574558
181.606168
182.842041
183.782721
184.747982
185.680726
187.075510
187.775510
188.769524
191.462676
193.298776
196.085714
197.149660
198.729524
201.517642
204.080136
208.216825
211.905079
215.571111
219.662222
224.433333
228.128571
232.220317
233.341633
234.358503
235.442721
236.480000
237.605578
238.661497
239.703129
240.777007
241.898231
242.884036
243.926621
244.996463
246.279229
247.126848
248.168299
249.223719
250.288178
251.296417
252.355556
253.405578
254.417460
255.449342
256.508639
257.678413
258.713923
259.854014
261.077415
262.076463
263.068254
264.240907
265.331465
266.335510
267.523265
268.547302
269.702585
270.680635
271.823424
272.874739
273.951111
275.040794
276.150658
277.849070
278.783420
279.571973
280.985397
281.891429
283.165079
284.223401
285.384399
286.745578
288.153061
289.092653
290.490204
291.301020
292.823571
293.404331
295.914694
298.004807
300.087347
302.548118
305.988844
308.756735
314.409524
