1.060816
3.923946
6.579728
9.872948
13.460454
17.013333
19.156327
22.022857
24.972653
27.422857
32.269184
34.613878
36.692517
38.654694
40.673016
43.030431
44.919320
46.594422
48.226304
50.085215
51.730023
52.996689
53.972608
55.461224
57.471156
59.046893
62.208163
64.967014
67.292608
69.903197
71.839002
73.883039
77.155873
80.373288
82.414785
87.349751
88.690068
89.981043
91.235918
92.404082
93.597687
94.839138
96.042857
97.250612
98.357778
99.573061
100.734376
101.818594
102.942698
104.068980
105.136190
106.350431
107.463175
108.524263
109.645578
110.792381
111.881633
113.332653
114.549932
115.738299
117.617234
119.148481
120.390748
121.560136
123.019864
124.256372
125.670295
127.166168
128.634694
129.764898
131.199048
132.593016
133.809206
135.071429
136.298549
137.619048
138.769796
139.865941
140.944444
142.184127
143.286984
144.454921
145.577143
146.714921
147.819546
148.869297
149.914830
150.974558
152.049116
153.096735
154.214966
155.667891
157.485170
159.440136
164.290522
167.574875
169.584717
170.524490
171.397959
172.451791
173.283878
174.836327
175.719184
176.643401
177.594558
178.586168
179.608163
180.642721
181.587982
182.540726
183.695510
184.327755
185.229524
187.422676
189.518776
193.665714
195.049660
197.289524
201.097642
203.996190
207.576825
211.586349
216.031111
220.022222
224.413333
228.408571
232.800317
234.021633
235.159252
236.281361
237.380000
238.571156
239.601497
240.683129
241.857007
243.238231
244.444036
245.146621
246.276463
247.379229
248.447392
249.628299
250.763719
251.944907
252.976417
254.117778
255.205578
256.277460
257.329342
258.357279
259.399735
260.533923
261.654014
262.757415
263.756463
264.868254
266.000907
267.057324
268.088878
269.163265
270.207302
271.307755
272.320635
273.423424
274.414739
275.431111
276.450794
277.450658
278.729070
279.772850
280.525986
281.705397
282.551429
283.685079
284.743401
285.564399
286.965578
288.353061
289.692653
291.290204
292.242041
294.587143
295.824331
298.454694
299.944807
303.107347
306.688118
310.328844
313.336735
316.729524
