0.580816
3.283946
5.939728
8.512948
11.480454
14.293333
16.256327
18.542857
20.952653
23.542857
28.678367
31.113878
33.552517
35.374694
37.013016
38.732608
40.559320
42.234422
44.246304
46.345215
48.340045
50.250068
51.672608
53.661224
55.671156
57.686893
60.508163
63.121043
65.852608
68.483197
70.559002
72.543039
75.555873
78.353288
80.054785
82.869751
84.390068
85.901043
87.535918
89.004082
90.517687
92.119138
93.522857
95.010612
96.315556
97.852245
99.254376
100.618594
102.085397
103.488980
104.916190
106.411293
107.863175
109.221315
110.691156
112.152381
113.561633
115.632653
117.029932
118.536599
120.457234
121.968481
123.270748
124.960136
126.759864
128.096372
129.850295
131.806168
133.074694
134.321224
135.999048
137.576508
139.049206
140.571429
141.978549
143.559048
145.029796
146.445941
147.664444
149.184127
150.527937
151.954921
153.309524
154.654921
156.098186
157.367891
158.574830
159.994558
161.298231
162.476735
163.754966
165.147891
166.785170
169.180136
171.870522
175.374875
177.164717
178.344490
179.577959
180.851791
182.327755
184.236327
185.299184
186.583401
187.952789
189.286168
190.842041
192.122721
193.287982
194.680726
196.486531
197.427755
198.849524
200.783239
202.838776
206.085714
207.069660
208.929524
212.337642
214.836054
218.326138
220.785079
223.511111
226.562222
229.833333
232.508571
235.040317
236.221633
237.398503
238.602721
239.800000
241.011156
242.261497
243.423129
244.597007
245.778231
246.984036
248.146621
249.356463
250.519229
251.647392
252.848299
254.043719
255.204535
256.376417
257.515556
258.665578
259.817460
260.989342
262.137279
263.358413
264.493923
265.874014
267.077415
268.076463
269.288254
270.560907
271.657324
272.755510
273.943265
275.087302
276.327755
277.421905
278.723424
279.854739
280.971111
282.161587
283.390658
284.569070
285.417098
285.857384
287.425397
288.491429
289.825079
290.843401
291.924399
293.085578
294.073061
295.272653
296.650204
297.502041
299.047143
300.284331
302.494694
304.104807
306.593673
309.656236
313.228844
315.356735
320.639048
