1.140816
4.303946
6.868533
10.052948
13.580454
18.253333
20.576327
22.942857
25.672653
27.982857
33.378367
36.313878
39.012517
41.374694
43.373016
45.225215
47.279320
48.954422
51.086304
53.085215
54.750023
56.570068
57.832608
59.521224
61.231156
63.266893
66.388163
69.041043
71.772608
75.563197
77.999002
79.923039
82.955873
85.513288
87.394785
90.809751
92.150068
93.461043
94.755918
96.024082
97.337687
98.559138
99.842857
101.090612
102.275556
103.613061
104.854376
106.098594
107.365397
108.588980
109.816190
111.111293
112.403175
113.624263
114.865578
116.112381
117.341633
119.532653
120.729932
122.556599
124.437234
126.508481
128.190748
130.020136
131.839864
133.796372
136.090295
137.966168
139.574694
140.741224
142.799048
144.656508
146.589206
148.231429
149.958549
151.619048
153.209796
154.485941
155.704444
157.044127
158.266984
159.634921
160.852381
162.114921
163.399546
164.549297
165.714830
166.983673
168.149116
169.336735
170.654830
172.107891
173.685170
175.100136
177.151754
178.954875
180.744717
181.724490
182.717959
183.771791
184.776939
186.496327
187.459184
188.443401
189.454558
190.426168
191.522041
192.442721
193.467982
194.460726
195.855510
196.626531
197.779048
199.982676
201.838776
204.825714
205.569660
207.129524
210.337642
212.564082
215.429471
218.145079
221.091111
224.102222
228.313333
231.368571
234.920317
235.881633
237.018503
238.042721
239.060000
240.135578
241.161497
242.243129
243.257007
244.378231
245.324036
246.346621
247.416463
248.439229
249.447392
250.488299
251.523719
252.612268
253.656417
254.695556
255.765578
256.797460
257.834671
258.857279
260.058413
261.093923
262.214014
263.377415
264.436463
265.528254
266.680907
267.777324
268.835510
269.923265
270.987302
272.187755
273.200635
274.343424
275.354739
276.411111
277.501587
278.510658
279.629070
280.917098
281.945986
283.465397
284.711429
286.265079
287.643401
289.144399
290.385578
291.698844
293.052653
294.790204
295.805510
297.507460
298.644331
301.874694
303.684807
306.427347
309.068118
312.948844
315.496735
320.209524
