1.140816
4.463946
7.479728
11.372948
14.742268
18.533333
20.756327
22.642857
25.052653
27.322857
32.378367
35.533878
38.212517
40.594694
43.413016
45.725215
47.959320
51.014422
53.326304
56.265215
58.490023
60.610068
62.732608
65.261224
67.551156
69.646893
73.168163
75.821043
79.192608
83.443197
86.198005
87.903039
90.695873
93.373288
94.827392
98.049751
99.250068
100.501043
101.775918
102.964082
104.217687
105.479138
106.602857
107.790612
108.897778
110.153061
111.274376
112.438594
113.585397
114.728980
115.936190
117.151293
118.263175
119.384263
120.585578
121.792381
122.961633
124.472653
125.669932
127.036599
128.877234
130.328481
131.570748
133.140136
134.639864
135.976372
137.310295
139.106168
140.394694
141.521224
142.839048
144.236508
145.489206
146.771429
148.098549
149.339048
150.569796
151.685941
152.848889
154.124127
155.246984
156.394921
157.552381
158.694921
159.839546
160.909297
161.994830
163.134558
164.309116
165.416735
166.554966
167.747891
168.945170
170.640136
172.750075
174.674875
175.784717
177.264490
178.417959
179.631791
180.827755
182.836327
183.739184
184.797007
185.952789
187.006168
188.202041
189.245442
190.427982
191.480726
193.166531
193.867755
195.129524
197.462676
200.138776
204.145714
205.369660
207.649524
212.057642
214.692109
217.856825
221.190476
224.591111
228.782222
233.133333
236.608571
240.120317
240.921633
242.618503
243.802721
245.060000
246.311156
247.561497
248.783129
250.037007
251.278231
252.564036
253.786621
255.076463
256.299229
257.547392
258.808299
260.023719
261.304535
262.536417
263.775556
265.005578
266.217460
267.429342
268.611837
269.878413
271.033923
272.314014
273.557415
274.816463
275.988254
277.240907
278.377324
279.495510
280.723265
281.887302
283.187755
284.340635
285.603424
286.794739
287.991111
289.201587
290.450658
291.729070
293.097098
294.285986
296.165397
297.531429
299.805079
301.143401
303.864399
305.765578
306.993061
308.792653
311.450204
312.482041
314.827143
316.428662
319.454694
321.552404
323.707347
326.348118
330.008844
332.576735
339.169524
