1.160816
3.763946
5.939728
8.952948
11.500454
14.493333
16.536327
18.542857
21.072653
23.262857
27.518367
29.833878
32.112517
34.094694
35.813016
37.452608
39.399320
40.834422
42.606304
44.705215
46.270023
47.910068
49.152608
51.021224
53.251156
55.206893
59.008163
61.661043
64.152608
66.843197
68.999002
70.343039
72.635873
74.953288
76.234785
79.369751
80.810068
82.321043
83.675918
85.044082
86.417687
87.799138
89.102857
90.370612
91.535556
92.853061
94.054376
95.278594
96.485397
97.648980
98.856190
100.111293
101.323175
102.444263
103.605578
104.772381
105.921633
107.252653
108.429932
109.496599
111.157234
112.668481
113.910748
115.080136
116.339864
117.736372
118.700590
120.046168
121.354694
122.481224
123.779048
124.946032
126.269206
127.891429
129.458549
130.799048
132.429796
133.785941
134.904444
136.244127
137.486984
138.674921
139.852381
141.074921
142.259546
143.367891
144.474830
145.734558
146.909116
148.096735
149.469932
150.867891
152.345170
154.420136
157.610522
159.587438
161.104717
162.104490
163.137959
164.183583
165.407755
167.196327
168.079184
169.123401
170.154558
171.146168
172.308163
173.322721
174.431995
175.340726
176.695510
177.387755
178.349524
180.382676
182.258776
185.585714
186.669660
188.329524
191.897642
195.396054
199.072275
202.305079
205.751111
209.502222
214.253333
217.688571
221.860317
222.941633
224.158503
225.322721
226.440000
227.591156
228.701497
229.843129
230.877007
232.098231
233.212018
234.286621
235.476463
236.599229
237.707392
238.848299
240.003719
241.184535
242.298806
243.415556
244.525578
245.617460
246.729342
247.817279
248.998413
250.093923
251.414014
252.298707
253.436463
254.808254
255.960907
257.077324
258.177755
259.323265
260.427302
261.627755
262.620635
263.843424
264.894739
266.011111
267.121587
268.290658
269.809070
270.897098
271.745986
273.005397
273.951429
275.105079
276.063401
277.184399
278.445578
279.613061
280.592653
282.010204
282.614003
284.123626
285.061738
287.307813
288.804807
290.947347
293.688118
297.268844
299.596735
304.229524
