0.480816
3.183946
5.839728
9.272948
12.240454
15.673333
17.816327
19.902857
22.152653
24.242857
28.858367
31.593878
34.992517
36.934694
39.033016
40.892608
42.719320
44.694422
46.846304
49.045215
51.240091
53.390068
55.210431
57.801224
59.971156
62.686893
65.988163
68.701043
71.512608
74.663197
77.099002
78.807004
81.255873
83.833288
85.514785
88.529751
89.950068
91.281043
92.675918
94.004082
95.337687
96.678277
97.962857
99.270612
100.495556
101.873061
103.168753
104.458594
105.745397
106.988980
108.256190
109.571293
110.803175
112.064263
113.305578
114.612381
115.841633
117.372653
118.909932
120.676599
122.817234
124.368481
126.050748
127.460136
129.059864
130.556372
132.290295
134.586168
136.094694
137.741224
139.079048
140.691111
142.129206
143.591429
145.098549
146.679048
148.229796
149.585941
150.864444
152.324127
153.586984
154.974921
156.192381
157.494921
158.779546
159.949297
161.214830
162.454558
163.649116
164.836735
166.114966
167.267891
168.585170
170.140136
172.651754
175.014875
176.584717
177.764490
178.895918
180.067166
181.347755
182.696327
183.739184
184.963401
186.074558
187.206168
188.422041
189.642721
190.747891
191.840726
193.455510
194.207755
195.589524
197.982676
199.718776
202.885714
203.809660
205.429524
208.537642
210.928027
214.816825
218.485079
222.431111
227.202222
230.573333
234.208571
238.240317
239.421633
240.618503
241.782721
242.980000
244.155578
245.301497
246.483129
247.517007
248.598231
249.724036
250.826621
251.976463
253.039229
254.127392
255.228299
256.343719
257.444535
258.516417
259.595556
260.705578
261.797460
262.889342
263.937279
265.198413
266.313923
267.477007
268.657415
269.836463
271.008254
272.160907
273.277324
274.395510
275.563265
276.627302
277.847755
278.880635
280.143424
281.254739
282.391111
283.541587
284.690658
285.869070
287.097098
287.985986
289.405397
290.651429
292.205079
293.383401
294.784399
295.925578
297.293061
298.552653
300.150204
300.951837
302.587143
303.844331
306.714694
308.812404
311.307347
313.988118
317.268844
320.656735
328.049524
