1.600816
6.803946
9.759728
12.992948
15.020454
18.813333
21.336327
23.905714
27.692653
30.682857
37.818367
41.273878
44.112517
47.014694
48.653016
51.532608
53.699320
56.834422
58.886304
61.230431
63.170023
65.190068
66.812608
68.661224
70.411156
72.126893
75.728163
80.481043
83.512608
86.083197
88.639002
90.663039
94.455873
97.493288
99.589569
103.649751
104.990068
106.381043
107.735918
109.044082
110.317687
111.779138
112.982857
114.270612
115.655556
116.813061
118.014376
119.258594
120.445397
121.668980
122.876190
124.171293
125.363175
126.524263
127.705578
128.892381
130.101633
131.392653
132.589932
133.505533
134.757234
136.068481
137.270150
138.280136
139.359728
140.416372
141.650295
143.086168
144.334694
145.281224
146.399048
147.615556
148.789206
149.971429
151.078549
152.299048
153.409796
154.625941
155.764444
157.104127
158.266984
159.474921
160.592381
161.734921
162.979546
164.078594
165.254830
166.374558
167.509116
168.536735
169.634966
170.927891
172.405170
174.040136
177.330522
179.594875
181.284717
182.244490
183.277959
184.291791
185.307755
186.816327
187.659184
188.663401
189.634558
190.646168
191.702041
192.722721
193.827982
194.680726
196.035510
196.667755
197.674762
199.802676
201.538776
204.125714
205.309660
206.969524
209.577642
212.028027
214.749206
218.565079
222.411111
225.854074
230.373333
234.348571
238.520317
239.641633
240.818503
241.962721
243.120000
244.251156
245.401497
246.543129
247.737007
248.878231
250.044036
251.206621
252.376463
253.499229
254.627392
255.768299
256.903719
258.102268
259.196417
260.315556
261.445578
262.577460
263.669342
264.797279
265.998413
267.153923
268.374014
269.457415
270.636463
271.768254
272.960907
274.077324
275.175510
276.343265
277.427302
278.667755
279.720635
281.003424
282.074739
283.211111
284.361587
285.470658
287.389070
288.357098
289.022887
290.185397
290.895714
292.025079
292.683401
293.564399
294.685578
295.756531
296.510884
297.570204
298.182041
299.477218
300.604331
302.557347
304.022404
305.687347
307.788118
310.208844
312.096735
315.629524
