0.600816
3.363946
6.019728
8.452948
11.880454
15.033333
16.936327
19.502857
22.212653
24.462857
29.918367
32.393878
34.752517
36.974694
39.433016
41.892608
43.939320
45.874422
47.946304
49.845215
51.730023
53.130068
54.432608
56.121224
57.771156
59.226893
61.768163
64.381043
66.572608
69.483197
71.619002
73.563039
76.735873
79.213288
80.874785
84.179501
85.690068
87.141043
88.555918
89.964082
91.357687
92.779138
94.162857
95.630612
96.951111
98.373061
99.748753
101.157188
102.545397
103.868980
105.316190
106.771293
108.103175
109.424263
110.816735
112.232381
113.581633
115.412653
117.729932
118.816599
121.397234
123.068481
124.390748
126.060136
128.159864
129.556372
131.670295
133.306168
135.814694
137.781224
138.899048
140.421587
142.229206
143.971429
145.498549
147.039048
148.589796
149.925941
151.204444
152.584127
153.826984
155.134921
156.332381
157.614921
158.879546
160.026485
161.234830
162.454558
163.689116
164.836735
166.074966
167.447891
169.025170
170.720136
173.170522
174.914875
176.364717
177.444490
178.377959
179.507166
180.662585
182.116327
182.999184
184.083401
185.176463
186.206168
187.442041
188.602721
189.595964
190.620726
192.386531
193.207755
194.529524
196.802676
198.638776
201.245714
202.229660
203.729524
206.417642
209.168027
212.388987
215.245079
218.311111
221.822222
225.453333
228.437143
231.980317
232.981633
234.298503
235.522721
236.720000
238.031156
239.181497
240.363129
241.537007
242.738231
243.971009
245.146621
246.356463
247.539229
248.747392
249.948299
251.163719
252.382268
253.556417
254.735556
255.925578
257.137460
258.329342
259.497279
260.838413
262.053923
263.354014
264.677415
265.896463
267.208254
268.480907
269.657324
270.755510
272.083265
273.267302
274.583878
275.661270
276.963424
278.114739
279.271111
280.481587
281.650658
282.849070
283.737098
284.365986
285.605397
286.331429
287.545079
288.423401
289.435275
290.625578
291.913061
292.666327
293.830204
294.342041
295.564286
296.584331
298.074694
299.180146
300.295156
301.588118
304.228844
305.956735
310.189524
