2.060816
5.363946
8.019728
12.052948
15.100454
18.753333
20.816327
23.142857
25.912653
27.982857
32.998367
35.413878
38.012517
39.994694
41.633016
43.372608
44.895864
46.394422
47.626304
49.005215
50.350023
51.730068
52.852608
53.881224
55.511156
57.366893
60.568163
63.221043
66.172608
69.703197
71.899501
73.543039
76.575873
79.153288
81.054785
84.189751
85.470068
86.741043
87.975918
89.244082
90.497687
91.779138
92.982857
94.190612
95.355556
96.473061
97.614376
98.758594
99.905397
101.028980
102.116190
103.251293
104.363175
105.404263
106.505578
107.596190
108.670816
109.992653
111.269932
112.396599
113.977234
115.428481
116.563844
117.500136
118.619864
119.676372
120.830295
121.846168
123.254694
124.441224
125.659048
126.736508
127.929206
129.011429
130.038549
131.199048
132.178866
133.365941
134.384444
135.624127
136.706984
137.854921
138.892381
139.954921
141.059546
142.049297
143.134830
144.174558
145.249116
146.276735
147.794966
149.127891
150.485170
152.040136
154.850522
156.514875
157.744717
158.644490
159.517959
160.371791
161.467755
163.236327
164.059184
164.963401
165.814558
166.646168
167.602041
168.402721
169.227982
170.080726
171.095510
171.707755
172.769524
176.022676
178.098776
181.325714
182.129660
183.889524
187.137642
190.048027
193.576825
196.745079
200.131111
203.662222
207.733333
211.117143
214.740317
215.701633
216.739501
217.840544
218.840000
219.855578
220.561497
221.543129
222.537007
223.558231
224.564036
225.566621
226.596463
227.599229
228.627392
229.668299
230.703719
231.784535
232.796417
233.817778
234.865578
235.897460
236.949342
237.937279
239.098413
240.113923
241.314014
242.497415
243.416463
244.488254
245.600907
246.657324
247.695510
248.743265
249.687302
250.867755
251.780635
252.883424
253.914739
254.991111
256.005397
257.110658
258.629070
259.837098
260.865986
262.465397
263.411429
265.205079
266.363401
267.664399
269.385578
271.153061
272.152653
273.950204
274.742041
276.323571
277.764331
280.614694
282.044807
284.867347
286.988118
289.128844
291.436735
295.929524
