0.526735
3.103946
5.219728
7.952948
10.960454
13.793333
15.612041
17.422857
20.365306
22.522857
27.018367
29.413878
32.032517
33.734694
35.493016
37.952608
39.879320
41.534422
43.446304
45.465215
46.850023
48.290068
49.792608
51.521224
53.311156
55.146893
57.928163
60.381043
62.552608
65.023197
66.893001
68.603039
71.335873
73.673288
75.414785
78.549751
80.030068
81.481043
82.975918
84.404082
85.897687
87.458277
88.902857
90.210612
91.535556
92.993061
94.334376
95.698594
97.045397
98.388980
99.676190
101.111293
102.443175
103.724263
105.051156
106.432381
107.701633
109.312653
110.509932
111.596599
113.157234
114.608481
115.970748
117.040136
118.259864
119.716372
121.130295
122.526168
123.894694
125.021224
126.279048
127.526032
128.869206
129.971429
131.178549
132.539048
133.849796
135.065941
136.184444
137.484127
138.653968
139.854921
141.004762
142.174921
143.319546
144.469297
145.594830
146.714558
147.809116
148.913469
150.034966
151.207891
152.545170
154.020136
156.191315
157.734875
158.684717
159.724490
160.657959
161.591791
162.787755
164.156327
165.039184
165.943401
166.854558
167.826168
168.942041
169.862721
170.827982
171.760726
172.995510
173.707755
174.669524
176.662676
178.598776
181.485714
182.849660
184.469524
187.397642
190.008027
193.716825
197.090159
200.611111
204.442222
209.073333
212.748571
217.060317
218.321633
219.578503
220.802721
222.000000
223.211156
224.441497
225.623129
226.837007
227.978231
229.164036
230.306621
231.436463
232.619229
233.822464
234.948299
236.103719
237.324535
238.456417
239.575556
240.765578
241.917460
243.069342
244.197279
245.358413
246.513923
247.774014
249.077415
250.096463
251.228254
252.440907
253.577324
254.715510
255.903265
257.027302
258.307755
259.341270
260.643424
261.794739
262.951111
264.101587
265.250658
266.489070
267.537098
268.102887
269.545397
270.531429
271.885079
272.906803
274.064399
275.225578
276.253061
277.552653
279.190204
279.822041
281.460649
282.404331
284.914694
286.764807
288.527347
290.808118
295.148844
297.636735
303.609524
