0.440816
3.083946
5.439728
8.732948
11.640454
15.153333
17.096327
19.062857
21.452653
23.742857
28.358197
30.993878
32.692517
34.614694
36.473016
38.192608
39.999320
41.834422
43.786304
45.765215
47.370023
48.990068
50.332608
52.081224
53.511156
56.646893
59.528163
62.181043
64.492608
67.563197
69.599002
71.383039
74.015873
76.893288
78.514785
81.289751
82.590068
83.961043
85.335918
86.624082
87.997687
89.339138
90.622857
91.770612
92.915556
94.093061
95.174376
96.258594
97.325397
98.388980
99.456190
100.571293
101.603175
102.604263
103.585578
104.632381
105.621633
106.732653
107.929932
108.996599
110.357234
111.548481
112.790748
113.960136
115.039864
116.616372
117.710295
119.106168
120.334694
121.461224
122.599048
123.696508
124.849206
125.951429
127.038549
128.319048
129.229796
130.265941
131.244444
132.344127
133.346984
134.414921
135.412381
136.454921
137.459546
138.509297
139.514830
140.554558
141.629116
142.696735
143.874966
145.007891
146.205170
147.400136
149.630522
151.334875
152.704717
153.644490
154.637959
155.691791
156.827755
158.796327
159.679184
160.723401
161.834558
162.866168
164.482041
165.382721
166.407982
167.260726
168.495510
169.087755
170.029524
172.422676
174.478776
177.397143
179.149660
180.829524
184.577642
187.528027
190.776825
194.225079
197.431111
201.182222
204.593333
208.028571
211.940317
213.001633
214.118503
215.242721
216.380000
217.511156
218.641497
219.763129
220.817007
221.938231
223.044036
224.126621
225.236463
226.239615
227.333696
228.428299
229.503719
230.644535
231.716417
232.795556
233.885578
234.957460
235.969342
237.017279
238.178413
239.253923
240.414014
241.397415
242.516463
243.528254
244.680907
245.697324
246.695510
247.763265
248.793651
249.943878
250.880635
252.063424
253.094739
254.171111
255.241587
256.350658
257.609070
258.737098
259.477664
260.705397
261.631429
262.765079
263.723401
264.904399
265.965578
267.458265
268.092653
269.470204
270.162041
271.662714
272.384331
275.214694
276.944807
279.047347
281.208118
283.788844
287.816735
292.869524
