0.600272
3.303946
5.959728
8.892948
12.160454
15.833333
18.256327
20.768571
23.385306
25.982857
30.798367
33.353878
35.652517
38.194694
40.273016
42.072608
43.859320
45.554422
47.286304
49.165215
50.610023
52.450068
53.952608
55.741224
57.471156
59.126893
62.575102
65.421043
68.172608
71.606395
73.819002
75.683039
78.535873
81.313288
83.454785
86.489751
87.810068
89.141043
90.475918
91.724082
93.057687
94.379138
95.642857
96.910612
98.095556
99.433061
100.654376
101.898594
103.165397
104.368980
105.596190
106.871293
108.103175
109.264263
110.496735
111.732381
112.941633
114.432653
115.949932
117.296599
119.117234
120.568481
121.790748
123.320136
124.799864
126.276372
127.650295
129.406168
130.774694
131.901224
133.319048
134.576508
136.169206
137.371429
138.658549
140.079048
141.269796
142.525941
143.684444
145.044127
146.273968
147.614921
148.772381
150.074921
151.339546
152.578594
153.774830
155.134558
156.389116
157.633469
159.399728
160.767891
162.585170
164.100136
166.515789
167.674875
168.902358
169.684490
170.477959
171.311791
172.187755
173.696327
174.459184
175.303401
176.154558
177.006168
177.934014
178.762721
179.607982
180.380726
181.715510
182.367755
183.479048
185.622676
187.378776
189.825714
190.869660
192.209524
194.617642
197.468027
201.156825
204.325079
207.371111
210.702222
214.813333
217.868571
221.120317
222.301633
223.454626
224.602721
225.700000
226.851156
227.941497
229.023129
230.017007
231.178231
232.164036
233.266621
234.276463
235.339229
236.447392
237.508299
238.623719
239.692268
240.716417
241.735556
242.785578
243.837460
244.869342
245.837279
246.978413
248.113923
249.134014
250.137415
251.356463
252.308254
253.460907
254.477324
255.458878
256.563265
257.643651
258.747755
259.620635
260.743424
261.734739
262.751111
263.801587
264.830658
266.149070
267.257098
268.285986
269.765397
270.711429
272.165079
273.223401
274.404399
275.745578
277.093061
278.112653
279.690204
280.662041
282.161429
283.284331
285.889116
287.324807
290.007347
292.056236
295.828844
299.253469
303.389524
