3.080816
5.963946
8.579728
11.972948
15.320454
19.293333
21.916327
25.862857
29.417959
32.282857
38.758367
42.113878
44.792517
47.394694
51.073016
54.152608
56.839320
58.974422
62.646304
65.085215
67.670023
70.470068
71.912608
74.001224
75.571156
78.206893
81.028163
83.681043
86.732608
90.043197
93.619002
95.966077
99.735873
103.413288
105.274785
110.519501
111.850068
113.141043
114.395918
115.624082
116.937687
118.279138
119.542857
120.870612
122.235556
123.413061
124.634376
125.838594
127.145397
128.328980
129.536190
130.851293
132.046349
133.204263
134.385578
135.592381
136.741633
138.212653
139.409932
140.778866
142.397234
144.088481
145.710748
146.820136
148.239864
149.736372
151.170295
152.386168
154.054694
155.181224
156.939048
158.456508
159.829206
161.391429
162.725488
164.059048
165.349796
166.505941
167.744444
168.924127
170.066984
171.274921
172.492381
173.654921
174.819546
175.969297
177.094830
178.174558
179.269116
180.376735
181.494966
182.787891
183.985170
185.560136
188.096841
190.554875
192.104717
193.104490
194.137959
195.171791
196.387755
198.136327
199.019184
200.023401
201.014558
201.952336
203.142041
204.022721
205.147982
205.960726
207.368571
208.187755
209.409524
211.602676
213.319388
215.725714
216.649887
217.889524
220.517642
222.908027
225.756825
229.675238
233.471111
236.742222
241.233333
245.188571
249.340317
250.341633
251.398503
253.060907
254.220000
255.511156
256.701497
257.983129
259.138503
260.518231
261.633005
262.706621
263.848231
265.019229
266.287392
267.408299
268.643719
269.904535
271.016417
272.195556
273.385578
274.557460
275.709342
276.857279
278.218413
279.353923
280.594014
281.797415
282.996463
284.188254
285.520907
286.597324
287.815510
289.083265
290.227302
291.547755
292.640635
293.883424
295.014739
296.151111
297.341587
298.491973
299.989070
301.397098
302.365986
304.185397
305.471429
307.385079
308.463401
310.264399
311.605578
313.458265
314.832653
316.730204
317.782041
319.407143
320.544331
323.314694
324.804807
327.149116
329.168118
331.528844
333.396735
338.549524
