0.280272
3.140658
5.599728
9.952948
12.960454
16.693333
18.456327
20.102857
22.432653
24.300571
28.058367
30.533878
32.892517
34.754694
36.316508
37.992608
39.779320
41.354422
43.306304
45.105215
47.030023
48.950068
50.312608
51.861224
53.631156
56.126893
59.168163
62.144172
65.212608
68.583197
70.619002
71.443039
73.955873
75.913288
77.534785
80.549252
82.070068
83.441043
84.815918
86.204082
87.517687
88.939138
90.282857
91.550612
92.775556
94.093061
95.354376
96.578594
97.765397
98.948980
100.136190
101.451293
102.563175
103.784263
104.985578
106.152381
107.321633
108.812653
110.249932
111.396599
113.057234
114.548481
115.770748
116.840136
118.059864
119.796372
120.890295
121.906168
123.294694
124.401224
125.699048
126.996508
128.269206
129.391429
130.698549
131.819048
133.069796
134.245941
135.364444
136.644127
137.793968
138.974921
140.112381
141.274921
142.439546
143.509297
144.614830
145.774558
146.909116
148.016735
149.254966
150.755782
152.265170
153.900136
156.683507
158.554875
160.484717
161.404490
162.317959
163.291791
164.247755
166.096327
166.999184
167.886803
168.774558
169.686168
170.762041
171.682721
172.647982
173.520726
174.615510
175.267755
175.949524
178.422676
180.498776
183.485714
184.469660
186.219048
189.317642
191.888027
195.536825
199.725079
203.791111
208.022222
213.053333
216.968571
221.800317
223.001633
224.118503
225.262721
226.400000
227.531156
228.701497
229.843129
230.917007
232.058231
233.184036
234.266621
235.416463
236.479229
237.567392
238.628299
239.723719
240.844535
241.936417
243.015556
244.125578
245.177460
246.304671
247.357279
248.618413
249.706961
250.854014
252.037415
253.116463
254.268254
255.500907
256.637324
257.755510
258.923265
259.987302
261.167755
262.200635
263.423424
264.494739
265.631111
266.801587
267.950658
269.369070
270.437098
271.345986
272.525397
273.191429
274.545079
275.703401
276.781466
277.745578
279.053061
279.752653
281.150204
282.122041
283.447143
284.484331
287.054694
289.184807
291.467347
294.488118
297.948844
300.676735
306.889524
