0.600816
3.200263
5.539728
8.392948
11.360454
14.333333
16.176327
18.162857
20.472653
22.382857
27.479184
29.613878
31.772517
33.154694
34.793016
36.176304
37.579320
38.814422
40.006304
41.425215
42.770023
43.750068
44.812608
46.101224
48.491156
50.506893
53.108163
55.701043
58.452608
61.506171
63.519002
65.163039
67.535873
69.473288
71.534785
74.829751
76.030068
77.261043
78.495918
79.664082
80.877687
82.099138
83.262857
84.450612
85.555556
86.753061
87.874376
89.038594
90.185397
91.308980
92.436190
93.631293
94.763175
95.844263
97.005578
98.132381
99.241633
100.572653
101.749932
102.996599
104.237234
105.928481
107.150748
108.240136
109.519864
110.836372
112.050295
113.526168
115.414694
116.561224
117.739048
118.876508
120.169206
121.471429
122.558549
123.879048
125.149796
126.325941
127.404444
128.664127
129.786984
130.894921
131.932381
133.054921
134.139546
135.189297
136.274830
137.334558
138.429116
139.518367
140.694966
142.127891
143.625170
145.880136
148.331754
150.018067
151.229433
152.424490
153.257959
154.091791
154.949252
155.996327
156.739184
157.663401
158.454558
159.306168
160.202041
160.982721
161.767982
162.660726
163.715510
164.227755
165.089524
167.262676
169.298776
172.325714
173.549660
175.209524
178.117642
180.872109
184.336825
187.685079
191.011111
194.802222
199.153333
202.265714
206.180952
207.301633
208.378503
209.562721
210.600000
211.711156
212.821497
213.883129
214.985669
216.138231
217.204036
218.266621
219.396463
220.399743
221.487392
222.588299
223.643719
224.768178
225.796417
226.857778
227.945578
228.997460
230.089342
231.137279
232.278413
233.333923
234.487007
235.477415
236.676463
237.768254
238.920907
239.977324
241.055510
242.183265
243.247302
244.427755
245.480635
246.643424
247.694739
248.791111
249.901587
251.010658
252.169070
253.257098
254.105986
255.725397
256.751429
258.265079
259.363401
260.704399
262.085578
263.453061
264.492653
265.770204
267.062041
269.347143
271.284331
274.094694
276.084807
278.607347
281.688118
285.668844
288.256735
293.969524
