1.820816
4.017324
5.279728
8.592948
10.680454
13.493333
15.796327
18.122857
20.632653
23.162857
28.118367
30.673878
32.539169
34.094694
35.773016
37.412608
39.139320
40.734422
42.126304
43.705215
44.550023
45.750068
46.752608
47.861224
48.681859
49.851723
51.948163
54.065789
55.852608
58.343197
60.799002
62.763039
65.615873
68.573288
70.314785
73.709751
75.110068
76.561043
77.955918
79.364082
80.797687
82.099138
83.442857
84.730612
85.995556
87.313061
88.574376
89.818594
91.165397
92.448980
93.736190
95.071293
96.363175
97.624263
98.905578
100.172381
101.361633
102.812653
104.549932
106.236599
108.440635
110.208481
112.290748
113.440136
114.939864
116.256372
118.210295
120.146168
121.834694
123.061224
124.759048
126.236508
127.909206
129.351429
130.658549
132.039048
133.509796
134.745941
135.884444
137.224127
138.426984
139.634921
140.772381
142.014921
143.179546
144.269297
145.354830
146.494558
147.609116
148.716735
149.994966
151.287891
152.485170
153.900136
156.675261
158.814875
161.224717
162.324490
163.337959
164.411791
165.653878
166.776327
167.719184
168.853605
169.987347
171.026168
172.302041
173.342721
174.427982
175.520726
177.015510
177.723265
178.849524
180.822676
182.518776
185.023673
185.869660
187.409524
190.057642
192.300136
195.156825
197.685079
200.651111
203.917037
207.193333
209.968571
213.060317
214.141633
215.278503
216.362721
217.380000
218.511156
219.581497
220.623129
221.697007
222.798231
223.884036
224.966621
226.036463
227.099229
228.207392
229.274150
230.403719
231.564535
232.576417
233.695556
234.785578
235.897460
236.969342
238.097279
239.238413
240.413923
241.654014
242.617415
243.836463
245.028254
246.320907
247.417324
248.555510
249.743265
250.847302
252.167755
253.160635
254.403424
255.534739
256.671111
257.821587
258.950658
260.129070
261.497098
262.465986
264.205397
265.431429
266.865079
267.923401
269.504399
270.825578
271.933061
273.412653
274.744388
275.522041
277.487143
278.664331
282.114694
284.124807
286.647347
288.968118
291.568844
294.156735
299.218095
