0.600816
3.543946
6.219728
9.212948
12.100454
15.433333
17.916327
20.182857
22.752653
25.102857
30.058367
32.893878
35.732517
37.814694
40.373016
42.492608
44.739320
47.214422
49.106304
51.645215
53.570023
55.410068
56.892608
59.001224
60.811156
62.826893
65.628163
68.281043
70.952608
73.703197
75.979002
77.663039
80.335873
83.113288
84.914785
88.149751
89.650068
91.021043
92.375918
93.684082
94.997687
96.459138
97.702857
99.010612
100.195556
101.493061
102.714376
103.978594
105.205397
106.428980
107.656190
108.911293
110.103175
111.264263
112.465578
113.672381
114.901633
116.252653
117.489932
118.576599
120.037234
121.308481
122.450748
123.600136
124.799864
126.076372
127.110295
128.166168
129.434694
130.661224
131.819048
132.936508
134.089206
135.251429
136.398549
137.579048
138.749796
139.925941
141.004444
142.284127
143.406984
144.554921
145.652381
146.774921
147.899546
148.989297
150.054830
151.214558
152.329116
153.396735
154.574966
156.047891
157.625170
159.400136
162.717630
165.234875
166.724717
167.824490
168.837959
170.031791
171.327755
173.396327
174.359184
175.443401
176.469116
177.546168
179.162041
180.062721
181.067982
182.000726
183.315510
183.927755
184.889524
187.022676
188.958776
192.545714
193.509660
195.409524
198.317642
201.336327
204.896825
208.025079
210.851111
214.835556
218.893333
222.168571
225.400317
226.481633
227.618503
228.711361
229.840000
230.951156
232.081497
233.203129
234.297007
235.398231
236.444036
237.526621
238.616463
239.639615
240.727392
241.768299
242.823719
243.904535
244.956417
246.015556
247.105578
248.157460
249.209342
250.257279
251.518413
252.573923
253.714014
254.937415
255.916463
257.068254
258.140907
259.237324
260.257755
261.363265
262.447302
263.587755
264.600635
265.683424
266.874739
267.951111
269.101587
270.190658
272.089070
273.197098
274.045986
275.565397
276.451429
277.985079
279.043401
280.684399
281.745578
283.493061
284.512653
286.090204
287.022041
288.627143
289.521444
291.494694
293.464807
295.587347
298.448118
302.108844
304.877143
309.369524
