0.760816
4.163946
6.859728
10.725896
14.700454
18.666667
20.596327
22.662857
24.912653
27.222857
32.038367
34.493878
37.032517
38.974694
40.793016
42.848254
44.979320
47.074422
49.166304
51.165215
53.030023
54.630068
56.032608
57.601224
59.411156
62.886893
66.688163
70.561043
73.672608
76.983197
79.139800
80.923039
83.355873
85.993288
87.754785
90.749751
91.930068
93.221043
94.515918
95.904082
97.197687
98.539138
99.942857
101.290612
102.535556
103.873061
105.114376
106.338594
107.545397
108.748980
109.936190
111.231293
112.423175
113.544263
114.745578
115.892381
117.081633
118.412653
119.609932
120.728299
122.137234
123.448481
124.510748
125.660136
126.839864
128.296372
129.730295
130.746168
132.054694
133.121224
134.296190
135.596508
136.749206
137.891429
139.098549
140.399048
141.449796
142.525941
143.564444
144.784127
145.886984
147.054921
148.052381
149.114921
150.199546
151.229297
152.294830
153.314558
154.344558
155.356735
156.534966
157.787891
159.265170
161.400136
166.350522
167.994875
169.604717
170.404490
171.237959
172.031791
173.107755
175.056327
175.819184
176.623401
177.409116
178.186168
179.122041
179.922721
180.667982
181.440726
182.495510
182.927755
183.669524
185.862676
187.698776
191.228571
192.589660
194.467619
197.917642
200.620816
204.196825
207.545079
210.951111
215.102222
219.493333
222.725714
226.120317
227.241633
228.418503
229.602721
230.800000
231.931156
233.101497
234.243129
235.358503
236.478231
237.624036
238.746621
239.836463
240.939229
242.067392
243.148299
244.223719
245.304535
246.376417
247.435556
248.465578
249.517460
250.554671
251.577279
252.718413
253.753923
254.874014
255.797415
257.056463
258.128254
259.233636
260.297324
261.315510
262.423265
263.447302
264.547755
265.500635
266.623424
267.654739
268.711111
269.701587
270.730658
272.149070
273.177098
273.832284
275.085397
276.071429
277.285079
278.176673
279.304399
280.625578
282.133061
282.866327
284.110204
285.102041
287.247143
288.684331
292.894694
295.144807
297.747347
300.788118
310.288844
313.916735
322.989524
