0.540816
3.123946
5.639728
8.832948
11.980454
15.253333
17.476327
19.614286
22.292653
24.462857
29.658367
32.053878
34.372517
36.334694
38.173016
39.912608
41.719320
43.474422
45.546304
47.605215
49.410023
51.250068
52.552608
54.321224
56.411156
58.946893
61.688163
64.241043
67.192608
70.243197
72.519002
74.583039
77.575873
80.273288
82.034785
85.669751
87.030068
88.321043
89.635918
90.824082
92.077687
93.339138
94.582857
95.870612
97.055556
98.373061
99.634376
100.838594
102.045397
103.208980
104.376190
105.631293
106.863175
108.004263
109.205578
110.432381
111.641633
113.012653
113.997986
114.894150
116.097234
117.408481
118.490748
119.600136
120.659864
121.736372
122.810295
124.166168
125.307347
126.421224
127.519048
128.756508
129.869206
130.971429
132.138549
133.499048
134.729796
136.051882
137.224444
138.544127
139.706984
140.894921
141.992381
143.134921
144.299546
145.369297
146.454830
147.554558
148.669116
149.776735
151.094966
152.387891
153.725170
155.200136
157.470522
159.814875
161.244717
162.184490
162.997959
163.871791
164.927755
166.996327
167.759184
168.603401
169.414558
170.306168
171.242041
172.202721
173.027982
173.880726
175.055510
175.727755
176.509524
177.902676
179.518776
181.645714
182.489660
183.864762
186.057642
188.108027
190.856825
193.865079
197.031111
201.462222
206.973333
210.157143
213.580317
214.761633
215.978503
217.202721
218.400000
219.631156
220.861497
222.063129
223.317007
224.558231
225.864036
227.086621
228.396463
229.619229
230.907392
232.108299
233.343719
234.624535
235.836417
237.055556
238.265578
239.497460
240.689342
241.857279
243.238413
244.473923
245.814014
247.097415
248.412925
249.768254
251.000907
252.177324
253.355510
254.543265
255.647302
256.847755
257.880635
259.063424
260.094739
261.171111
262.250794
263.310658
264.409070
265.457098
266.165986
267.325397
268.331429
269.485079
270.523401
271.624399
272.565578
273.673061
274.832653
276.230204
276.840680
278.465893
279.284331
281.574694
283.264807
285.987347
288.268118
290.988844
292.736735
296.209524
