0.680816
4.263946
7.139728
10.692948
13.720454
16.913333
18.776327
20.782857
23.072653
25.222857
29.998367
32.593878
35.052517
36.894694
38.753016
40.665215
43.079320
45.074422
47.426304
49.765215
51.690023
53.690068
55.292608
57.101224
59.371156
61.106893
64.908163
67.481043
70.572608
74.803197
77.079002
78.823039
81.995873
85.593288
87.834785
91.349751
92.510068
93.641043
94.795918
95.884082
96.997687
98.139138
99.282857
100.370612
101.435556
102.613061
103.654376
104.758594
105.865397
106.928980
108.036190
109.171293
110.243175
111.304263
112.385578
113.512381
114.601633
116.192653
117.389932
118.536599
120.077234
121.448481
122.770748
123.920136
125.259864
126.316372
127.350295
128.346168
129.674694
130.621224
131.819048
133.016508
134.229206
135.371429
136.458549
137.679048
138.749796
139.845941
140.864444
142.084127
143.186984
144.314921
145.372381
146.474921
147.539546
148.609297
149.654830
150.754558
151.849116
152.876735
154.034966
155.447891
157.005170
158.840136
163.310522
165.234875
166.544717
167.684490
168.677959
169.771791
170.883878
172.816327
173.739184
174.863401
175.914558
176.906168
178.102041
179.202721
180.207982
181.160726
182.495510
183.227755
184.029524
186.982676
188.877551
191.845714
193.029660
194.909524
198.157642
200.516327
204.088413
207.485079
210.891111
214.322222
217.973333
221.468571
224.860317
225.841633
226.858503
227.862721
228.860000
229.951156
230.921497
232.023129
232.957007
233.918231
234.924036
235.923311
236.911646
237.793076
238.807392
239.788299
240.803719
241.786362
242.736417
243.695556
244.645578
245.617460
246.574671
247.537279
248.558413
249.633923
250.834014
251.897415
252.856463
253.928254
255.080907
256.077324
257.055510
258.103265
259.107302
260.187755
261.100635
262.083424
263.147370
264.151111
265.201587
266.170658
267.689070
268.957098
269.885986
271.785397
272.971429
274.645079
276.223401
277.464399
279.185578
281.033061
282.092653
284.150204
285.302041
287.087143
288.204331
291.234694
293.352404
295.507347
298.088118
301.028844
303.116735
307.529524
