0.620816
2.903946
4.699994
7.232948
9.880454
12.793333
15.116327
17.545714
20.032653
22.602857
27.298367
29.673878
31.936259
33.534694
35.153016
36.752608
38.299320
39.774422
41.146304
42.363602
43.410023
44.490068
45.572608
46.582358
47.951156
49.646893
52.188163
54.321043
56.592608
59.063197
61.519002
63.443039
65.915873
68.653288
70.394785
73.569252
74.990068
76.301043
77.635918
78.844082
80.097687
81.359138
82.602857
83.790612
84.935556
86.173061
87.334376
88.518594
89.745397
90.928980
92.156190
93.371293
94.543175
95.704263
96.865578
98.032381
99.321633
100.752653
101.949932
103.216599
104.757234
106.208481
107.410748
108.600136
109.899864
111.096372
112.370295
113.986168
115.354694
116.561224
117.659048
118.916508
120.149206
121.257857
122.398549
123.539048
124.722449
125.845941
126.964444
128.162063
129.226984
130.374921
131.372381
132.454921
133.599546
134.569297
135.614830
136.634558
137.709116
138.736735
139.889932
141.367891
142.925170
144.840136
147.034104
149.154875
150.644717
151.544490
152.397959
153.291791
154.262585
155.336327
156.079184
156.983401
157.914558
158.766168
159.702041
160.542721
161.407982
162.260726
163.375510
163.987755
164.929524
166.806268
168.418776
170.905714
172.189660
173.669524
176.397642
179.028027
181.752275
185.085079
188.251111
191.742222
195.833333
199.228571
202.500317
203.581633
204.518503
205.582721
206.580000
207.651156
208.690748
209.663129
210.677007
211.738231
212.761345
213.806621
214.836463
215.839229
216.867392
217.908299
218.903719
219.984535
221.016417
222.075556
223.125578
224.157460
225.229342
226.237279
227.379206
228.473923
229.634014
230.617415
231.836463
233.028254
234.180907
235.277324
236.395510
237.483265
238.567302
239.767755
240.800635
241.983424
243.054739
244.111111
245.241587
246.330658
247.369070
248.257098
248.965986
250.305397
251.491429
252.145079
253.023401
254.044399
255.085578
256.313061
256.852653
257.490204
258.702041
260.180510
261.008110
263.534694
265.644807
267.887347
270.308118
273.328844
276.476735
283.089524
