0.720816
3.323946
5.213611
8.312948
11.020454
13.913333
15.876327
17.942857
20.072653
22.502857
27.298367
30.093878
32.512517
34.534694
36.153016
37.932608
39.919320
41.674422
43.726304
45.485215
47.150023
49.510068
50.860862
53.281224
54.951156
56.806893
59.468163
62.121043
64.952608
67.483197
69.619002
71.483039
73.895873
76.593288
78.374785
81.449751
83.010068
84.441043
85.875918
87.244082
88.637687
90.079138
91.462857
92.910612
94.195556
95.673061
97.054376
98.478594
99.945397
101.308980
102.736190
104.211293
105.603175
106.932789
108.385578
109.832381
111.241633
112.792653
114.229932
115.896599
117.637234
119.268481
120.710748
122.400136
124.159864
126.116372
127.330295
129.306168
130.594694
132.141224
133.768571
135.256508
136.849206
138.411429
140.158549
141.719048
143.509796
144.825941
146.024444
147.384127
148.626984
149.914921
151.192381
152.474921
153.759546
154.989297
156.294150
157.554558
158.905578
160.176735
161.514966
163.027891
164.545170
166.060136
168.866104
170.774875
172.504717
173.764490
174.997959
176.211791
177.507755
179.436327
180.639184
181.810204
183.074558
184.186168
185.662041
186.862721
187.967982
189.100726
190.835510
191.595510
192.889524
195.182676
197.218776
200.345714
201.329660
203.049524
206.137642
208.028027
210.209206
212.865079
214.871111
218.582222
221.533333
224.208571
226.920159
228.061633
229.118503
230.402721
231.600000
232.771156
233.941497
235.083129
236.197007
237.378231
238.564036
239.766621
240.976463
242.119229
243.267392
244.428299
245.603719
246.861134
247.936417
249.095556
250.245578
251.397460
252.569342
253.577279
254.799206
255.933923
257.154014
258.379138
259.456463
260.588254
261.820907
262.977324
264.095510
265.323265
266.467302
267.747755
268.860635
270.123424
271.294739
272.471111
273.701587
274.881315
276.069070
277.217098
278.125986
279.465397
280.691429
282.245079
283.243401
284.744399
286.085578
287.433061
288.772653
290.830204
291.742041
293.267143
294.480433
296.934694
299.104807
301.207347
303.608118
307.128844
310.936735
317.249524
