1.080816
4.023946
6.799728
10.012948
13.480454
16.673333
19.116327
21.302857
23.552653
25.602857
29.538367
32.013878
34.632517
36.374694
38.053016
39.632608
41.219320
42.874422
44.446304
46.225215
47.710023
49.370068
50.792608
52.481224
55.011156
56.866893
59.768163
62.421043
65.892608
69.043197
71.259002
73.103039
75.455873
77.793288
79.254785
82.509751
83.870068
85.181043
86.475918
87.724082
88.957687
90.239138
91.402857
92.770612
93.715556
94.953061
96.094376
97.258594
98.405397
99.568980
100.736190
101.911293
103.103175
104.204263
105.385578
106.552381
107.681633
109.552653
110.789932
112.136599
113.837234
115.288481
116.530748
117.640136
118.939864
120.216372
121.390295
122.486168
123.794694
124.981224
126.177143
127.556508
128.749206
129.891429
131.058549
132.259048
133.389796
134.485941
135.564444
136.744127
137.926984
139.014921
140.132381
141.234921
142.359546
143.469297
144.534830
145.694558
146.869116
147.976735
149.344898
150.547891
151.885170
153.700136
155.690104
158.194875
159.384717
160.252245
161.077959
161.931791
162.887755
164.496327
165.339184
166.183401
167.054558
167.886168
168.962041
169.862721
170.807982
171.600726
172.855510
173.487755
174.429524
175.940535
177.246259
179.385714
180.329660
181.409524
183.597642
185.448027
188.118413
190.845079
193.471852
196.702222
200.293333
202.928571
205.720317
206.921633
208.118503
209.262721
210.440000
211.631156
212.781497
213.943129
215.404072
216.218231
217.384036
218.546621
219.716463
220.859229
222.027392
223.208299
224.343719
225.544535
226.676417
227.835556
229.025578
230.197460
231.329342
232.457279
233.658413
234.753923
235.974014
237.157415
238.396463
239.488254
240.700907
241.858662
242.975510
244.223265
245.347302
246.587755
247.700635
248.983424
250.134739
251.311111
252.521587
253.710658
255.009070
256.197098
257.145986
258.805397
259.651429
261.205079
262.443401
263.784399
265.325578
266.836531
267.712653
269.390204
270.284431
271.623143
272.384331
274.914694
276.564807
278.747347
281.408118
284.368844
286.536735
289.889524
