1.180816
4.163946
6.819728
9.272948
12.200454
15.133333
17.116327
19.442857
21.812653
24.102857
29.178367
31.733878
34.272517
35.814694
37.393016
38.992608
40.759320
42.314422
43.786304
45.505215
46.310023
47.427517
48.552608
49.902290
51.071156
52.726893
55.388163
57.981043
60.872608
63.623197
66.119002
67.923039
70.495873
73.293288
75.074785
78.569751
79.970068
81.281043
82.655918
83.864082
85.157687
86.399138
87.702857
88.910612
90.035556
91.333061
92.514376
93.758594
94.945397
96.128980
97.356190
98.551293
99.723175
100.864263
102.005578
103.152381
104.281633
105.652653
106.949932
108.016599
109.537234
110.988481
112.230748
113.320136
114.599864
116.036372
117.412653
118.666168
119.674694
120.781224
121.979048
123.416508
124.549206
125.711429
126.798549
128.119048
129.301633
130.345941
131.424444
132.644127
133.806984
134.914921
135.992381
137.134921
138.239546
139.289297
140.354830
141.434558
142.509116
143.576735
144.694966
146.007891
147.385170
148.800136
151.427630
153.514875
154.564717
155.444490
156.257959
157.071791
158.047755
159.144082
159.839184
160.643401
161.454558
162.286168
163.102041
163.862721
164.767982
165.600726
166.775510
167.367755
168.249524
170.302676
172.038776
174.505714
175.809660
177.529524
180.377642
182.748027
185.996825
189.925079
193.471111
197.182222
201.853333
205.748571
209.700317
210.761633
211.798503
212.862721
213.940000
215.011156
216.061497
217.343129
218.077007
219.138231
220.224036
221.266621
222.348231
223.399229
224.447392
225.488299
226.563719
227.624535
228.656417
229.735556
230.725578
231.877460
232.909342
233.977279
235.138413
236.213923
237.354014
238.477415
239.556463
240.708254
241.860907
242.937324
244.015510
245.183265
246.267302
247.427755
248.400635
249.583424
250.614739
251.711111
252.821587
253.890658
255.009070
255.789516
256.449554
257.725397
258.531429
259.501016
260.283401
261.224399
262.405578
263.237066
264.232653
265.470204
266.082041
267.547143
268.587028
271.069388
273.444807
275.967347
278.848118
281.988844
284.380408
290.249524
