0.277201
2.977879
5.379728
9.132948
12.140454
15.493333
18.416327
20.522857
23.572653
26.602857
31.798367
34.913878
38.412517
40.134694
42.713016
44.912608
46.979320
49.054422
51.166304
53.825215
55.790023
57.970068
59.572608
61.541224
63.771156
65.986893
68.828163
71.561043
74.352608
77.563197
80.239002
82.383039
85.455873
88.193288
89.974785
93.199501
94.790068
96.321043
97.895918
99.344082
100.835374
102.319138
103.782857
105.230612
106.575556
108.073061
109.474376
110.998594
112.425397
113.868980
115.256190
116.711293
118.123175
119.564263
120.985578
122.452381
123.821633
125.372653
126.969932
128.656599
130.557234
132.208481
133.630748
135.180136
136.839864
138.476372
140.290295
142.406168
143.754694
144.921224
146.539048
148.256508
149.749206
151.211429
152.758549
154.313333
155.909796
157.265941
158.524444
160.024127
161.206984
162.634603
163.972381
165.334921
166.659546
167.917188
169.259320
170.563673
171.929116
173.176735
174.454966
176.107891
177.625170
179.420136
181.970522
183.714875
184.804717
185.864490
186.977959
188.131791
189.467755
191.316327
192.319184
193.490204
194.732789
196.006168
197.206122
198.362721
199.727982
200.780726
202.431020
203.287755
204.549524
206.682676
208.737551
211.165714
212.029660
213.769524
216.437642
219.240136
222.516825
226.065079
229.351111
233.062222
236.793333
240.228571
244.000317
245.101633
246.318503
247.422721
248.500000
249.671156
250.781497
251.903129
253.057007
254.258231
255.364036
256.486621
257.636463
258.799229
259.947392
261.048299
262.203719
263.304535
264.396417
265.495556
266.625578
267.737460
268.869342
269.957279
271.178413
272.333923
273.614014
274.877415
276.116463
277.128254
278.340907
279.478662
280.595510
281.803265
282.927302
284.167755
285.280635
286.463424
287.614739
288.751111
289.921587
291.090658
292.189070
293.377098
294.465986
296.065397
297.251429
298.525079
299.623401
300.924399
302.465578
303.753061
304.892653
306.530204
307.202041
308.867143
310.084331
312.754694
314.284807
316.649116
318.948118
321.628844
323.996735
328.149524
