0.388630
3.583946
6.239728
10.012948
13.700454
17.193333
19.596327
21.762857
24.872653
27.302857
32.298367
35.373878
38.372517
41.134694
43.053016
45.803039
48.219320
50.194422
52.546304
55.125215
56.950023
58.550068
60.352608
62.321224
64.331156
67.166893
70.588163
73.501043
76.672608
80.203197
83.139002
85.043039
88.175873
91.013288
92.854785
96.329252
97.910068
99.321043
100.535918
101.924082
103.277687
104.658277
105.962857
107.290612
108.555556
109.913061
111.194376
112.498594
113.785397
115.028980
116.236190
117.571293
118.763175
119.944263
121.205578
122.412381
123.581633
125.092653
126.289932
127.605533
129.057234
130.388481
131.510249
132.520136
133.799864
135.256372
136.350295
137.266168
139.034694
139.935306
141.099048
142.216508
143.389206
144.711429
145.958549
147.399048
148.689796
149.965941
151.184444
152.484127
153.626984
154.874921
156.072381
157.314921
158.519546
159.649297
160.814830
161.974558
163.129116
164.256735
165.574966
166.867891
168.485170
170.300136
173.510522
175.554875
177.084717
178.164490
179.297959
180.411791
181.567755
183.016327
183.999184
185.143401
186.321905
187.346168
188.682041
189.942721
190.867982
191.780726
193.351020
194.087755
195.169524
198.142676
200.338776
203.685714
204.869660
206.907619
210.177642
213.056190
216.596825
219.965079
223.391111
227.342222
231.553333
234.928571
238.780317
239.841633
240.918503
242.422721
243.640000
244.851156
246.081497
247.303129
248.477007
249.638231
250.881345
252.046621
253.236463
254.419229
255.593696
256.788299
257.943719
259.124535
260.276417
261.435556
262.585578
263.757460
264.889342
265.997279
267.258413
268.413923
269.594014
270.797415
271.916463
273.068254
274.320907
275.437324
276.575510
277.783265
278.927302
280.227755
281.320635
282.563424
283.634739
284.771111
285.941587
287.090658
288.449070
289.526183
290.230998
291.545397
292.691429
294.185079
294.915850
296.004399
297.465578
298.913061
299.992653
301.490204
302.314003
303.881190
304.502166
307.194694
308.604807
310.687347
313.048118
315.988844
318.196735
322.249524
