0.279592
0.948254
1.603129
2.299864
2.918594
3.510068
4.139184
4.696553
5.349615
5.913651
6.562736
7.090317
7.632562
8.115102
8.517823
8.955329
9.758866
11.162404
12.148027
12.895692
13.773787
14.455873
15.648299
16.773197
17.942449
18.661587
19.405533
20.047800
20.626531
21.241723
21.898503
22.482721
23.132154
23.659909
24.387029
24.910385
25.438639
25.910295
26.311247
26.786893
27.191973
28.890385
29.808707
30.487166
31.263492
32.581406
34.111973
36.141224
38.235873
40.204535
42.407347
44.875918
46.951020
48.896508
50.953243
52.972245
55.125397
57.232653
59.403175
61.648163
64.088571
66.587075
67.909705
68.774558
69.416780
70.238458
71.434014
72.967800
73.998730
74.839365
75.796825
76.635556
77.545397
78.476735
79.339773
80.346667
81.212608
82.102086
82.988027
83.799138
84.725714
85.663900
86.456077
87.264036
88.176531
88.988435
89.869388
90.615510
91.414694
92.284762
92.997007
93.683537
94.441633
95.094014
95.790703
96.454286
97.102721
97.804717
98.472290
99.196417
99.821905
100.460635
101.220000
101.817551
102.452653
103.137687
103.840272
104.554286
105.246667
105.973878
106.825034
108.329388
109.731837
115.000769
119.133878
119.780408
120.411429
120.943673
121.605714
122.198367
122.814694
123.421678
124.259592
126.217551
128.239592
129.345714
130.011111
130.681587
131.459456
133.486531
135.338050
137.257052
139.133061
140.945805
142.869524
144.644354
146.671156
148.526984
150.315238
152.272653
154.138776
155.959138
157.805034
160.470794
161.435556
162.101905
162.886667
164.694603
165.796190
166.689796
167.533878
168.402041
169.273469
170.071429
170.955510
171.717143
172.693878
173.477959
174.287755
175.142948
175.927755
176.783265
177.565533
178.404898
179.211429
180.093333
180.856054
181.610068
182.411020
183.185442
184.093878
184.779048
185.526122
186.272245
187.045215
187.805442
188.513016
189.291383
190.017098
190.748209
191.497551
192.215918
193.049660
193.702449
194.342585
194.932245
195.622313
196.403810
197.041224
197.792245
198.420317
199.136327
199.857959
200.397506
201.128503
201.767324
202.507732
203.198435
203.899841
204.593288
205.279660
205.946349
206.706395
207.392018
208.020000
208.807347
209.525306
210.108254
210.799410
211.525034
212.095510
212.879501
213.485760
214.145896
214.774739
215.481043
216.125986
216.896417
218.700791
219.868662
221.888871
223.766984
225.834286
227.683719
229.593878
230.428345
231.104943
231.973560
232.799711
234.811429
236.530794
238.166492
239.615510
241.356190
243.217143
245.704127
250.656735
