0.639592
1.268254
1.983129
2.619864
3.158594
3.730068
4.299592
4.756553
5.409615
5.913651
6.648209
7.013757
7.512562
7.955102
8.357823
8.795329
9.178866
11.562404
12.288027
12.857846
13.633787
14.375873
15.728299
17.333197
18.504898
19.201587
19.925533
20.527800
21.066531
21.621723
22.238503
22.762721
23.336077
23.819909
24.407029
24.890385
25.318639
25.730295
26.111247
26.566893
26.971973
29.017596
29.728707
30.283583
30.963492
31.861406
33.551973
35.110612
37.995873
40.204535
42.307347
44.935918
46.951020
49.049524
51.013243
53.132245
55.125397
57.072653
58.951587
61.068163
63.128571
65.727075
67.049705
67.774558
68.396780
69.158458
70.354014
71.887800
73.078730
73.909841
74.853651
75.697778
76.665397
77.596735
78.479773
79.446667
80.452608
81.302086
82.108027
82.878277
83.705714
84.623900
85.396077
86.316327
87.376531
88.168435
88.989388
89.726531
90.514694
91.304762
92.017007
92.723537
93.441633
94.094014
94.770703
95.391429
96.022721
96.684717
97.412290
98.036417
98.661905
99.240635
100.000000
100.617551
101.192653
101.897687
102.560272
103.294286
103.986667
104.713878
105.525034
107.089388
108.591837
113.286122
118.473878
119.200408
119.754286
120.263673
120.842857
121.398367
121.934694
122.540839
123.356735
125.415102
127.356327
128.245714
128.771111
129.361587
130.119456
132.206531
134.378050
136.437052
138.673061
140.885805
142.929524
144.784354
147.091156
149.266984
151.055238
153.052653
154.969388
156.979138
158.665034
160.981587
161.695556
162.281905
163.026667
164.034603
165.096190
166.029796
166.853878
167.686122
168.613469
169.431429
170.335510
171.177143
172.193878
173.157959
173.967755
174.842948
175.707755
176.603265
177.485533
178.764898
179.271429
180.033333
180.756054
181.490068
182.211020
183.005442
183.713878
184.459048
185.173061
185.912245
186.605215
187.305442
187.973016
188.702766
189.417098
190.108209
190.817551
191.495918
192.329660
193.022449
193.682585
194.316122
194.962313
195.723810
196.360408
197.052245
197.740317
198.396327
199.113878
199.672517
200.434014
201.074649
201.727732
202.478435
203.119841
203.776644
204.499660
205.126349
205.826395
206.512018
207.120000
207.847347
208.585306
209.148254
209.799410
210.465034
211.095510
211.899501
212.565760
213.145896
213.814739
214.561043
215.125986
215.976417
217.603166
219.037324
221.388871
224.026984
225.914286
227.443719
228.833878
229.668345
230.244943
230.884678
232.253061
234.591429
236.830794
238.785442
241.055510
243.498095
245.820000
248.604127
253.516735
