0.479592
1.128254
1.721565
2.299864
2.838594
3.410068
3.999592
4.536553
5.169615
5.773651
6.348209
6.821270
7.392562
7.875102
8.335646
8.755329
9.118866
11.042404
11.928027
12.555692
13.313787
14.075238
15.308299
16.593197
17.604898
18.281587
18.845533
19.427800
19.966531
20.501723
21.078503
21.622721
22.252154
22.819909
23.367029
23.850385
24.378639
24.830295
25.251247
25.766893
26.091973
28.677596
29.428707
30.067166
30.843492
31.901406
33.611973
35.110612
36.760756
37.864535
39.807347
42.635918
44.511020
45.576508
46.976621
49.112245
50.905397
52.732653
54.231587
56.154082
57.848571
60.707075
62.629705
63.294558
63.896780
64.758458
65.894014
67.707800
68.618730
69.369841
70.176825
70.957778
71.805397
72.636735
73.399773
74.266667
75.052608
75.842086
76.648027
77.417415
78.245714
79.083900
79.796077
80.524218
81.356531
82.196871
82.909388
83.575510
84.354694
85.044762
85.737007
86.383537
87.101633
87.754014
88.441406
89.071429
89.742721
90.484717
91.232290
91.896417
92.681905
93.280635
94.020000
94.717551
95.512653
96.217687
96.880272
97.674286
98.386667
99.333878
100.085034
102.309388
105.411837
112.186242
119.793878
120.440408
120.991429
121.523673
122.048571
122.638367
123.209388
123.840839
124.519592
126.317551
128.323265
129.065714
129.671111
130.261587
131.079456
133.186531
135.138050
137.077052
139.053061
140.965805
142.869524
144.764354
146.531156
148.266984
149.957619
151.556327
153.429388
155.079138
156.885034
158.930794
159.555556
160.201905
161.066667
162.194603
163.876190
164.769796
165.633878
166.442041
167.313469
168.131429
168.935510
169.737143
170.653878
171.397959
172.207755
172.982948
173.727755
174.563265
175.325533
176.104898
176.911429
177.693333
178.416054
179.190068
179.911020
180.705442
181.453878
182.219048
182.973061
183.632245
184.325215
185.065442
185.733016
186.451383
187.117098
187.808209
188.457551
189.155918
189.929660
190.662449
191.082585
191.712245
192.342313
193.063810
193.661224
194.352245
194.980317
195.656327
196.413878
196.932517
197.627007
198.171550
198.907732
199.579218
200.219841
200.933288
201.659660
202.306349
203.046395
203.732018
204.340000
205.067347
205.792653
206.368254
207.059410
207.705034
208.315510
209.059501
209.725760
210.345896
210.954739
211.701043
212.385986
213.076417
214.775064
216.237324
218.424354
221.046984
223.094286
226.423719
228.533878
229.208345
229.844943
230.726780
232.333061
234.751429
237.270794
239.565442
242.091020
244.769524
247.257143
250.664127
260.556735
