0.479592
1.068254
1.726259
2.369932
2.898594
3.550068
4.159592
4.736553
5.389615
5.953651
6.528209
6.993474
7.452562
7.895102
8.297823
8.715329
9.138866
10.692018
11.468027
12.115692
12.873787
13.571746
14.728299
15.733197
17.384898
18.100794
18.745533
19.367800
19.886531
20.461723
21.098503
21.642721
22.232154
22.799909
23.307029
23.790385
24.218639
24.670295
25.051247
25.453787
25.831973
27.577596
28.448707
29.147166
29.963492
31.101406
32.231973
33.790612
35.815873
37.944535
39.893673
42.095918
44.131020
46.056508
48.133243
50.072245
52.085397
53.972653
55.843175
57.708163
59.768571
62.167075
63.489705
64.214558
64.896780
65.738458
67.294014
68.747800
69.858730
70.769841
71.716825
72.517778
73.485397
74.416735
75.259773
76.266667
77.092608
78.022086
78.868027
79.719138
80.605714
81.543900
82.376077
83.164218
84.096531
84.868435
85.789388
86.555510
87.314694
88.114286
88.897007
89.803537
90.521633
91.274014
92.090703
92.851429
93.602721
94.349433
95.212290
96.016417
96.761905
97.500635
98.300000
98.937551
99.732653
100.397687
101.420272
102.534286
103.226667
104.153878
105.005034
106.789388
108.271837
115.386122
123.413878
124.060408
124.691429
125.243673
125.902857
126.456735
127.074694
127.620839
128.535102
130.575102
132.443265
133.405714
133.811111
134.201587
135.117823
137.286531
139.158050
140.952351
142.913061
144.765805
146.729524
148.364354
150.251156
152.066984
153.795238
155.652653
157.429388
159.199138
160.925034
163.070794
163.875556
164.601905
165.466667
166.834603
168.196190
169.169796
170.073878
171.002041
171.893469
172.731429
173.695510
174.517143
175.373878
176.297959
177.107755
178.022948
178.787755
179.663265
180.525533
181.404898
182.191429
183.113333
183.876054
184.670068
185.431020
186.205442
186.973878
187.839048
188.553061
189.292245
190.025215
190.736327
191.493016
192.282766
192.997098
193.768209
194.517551
195.275918
196.089660
196.862449
197.742585
198.452245
199.182313
200.123810
200.801224
201.612245
202.400317
203.156327
203.993878
204.672517
205.494014
206.214649
207.027732
207.798435
208.539841
209.353288
210.179320
210.886349
211.726395
212.592018
213.260000
214.147347
215.005306
215.708254
216.499410
217.285034
218.015510
218.919501
219.765760
220.545896
221.314739
222.121043
222.945986
223.736417
226.475828
228.197324
230.204354
232.206984
234.134286
236.143719
239.313878
239.988345
240.631236
241.273560
242.213061
244.091429
245.610794
247.185442
248.535510
250.176190
251.917143
255.584127
260.636735
