0.019215
0.704127
1.403129
2.119864
2.718594
3.410068
4.039184
4.596553
5.249615
5.913651
6.708209
7.241270
7.792562
8.215102
8.637823
9.035329
9.398866
11.202404
11.968027
12.675692
13.533787
14.415873
15.808299
17.313197
19.404898
20.121587
20.885533
21.567800
22.166531
22.841723
23.497007
24.082721
24.732154
25.359909
26.247029
26.990385
27.458639
27.910295
28.291247
28.706893
29.031973
30.837596
31.568707
32.267166
33.043915
33.481406
34.431973
35.970612
38.055873
40.364535
42.347347
44.575918
46.251020
47.976508
49.673243
51.412245
53.005397
54.692653
56.223175
57.868163
59.768571
62.387075
63.709705
64.394558
65.236780
66.098458
68.028027
69.327800
70.158730
70.869841
71.676825
72.417778
73.265397
74.056735
74.799773
75.626667
76.412608
77.202086
77.902007
78.579138
79.365714
80.143900
80.836077
81.688073
82.476531
83.248435
83.989388
84.695510
85.514694
86.224762
87.037007
87.683537
88.341633
88.974014
89.710703
90.391429
91.062721
91.824717
92.772290
93.616417
94.361905
95.060635
95.820000
96.537551
97.092653
97.817687
98.780272
99.634286
100.686667
101.953878
103.065034
106.349388
108.331837
113.746122
119.293878
119.880408
120.551429
121.123673
121.822857
122.438367
123.074694
123.680839
124.559592
126.595102
128.326531
129.045714
129.711111
130.381587
131.279456
133.286531
135.038050
136.652351
138.393061
140.022902
141.749524
143.224354
144.911156
146.486984
148.015238
149.632653
151.189388
152.699138
154.205034
156.510794
157.315556
158.021905
159.006667
160.014603
161.816190
162.769796
163.553878
164.302041
165.053469
165.842857
166.655510
167.397143
168.273878
168.997959
169.767755
170.562948
171.307755
172.101633
172.806383
173.564898
174.371429
175.253333
175.996054
176.750068
177.491020
178.225442
178.993878
179.779048
180.513061
181.232245
182.005215
182.705442
183.413016
184.154150
184.877098
185.608209
186.297551
187.015918
187.849660
188.682449
189.502585
190.106531
190.502313
191.261905
191.901224
192.617415
193.280317
194.016327
194.753878
195.352517
196.134014
196.814649
197.567732
198.338435
199.039841
199.773288
200.519660
201.206349
202.006395
202.732018
203.380000
204.147347
204.925306
205.648254
206.419410
207.125034
207.775510
208.619501
209.365760
210.045896
210.794739
211.561043
212.245986
213.116417
215.591319
216.997324
219.444354
222.126984
224.154286
226.663719
229.413878
230.248345
230.944943
232.033560
233.513061
235.862857
237.610794
239.425442
241.915510
243.736190
245.777143
248.504127
253.136735
