0.499592
1.348254
2.143129
2.899864
3.558594
4.290068
4.919592
5.516553
6.249615
6.993651
7.868209
8.401270
9.032562
9.515102
9.977823
10.335329
10.678866
11.942404
12.728027
13.355692
14.133787
14.939365
16.188299
17.493197
18.744898
19.541587
20.405533
21.107800
21.786531
22.461723
23.138503
23.782721
24.512154
25.259909
26.127029
26.690385
27.218639
27.670295
28.151247
28.566893
28.911973
30.237596
30.968707
31.667166
32.503492
33.621406
34.871973
36.486122
38.515873
40.464535
42.307347
44.475918
46.451020
48.376508
50.373243
52.292245
54.305397
56.212653
58.243175
60.408163
62.468571
65.147075
66.469705
67.174558
67.856780
68.638458
69.554014
70.847800
71.658730
72.369841
73.116825
73.817778
74.605397
75.376735
76.099773
76.926667
77.672608
78.542086
79.548027
79.979138
80.765714
81.623900
82.256077
82.992109
83.796531
84.528435
85.289388
85.975510
86.714694
87.424762
88.137007
88.823537
89.521633
90.214014
90.910703
91.551429
92.182721
92.884717
93.592290
94.276417
94.941905
95.640635
96.400000
97.035102
97.592653
98.397687
99.020272
99.834286
100.546667
101.373878
102.225034
103.878776
105.671837
113.106122
120.264626
120.880408
121.651429
122.231837
122.945714
123.618367
124.274694
124.980839
125.859592
127.817551
129.863265
130.645714
131.291111
131.941587
132.778912
134.806531
136.778050
138.677052
140.613061
142.545805
144.489524
146.304354
148.251156
150.306984
152.295238
154.238163
156.149388
158.019138
159.965034
162.150794
162.971111
163.681905
164.506667
165.634603
166.511238
167.189796
167.953878
168.702041
169.473469
170.191429
170.935510
171.637143
172.433878
173.119592
173.867755
174.602948
175.307755
176.003265
176.705533
177.384898
178.191429
178.933333
179.656054
180.430068
181.142041
181.865442
182.573878
183.339048
184.073061
184.792245
185.565215
186.265442
186.953016
187.711383
188.397098
189.128209
189.797551
190.495918
191.309660
191.882449
192.562585
193.212245
193.882313
194.663810
195.301224
196.032245
196.700317
197.416327
198.153878
198.732517
199.534014
200.214649
200.927732
201.658435
202.359841
203.093288
203.799660
204.486349
205.226395
205.932018
206.580000
207.347347
208.085306
208.708254
209.419410
210.145034
210.795510
211.599501
212.245760
212.905896
213.614739
214.361043
215.005986
215.816417
217.555828
219.397324
221.872871
224.086984
226.074286
228.183719
230.293878
231.128345
231.844943
232.833560
234.213061
236.371429
238.230794
240.125442
242.075510
243.996190
245.957143
248.964127
254.136735
