0.919592
1.608254
2.269388
2.959864
3.618594
4.270068
4.939592
5.476553
6.188844
6.833651
7.528209
7.991610
8.472562
8.875102
9.317823
9.715329
10.138866
11.762404
12.648027
13.255692
14.213787
15.075873
16.468299
17.973197
19.244898
19.981587
20.685533
21.327800
21.966531
22.561723
23.215510
23.762721
24.432154
25.019909
25.687029
26.290385
26.698639
27.130295
27.511247
27.906893
28.251973
30.017596
30.768707
31.407166
32.323492
33.441406
35.311973
36.890612
39.095873
41.524535
44.087347
46.855918
49.091020
51.476508
53.793243
55.792245
58.265397
60.592653
62.763175
65.064490
67.508571
70.567075
71.909705
72.634558
73.256780
74.118458
75.214014
76.647800
77.678730
78.469841
79.333651
80.157778
81.045397
81.896735
82.739773
83.646667
84.505215
85.362086
86.128027
86.939138
87.805714
88.763900
89.456077
90.324036
91.096531
91.888435
92.689388
93.375510
94.174694
94.884762
95.637007
96.343537
97.121633
97.814014
98.550703
99.214286
99.962721
100.704717
101.632290
102.436417
103.241905
103.800635
104.840000
105.637551
106.412653
107.337687
108.120272
109.114286
109.866667
110.893878
111.865034
113.829388
115.571837
121.486122
127.473878
128.180408
128.822857
129.383673
130.062857
130.658367
131.294694
131.902517
132.859592
134.997551
137.203265
137.945714
138.611111
139.281587
140.379456
142.706531
144.878050
146.937052
149.073061
151.185805
153.449524
155.564354
157.611156
159.542857
161.715238
163.732653
165.718776
167.779138
169.785034
172.743175
173.531111
174.161905
175.146667
176.394603
177.556190
178.449796
179.313878
180.102041
180.966939
181.771429
182.615510
183.377143
184.313878
185.137959
185.947755
186.762948
187.527755
188.383265
189.185533
190.044898
190.851429
191.713333
192.476054
193.190068
194.033061
194.825442
195.573878
196.359048
197.126122
197.852245
198.590431
199.325442
200.033016
200.751383
201.457098
202.188209
202.877551
203.635918
204.469660
205.182449
205.942585
206.672245
207.402313
208.243810
208.921224
209.772245
210.500317
211.236327
212.073878
212.665034
213.574014
214.254649
215.007732
215.818435
216.579365
217.293288
218.118980
218.886349
219.806395
220.532018
221.200000
222.067347
222.885306
223.588254
224.439410
225.165034
225.835510
226.699501
227.465760
228.125896
228.854739
229.801043
230.485986
231.416417
233.535828
235.197324
237.504354
239.346984
241.154286
243.083719
245.973878
246.748345
247.424943
248.373560
249.653061
251.771429
253.550794
255.305442
256.975510
258.816190
260.797143
263.804127
268.485374
