0.479592
1.108254
1.763129
2.399864
2.958594
3.590068
4.199184
4.736553
5.389615
5.993651
6.674104
7.261270
7.852562
8.335102
8.737823
9.135329
9.858866
11.662404
12.472109
13.275692
14.173787
15.139365
16.368299
17.673197
18.988299
19.761587
20.465533
21.067800
21.646531
22.201723
22.837007
23.402721
24.032154
24.639909
25.255676
25.910385
26.418639
26.890295
27.291247
27.746893
28.291973
30.557596
31.408707
32.247166
33.243492
35.142812
36.311973
38.010612
40.135873
42.124535
43.947347
46.095918
47.851020
49.576508
51.313243
53.432245
55.145397
56.772653
58.663175
60.628163
62.648571
65.127075
66.449705
67.194558
68.116780
69.278458
70.930068
72.247800
73.398730
74.249206
75.280952
76.197778
77.165397
78.156735
78.959773
80.126667
81.012608
81.982086
82.848027
83.699138
84.645714
85.583900
86.396077
87.268073
88.196531
89.028435
89.889388
90.651020
91.454694
92.304762
93.097007
93.827075
94.601633
95.314014
96.010703
96.754286
97.482721
98.244717
98.952290
99.756417
100.481905
101.140635
101.900000
102.617551
103.172653
103.957687
104.580272
105.354286
106.066667
106.973878
107.665034
109.269388
110.911837
116.604785
121.710776
122.280408
122.891429
123.423673
124.042857
124.596735
125.209388
125.820839
126.659592
128.457551
130.503265
131.265714
131.911111
132.621587
133.638912
135.626531
137.418050
139.157052
140.953061
142.725805
144.589524
146.384354
148.191156
149.906984
151.635238
153.372653
155.009388
156.719138
158.365034
161.350794
162.475556
163.261905
164.466667
165.894603
167.716190
168.689796
169.633878
170.602041
171.553469
172.411429
173.455510
174.325714
175.313878
176.237959
177.107755
178.042948
178.967755
179.883265
180.805533
181.864898
182.671429
183.653333
184.436054
185.250068
186.071020
186.881769
187.633878
188.478095
189.279184
190.012245
190.825215
191.545442
192.286032
193.091383
193.797098
194.508209
195.197551
195.895918
196.689660
197.354150
197.934195
198.532245
199.162313
199.811905
200.461224
201.177415
201.740317
202.376327
203.093878
203.572517
204.274014
204.874649
205.567732
206.238435
206.799841
207.553288
208.279660
208.806349
209.526395
210.192018
210.800000
211.507347
212.205306
212.768254
213.419410
214.205034
214.875510
215.679501
216.045760
216.645896
217.254739
217.941043
218.565986
219.416417
222.455828
224.357324
226.904354
229.186984
231.374286
233.363719
236.153878
237.178413
238.084943
239.333560
241.139184
243.431429
245.530794
247.745442
249.735510
252.076190
254.897143
258.404127
263.756735
