0.839592
1.608254
2.343129
3.099864
3.778594
4.510068
5.159592
5.856553
6.549615
7.253651
8.148209
8.767090
9.272562
9.713776
10.097823
10.455329
10.858866
11.962404
12.608027
13.315692
14.293787
15.175873
16.268299
17.633197
19.024898
19.721587
20.425533
21.187800
21.906531
22.486893
23.198503
23.862721
24.552154
25.219909
26.147029
26.710385
27.178639
27.610295
28.011247
28.426893
28.771973
29.837596
30.548707
31.347166
32.423492
33.581406
34.871973
36.910612
38.815873
40.304535
42.007347
44.015918
45.731020
47.476508
49.253243
51.032245
52.725397
54.452653
56.263175
58.108163
60.151071
63.287075
65.149116
65.994558
66.756780
67.838458
69.274014
70.667800
71.678730
72.469841
73.416825
74.257778
75.225397
76.156735
77.019773
78.006667
78.852608
79.822086
80.768027
81.539138
82.785714
83.623900
84.436077
85.264218
86.236531
87.116871
88.089388
88.886531
89.794694
90.744762
91.557007
92.403537
93.234694
94.156054
95.050703
95.914286
96.722721
97.584717
98.432290
99.436417
100.321905
101.100635
102.340000
103.150612
103.852653
104.897687
105.661088
107.014286
107.726667
108.693878
109.805034
111.909388
113.391837
118.686122
125.193878
125.940408
126.611429
127.223673
127.925714
128.618367
129.294694
130.161678
131.119592
133.757551
136.343265
137.365714
137.891111
138.481587
139.279456
141.206531
142.918050
144.777052
146.633061
148.425805
150.189524
151.924354
153.751156
155.486984
157.235238
159.052653
160.789388
162.499138
164.205034
166.590794
167.475556
168.301905
169.406667
170.894603
171.796190
172.699592
173.593878
174.542041
175.433469
176.351429
177.295510
178.177143
179.133878
179.937959
180.847755
181.802948
182.567755
183.463265
184.305533
185.464898
186.131429
186.993333
187.816054
188.570068
189.611020
190.485442
191.313878
192.199048
193.098367
193.932245
194.845215
195.745442
196.653016
197.551383
198.337098
199.261043
200.137551
200.975918
201.929660
202.722449
203.522585
204.332245
205.082313
206.003810
206.721224
207.612245
208.360317
209.172653
210.033878
210.672517
211.608027
212.294649
213.167732
213.978435
214.679841
215.533288
216.399660
217.146349
217.986395
218.752018
219.520000
220.407347
221.225306
221.988254
222.799410
223.565034
224.346531
225.199501
225.965760
226.765896
227.514739
228.341043
229.165986
230.096417
231.533489
232.757324
235.104354
237.306984
239.354286
241.243719
243.613878
244.668345
245.384943
246.513560
248.093061
250.211429
252.150794
254.065442
255.755510
257.556190
259.957143
262.778779
267.636735
