0.279592
0.988254
1.683129
2.459592
3.058594
3.750068
4.418776
4.996553
5.709615
6.373651
7.028209
7.481270
8.112562
8.595102
9.117823
9.850658
10.378866
11.280601
11.948027
12.615692
13.413787
14.171746
15.188299
16.253197
17.164898
17.801587
18.545533
19.347800
19.846531
20.461723
21.132517
21.702721
22.424308
23.019909
23.747029
24.230385
24.798639
25.270295
25.851247
26.466893
26.851973
27.837596
28.548707
29.307166
30.083492
31.045624
32.071973
33.670612
35.815873
37.984535
40.007347
42.415918
44.491020
46.576508
48.613243
50.732245
52.845397
54.912653
56.943175
58.848163
60.988571
63.167075
64.429705
65.094558
65.756780
66.618458
67.554014
68.449267
69.317460
70.309841
71.476825
72.377778
73.365397
74.496735
75.379773
76.533333
77.592608
78.602086
79.668027
80.658277
81.765714
82.935601
83.876077
84.864036
85.896531
86.848435
87.889388
88.935510
89.994694
91.024762
92.037007
92.963537
93.913061
94.994014
96.010703
97.051429
98.045442
99.144717
100.012290
101.076417
101.861905
103.260635
104.360000
105.217551
106.312653
107.257687
108.420272
109.794286
110.526667
111.713878
112.625034
114.229388
115.691837
119.926122
124.348980
125.080408
125.937143
126.383673
127.074286
127.898367
128.534694
129.222517
130.316327
133.517551
136.562857
137.585714
138.211111
138.881587
139.639456
141.646531
143.578050
145.477052
147.493061
149.385805
151.389524
153.264354
155.211156
157.006984
158.955238
161.092653
162.949388
164.859138
166.745034
168.790794
169.495556
170.201905
170.973333
171.854603
172.705397
173.629796
174.647755
175.762041
176.813469
177.731429
178.795510
179.737143
181.173878
181.917959
182.867755
183.960635
184.947755
186.063265
187.025533
188.844898
189.371429
190.293333
191.276054
192.170068
193.248163
194.125442
195.213878
196.258095
197.278367
198.212245
199.210431
200.130884
201.059048
202.091383
202.957098
203.928209
204.835102
205.835918
206.809660
207.602449
208.462585
209.212245
209.942313
210.763810
211.541224
212.332245
213.080317
213.832653
214.653878
215.292517
216.174014
216.909297
217.687732
218.498435
219.259841
220.093288
220.899660
221.666349
222.486395
223.272018
223.960000
224.787347
225.585306
226.288254
227.099410
227.865034
228.591020
229.419751
230.205760
230.945896
231.694739
232.481043
233.245986
234.056417
235.079166
236.305775
237.544354
238.646984
239.994286
241.451859
242.753878
243.568345
244.284943
245.200565
245.933061
247.431429
248.970794
250.565442
252.195510
253.836190
255.737143
258.024127
262.356735
