0.319592
1.008254
1.543129
2.099966
2.638594
3.170068
3.759592
4.276553
4.949615
5.533651
6.181642
6.541270
7.097521
7.475102
7.897823
8.255329
8.698866
10.342404
11.196054
11.875692
12.653787
13.503492
14.568299
15.653197
17.044898
17.790794
18.345533
18.924633
19.366531
19.861723
20.438503
20.942721
21.512154
22.099909
22.667029
23.137596
23.598639
23.990295
24.371247
24.746893
25.131973
27.215193
28.068707
28.647166
29.483492
30.441406
31.831973
33.490612
36.115873
38.064535
40.327347
42.615918
44.711020
46.896508
49.113243
51.412245
53.265397
55.232653
57.143175
59.194082
61.268571
63.487075
64.989705
65.814558
66.436780
67.218458
68.514014
69.847800
70.858730
71.689841
72.556825
73.495556
74.405397
75.296735
76.139773
77.146667
77.972608
78.842086
79.668027
80.519138
81.325714
82.243900
82.976077
83.784036
84.596531
85.348435
86.178776
86.922041
87.674694
88.404762
89.157007
89.863537
90.541633
91.194014
91.850703
92.471429
93.102721
93.804717
94.592290
95.196417
95.861905
96.580635
97.260000
97.937551
98.492653
99.157687
99.740272
100.474286
101.006667
101.871293
102.625034
104.589388
108.151837
114.946122
122.769388
123.300408
123.837857
124.323673
124.845714
125.398367
125.914694
126.560839
127.299592
129.110204
130.783265
131.485714
132.051111
132.661587
133.439456
135.766531
138.038050
140.177052
142.413061
144.485805
146.669524
148.544354
150.437789
152.246984
154.055238
155.832653
157.309388
158.959785
160.445034
162.210794
162.835556
163.541905
164.366667
165.354603
166.716190
167.759592
168.673878
169.582041
170.533469
171.411429
172.375510
173.217143
174.353878
175.157959
176.047755
176.982948
177.747755
178.623265
179.525533
180.504898
181.311429
182.273333
182.996054
183.850068
184.551020
185.365442
186.153878
186.919048
187.693061
188.432245
189.245215
189.965442
190.713016
191.491383
192.257098
192.988209
193.717551
194.395918
195.184830
195.742449
196.402585
196.992245
197.642313
198.343810
198.961224
199.632245
200.240317
200.836327
201.513878
202.072517
202.734014
203.354649
204.127732
204.758435
205.419841
206.173288
206.859660
207.486349
208.186395
208.832018
209.440000
210.147347
210.825306
211.428254
212.239410
212.965034
213.538878
214.124389
214.665760
215.265896
215.854739
216.561043
217.165986
217.916417
219.707371
221.117324
223.084354
225.146984
227.014286
229.003719
231.293878
232.068345
232.744943
233.533560
235.013061
237.211429
239.390794
241.525442
243.635510
245.812381
248.237143
252.964127
258.836735
