0.439592
1.208254
1.883129
2.679864
3.358594
4.110068
4.759184
5.396553
6.129615
6.813651
7.588209
8.113757
8.712562
9.155102
9.597823
9.945986
10.378866
11.662404
12.388027
13.115692
13.993787
15.035873
16.269433
17.273197
18.744898
19.501587
20.305533
21.027800
21.746531
22.421723
23.097007
23.702721
24.432154
25.079909
25.787029
26.410385
26.918639
27.450295
27.871247
28.226893
28.571973
29.817596
30.448707
31.147166
31.963492
32.981406
33.931973
35.670612
37.735873
39.764535
41.647347
43.815918
45.671020
47.536508
49.453243
51.172245
53.142698
54.892653
56.783175
58.538309
60.308571
62.493537
63.669705
64.534558
65.316780
66.178458
68.514014
69.827800
70.918730
71.889841
72.916825
73.793333
74.865397
75.896735
76.719773
77.826667
78.792608
79.762086
80.688027
81.459138
82.425714
83.323900
84.136077
84.888073
85.766122
86.545306
87.409388
88.202041
89.034694
89.824762
90.597007
91.343537
92.103265
92.888027
93.670703
94.382857
95.105442
95.884717
96.752290
97.556417
98.181905
98.980635
99.760000
100.357551
101.272653
102.057687
102.860272
103.974286
104.686667
105.613878
106.765034
108.469388
110.111837
115.926122
122.613878
123.480408
124.271429
124.923673
125.682857
126.318367
127.134694
127.821678
129.019592
131.357551
133.923265
134.545714
135.151111
135.761587
136.558912
138.726531
140.718050
142.697052
144.713061
146.645805
148.569524
150.364354
152.371156
154.146984
155.995238
157.892653
159.629388
161.459138
163.225034
166.030794
166.995556
167.741905
168.586667
170.154603
172.584762
173.729796
174.793878
175.822041
176.853469
177.831429
178.935510
179.877143
180.953878
181.977959
182.887755
184.142948
185.047755
186.143265
187.105533
188.204898
189.131429
190.333333
191.196054
192.070068
192.962041
193.825442
194.633878
195.559048
196.353061
197.172245
197.945215
198.716327
199.533016
200.371383
201.117098
201.888209
202.677551
203.435918
204.209660
204.982449
205.782585
206.552245
207.262313
208.123810
208.881224
209.712245
210.480317
211.236327
212.033878
212.732517
213.594014
214.394649
215.195465
216.058435
216.839841
217.693288
218.519660
219.286349
220.126395
220.932018
221.660000
222.507347
223.365306
224.068254
224.859410
225.655102
226.415510
227.259501
228.205760
228.945896
229.714739
230.501043
231.325986
232.236417
233.998609
235.497324
237.464354
239.886984
241.954286
243.843719
246.373878
247.396689
248.224943
249.353560
251.093061
253.431429
255.570794
257.565442
259.835510
261.836190
264.134286
267.144127
272.156735
