0.459592
1.188254
1.863129
2.519864
3.157188
3.790068
4.438776
4.976553
5.689615
6.253651
6.908209
7.350635
7.892562
8.295102
8.737823
9.181315
9.718866
11.742404
12.508027
13.175692
13.853787
14.395873
15.808299
16.853197
17.852128
18.461587
19.185533
19.807800
20.406531
21.021723
21.657007
22.222721
22.892154
23.439909
24.067029
24.550385
24.998639
25.410295
25.831247
26.246893
26.651973
28.817596
29.588707
30.267166
31.003492
32.141406
33.048662
34.310612
36.475873
38.424535
40.187347
42.415918
44.411020
46.136508
48.033243
49.932245
51.865397
53.732653
55.503175
57.428163
59.308571
61.487075
63.169705
63.914558
64.556780
65.418458
66.474014
67.735933
68.618730
69.549841
70.533651
71.397778
72.365397
73.296735
74.199773
75.246667
76.152608
77.122086
78.028027
78.839138
79.825714
80.803900
81.696077
82.484218
83.476531
84.388435
85.269388
86.015510
86.894694
87.749524
88.594014
89.403537
90.261633
91.014014
91.810703
92.562857
93.322721
94.164717
95.012290
95.676417
96.281905
97.141270
97.880000
98.477551
99.292653
100.073061
100.940272
101.774286
102.686667
103.853878
104.845034
106.789388
108.731837
114.546122
119.973878
120.360408
120.951429
121.443673
122.122857
122.758367
123.374694
123.980839
124.979592
127.037551
129.103265
129.705714
130.198222
130.761587
131.539456
133.506531
135.358050
137.137052
139.153061
141.045805
142.969524
144.744354
146.751156
148.506984
150.255238
152.072653
154.009388
155.699138
157.365034
159.310794
159.975556
160.561905
161.326667
162.314603
163.358730
164.189796
165.173878
166.122041
167.053469
167.951429
168.955510
169.817143
170.873878
171.817959
172.687755
173.682948
174.587755
175.543265
176.985533
178.020245
178.431429
179.333333
180.196054
181.110068
182.111020
183.116327
184.173878
184.879048
185.813061
186.702449
187.485215
188.225442
189.073016
189.931383
190.617098
191.528209
192.317551
193.075918
193.949660
194.722449
195.462585
196.172245
196.902313
197.703810
198.421224
199.192245
199.940317
200.696327
201.473878
202.072517
202.874014
203.574649
204.367732
205.098435
205.779841
206.553288
207.319660
208.012698
208.806395
209.572018
210.240000
211.047347
211.845306
212.508254
213.279410
214.065034
214.735510
215.579501
216.305760
217.025896
217.734739
218.421043
219.185986
220.176417
222.677914
224.397324
226.924354
228.906984
230.894286
232.803719
235.413878
236.088345
236.704943
237.433560
238.293061
240.311429
241.770794
243.225442
244.775510
246.276190
247.977143
250.524127
254.036735
