1.119592
1.948254
2.709388
3.499864
4.178594
4.910068
5.638367
6.216553
6.978458
7.633651
8.368209
8.941270
9.610249
10.135102
10.677823
11.115329
11.538866
12.802404
13.588027
14.435692
15.473787
16.275873
17.608299
19.033197
20.344898
21.101587
21.925533
22.687800
23.286531
24.001723
24.758503
25.402721
26.064308
26.639909
27.467029
28.010385
28.598639
29.070295
29.571247
30.026893
30.391973
31.677596
32.448707
33.267166
34.263492
35.201406
37.291973
38.930612
41.235873
43.096907
44.856837
46.795918
48.751020
50.316508
51.773243
53.672245
55.545397
57.336327
59.043175
60.788163
62.698095
65.106769
66.389705
67.294558
68.056780
68.998458
70.114014
71.467800
72.278730
73.049841
73.856825
74.597778
75.405397
76.216735
76.939773
77.806667
78.552608
79.322086
80.128027
80.839138
81.625714
82.443900
83.116077
83.828073
84.636531
85.328435
86.049388
86.715510
87.454694
88.164762
88.857007
89.603537
90.241633
90.874014
91.610703
92.251429
92.902721
93.564717
94.232290
94.916417
95.521905
96.080635
96.800000
97.397551
97.952653
98.637687
99.260272
99.934286
100.646667
101.293878
102.105034
103.329388
104.811837
108.355510
112.551293
113.300408
114.031429
114.583673
115.362857
116.058367
116.734694
117.402517
118.239592
120.062857
121.803265
122.545714
123.271111
124.121587
125.019456
126.786531
128.216342
129.857052
131.333061
132.825805
134.349524
135.736871
137.171156
138.586984
139.999603
141.375442
142.929388
144.319138
145.845034
147.770794
148.615556
149.323810
150.186667
151.554603
152.408095
153.149796
153.913878
154.622041
155.353469
156.071429
156.815510
157.537143
158.333878
159.039320
159.771293
160.540983
161.107755
161.881633
162.629504
163.384898
163.958286
164.713333
165.436054
166.150068
166.811020
167.505442
168.233878
168.919048
169.653061
170.332245
171.005215
171.685442
172.333016
173.011383
173.697098
174.342736
174.997551
175.635918
176.429660
176.962449
177.602585
178.257415
178.902313
179.623810
180.281224
181.012245
181.720317
182.356327
183.073878
183.632517
184.394014
184.991550
185.647732
186.398435
186.939841
187.653288
188.419660
189.006349
189.763197
190.412018
191.020000
191.767347
192.501769
193.088254
193.839410
194.505034
195.115510
195.899501
196.525760
197.225896
197.934739
198.641043
199.252993
200.076417
201.590833
202.917324
204.778957
207.026984
209.094286
212.343719
214.433878
215.308345
216.029887
216.993560
218.333061
220.371429
222.430794
224.465442
226.755510
229.297143
231.977143
235.104127
240.616735
