0.559592
1.248254
1.909388
2.599864
3.218594
3.790068
4.419592
4.956553
5.589615
6.133413
6.724104
7.150317
7.636281
8.055102
8.517823
8.835329
9.418866
10.682404
11.408027
12.095692
12.933787
13.535873
14.764898
15.993197
17.324898
18.041587
18.745533
19.367800
19.966531
20.501723
21.098503
21.622721
22.192154
22.659909
23.308379
23.730385
24.198639
24.620590
25.151247
25.566893
25.971973
27.197596
27.928707
28.627166
29.383492
30.061406
31.591973
33.310612
35.595873
37.964535
40.247347
42.615918
44.831020
47.113016
49.173243
51.332245
53.785397
56.312653
58.763175
61.268163
63.688571
66.187075
67.569705
68.274558
68.896780
69.609229
70.454014
71.667800
72.858730
73.809841
74.776825
76.097778
76.945397
77.966939
78.919773
80.046667
80.992608
81.942086
82.908027
83.819138
84.785714
85.803900
86.716077
87.664036
88.556531
89.428435
90.272653
91.175510
92.069388
92.964762
93.877007
94.603537
95.504898
96.294014
97.130703
97.914286
98.722721
99.504717
100.412290
101.236417
102.001905
102.840635
103.660000
104.615102
105.212653
106.035374
106.960272
108.014286
108.766667
109.973878
110.845034
112.949388
114.767755
119.785383
124.584626
125.160408
125.751429
126.283673
126.842857
127.398367
127.934694
128.460839
129.237959
131.377551
133.743265
134.545714
135.211111
135.881587
136.579456
139.026531
141.038050
143.317052
145.353061
147.465805
149.569524
151.644354
153.715578
155.746984
157.635238
159.552653
161.669388
163.498277
165.425034
168.410794
169.335556
170.021905
170.866667
172.114603
173.016190
173.989796
175.013878
175.962041
176.953469
177.871429
178.835510
179.737143
180.813878
181.737959
182.647755
183.582948
184.367755
185.383265
186.305533
187.224898
188.071429
188.973333
189.856054
190.730068
191.551020
192.465442
193.293878
194.099048
194.919184
195.732245
196.585215
197.365442
198.093016
198.991383
199.677098
200.488209
201.317551
202.115918
202.947415
203.642449
204.382585
205.112245
205.842313
206.623810
207.281224
208.072245
208.800317
209.516327
210.313878
210.972517
211.774014
212.454649
213.247732
214.018435
214.739683
215.493288
216.259660
216.966349
217.746395
218.492018
219.220000
219.967347
220.765306
221.388254
222.199410
222.925034
223.595510
224.399501
225.085760
225.825896
226.554739
227.321043
228.005986
228.816417
230.855828
232.017324
233.862177
235.966984
238.014286
239.963719
242.533878
243.348345
244.032472
244.993560
246.213061
248.251429
250.110794
252.045442
253.915510
255.909524
258.037143
261.064127
267.556735
