0.597551
1.368254
2.049388
2.759864
3.398594
4.030068
4.699184
5.296553
5.949615
6.613651
7.368209
7.941270
8.552562
9.055102
9.497823
9.875329
10.338866
11.322404
12.008027
12.655692
13.393787
14.195873
15.128299
16.173197
17.244898
18.023175
18.865533
19.515601
20.266531
20.821723
21.574014
22.182721
22.852154
23.539909
24.407029
25.010385
25.558639
26.030295
26.511247
26.730689
26.791973
27.917596
28.608707
29.307166
30.323492
31.341406
32.511973
33.615034
35.075873
37.044535
38.527347
40.281769
41.591020
43.016508
44.513243
46.072245
47.485397
48.838950
50.303175
51.768163
53.256508
54.993537
56.309705
57.134558
57.853560
58.778458
59.754014
61.047800
61.978730
62.829841
63.790476
64.697778
65.665397
66.636735
67.519773
68.586667
69.552608
70.502086
71.428027
72.339138
73.305714
74.303900
75.176077
75.984218
77.076531
77.913741
78.838776
79.775510
80.674694
81.519048
82.497007
83.363537
84.261633
85.050068
85.930703
86.762857
87.602721
88.498866
89.444580
90.356417
91.201905
92.000635
92.860000
93.577551
94.352653
95.237687
95.920272
96.734286
97.526667
98.433878
99.265034
100.509388
101.757279
105.586242
109.233878
109.960408
110.591429
111.203673
111.922857
112.558367
113.254694
113.800839
114.659592
116.757551
118.403265
119.305714
119.817778
120.301587
121.039456
122.606531
124.158050
125.657052
127.413061
129.005805
130.769524
132.464354
134.131156
135.953968
137.875238
139.712653
141.409388
143.059138
145.105034
146.930794
147.635556
148.281905
149.046667
150.034603
151.256190
152.129796
153.113878
154.042041
155.020408
155.891429
156.915510
157.928571
158.841633
159.737959
160.667755
161.742948
162.587755
163.563265
164.765533
166.044898
166.611429
167.613333
168.496054
169.450068
170.411020
171.305442
172.181633
173.159048
174.113061
175.012245
175.925215
176.845442
177.753016
178.751383
179.577098
180.608209
181.472653
182.395918
183.409660
184.242449
185.002585
185.792245
186.522313
187.363810
188.081224
188.872245
189.600317
190.376327
191.173878
191.852517
192.714014
193.443946
194.307732
195.078435
195.839683
196.673288
197.539660
198.286349
199.126395
199.932018
200.640000
201.507347
202.325306
203.048254
203.839410
204.625034
205.375510
206.219501
206.985760
207.705896
208.454739
209.301043
210.085986
210.916417
212.549478
213.644866
214.884354
216.166984
217.594286
219.303719
221.213878
222.088345
222.784943
223.713560
224.613061
226.171429
227.730794
229.285442
230.955510
232.756190
234.617143
237.344127
241.816735
