0.719592
1.648254
2.346259
3.079864
3.718594
4.390068
5.039184
5.616553
6.349615
6.973651
7.544104
7.953474
8.332562
8.695102
8.977823
9.275329
9.658866
11.942404
12.828027
13.575692
14.693787
15.375873
16.708299
17.833197
19.244898
19.941587
20.705533
21.347800
22.006531
22.581723
23.235510
23.802721
24.432154
25.039909
25.669406
26.130385
26.438639
26.830295
27.191247
27.546893
27.871973
30.417596
31.208707
32.027166
33.083492
34.061406
35.091973
36.570612
38.075873
39.844535
41.676837
43.695918
45.350340
47.116508
49.033243
51.032245
52.985397
54.632653
56.332635
58.308163
60.248571
63.667075
64.989705
65.654558
66.516780
67.718458
69.214014
70.527800
71.378730
72.109841
72.976825
73.715556
74.565397
75.336735
76.079773
76.966667
77.752608
78.582086
79.708027
80.139138
80.925714
81.763900
82.416077
83.088254
83.936531
84.728435
85.449388
86.135510
86.854694
87.484762
88.157007
88.863537
89.561633
90.194014
90.890703
91.471429
92.082721
92.704717
93.332290
93.896417
94.421905
94.980212
95.540000
96.137551
96.570531
97.137687
97.660272
98.354286
98.986667
99.577959
100.065034
101.649388
103.131837
108.722612
114.053878
114.780408
115.451429
115.963673
116.662857
117.198367
117.814694
118.380839
118.979592
120.417551
121.883265
123.245714
123.971111
124.841587
125.799456
128.166531
130.018050
131.914104
133.926122
135.765805
137.629524
139.364354
141.111156
142.926984
144.675238
146.412653
148.009388
149.659138
151.345034
153.210794
154.235556
155.121905
156.806667
157.794603
159.456190
160.289796
161.133878
161.962041
162.773469
163.571429
164.795510
165.577143
166.234776
166.917959
167.687755
168.522948
169.267755
170.123265
170.965533
171.624898
172.471429
173.233333
173.976054
174.690068
175.571020
176.285442
177.053878
177.799048
178.533061
179.232245
179.925215
180.745442
181.433016
182.151383
182.837098
183.548209
184.237551
184.955918
185.689660
186.362449
187.102585
187.712245
188.402313
189.243810
189.941224
190.692245
191.400317
192.096327
192.893878
193.505034
194.214014
194.837324
195.567732
196.298435
196.959841
197.693288
198.399660
199.026349
199.806395
200.492018
201.100000
201.867347
202.605306
203.228254
204.039410
204.765034
205.455510
206.209875
206.885760
207.545896
208.294739
209.001043
209.745986
210.596417
212.597055
214.017324
216.304354
218.946984
221.054286
223.403719
226.293878
227.168345
228.124943
229.133560
230.933061
233.331429
235.472381
237.465442
239.333061
241.532381
243.957143
247.624127
252.656735
