0.519592
1.468254
2.169388
2.919592
3.518594
4.170068
4.779592
5.376553
6.069615
6.653651
7.388209
8.001270
8.512562
8.955102
9.357823
9.655329
10.018866
11.882404
12.648027
13.395692
14.393787
15.291746
16.768299
17.873197
19.344898
20.101587
20.825533
21.443401
22.066531
22.621723
23.298503
23.822721
24.472154
25.039909
25.727029
26.370385
26.858639
27.270295
27.691247
28.026893
28.591973
30.277596
30.888707
31.707166
32.543492
33.941406
35.231973
36.950612
39.055873
41.144535
42.767347
44.855918
46.671020
48.516508
50.353243
52.292245
54.025397
55.992653
57.603175
59.464082
61.388571
64.647075
65.969705
66.754558
67.436780
68.298458
69.874014
71.143971
71.958730
72.789841
73.616825
74.417778
75.305397
76.176735
77.019773
77.926667
78.772608
79.622086
80.428027
81.199138
82.105714
82.991701
83.716077
84.452290
85.376531
86.088435
86.969388
87.675510
88.374694
89.044762
89.737007
90.383537
91.061633
91.734014
92.450703
93.091429
93.722721
94.444717
95.332290
96.016417
96.641905
97.480635
98.260000
98.937551
99.752653
100.497687
101.420272
102.454286
103.166667
104.153878
105.065034
106.955102
108.551837
113.786122
118.623469
119.260408
119.891429
120.443673
121.068571
121.758367
122.334694
122.960839
123.838776
125.737551
127.723265
128.525714
129.191111
129.801587
130.835646
133.106531
135.318050
137.537052
139.786122
142.025805
144.309524
146.704354
148.791156
151.026984
153.155238
155.232653
157.569388
159.319138
161.565034
164.010794
164.755556
165.421905
166.606667
167.594603
169.092063
169.949796
170.733878
171.582041
172.426939
173.231429
174.135510
174.897143
175.873878
176.757959
177.467755
178.302948
179.067755
179.923265
181.005533
181.842449
182.591429
183.573333
184.336054
185.070068
185.931020
186.745442
187.593878
188.379048
189.153061
189.892245
190.645215
191.345442
192.013016
192.751383
193.417098
194.088209
194.697551
195.395918
196.169660
196.822449
197.462585
198.096122
198.742313
199.523810
200.161224
200.852245
201.500317
202.156327
202.833878
203.412517
204.174014
204.894649
205.607732
206.338435
207.039841
207.793288
208.459660
209.086349
209.846395
210.512018
211.120000
211.887347
212.585306
213.188254
213.879410
214.545034
215.155510
215.959501
216.645760
217.305896
217.994739
218.601043
219.345986
220.236417
222.331166
223.897324
226.104354
228.426984
230.134286
231.623719
232.944617
233.508345
234.144943
234.876223
236.133061
238.091429
239.730794
241.445442
243.175510
244.796190
246.497143
249.024127
253.196735
