0.659592
1.608254
2.323129
3.139456
3.798594
4.550068
5.159592
5.816553
6.579229
7.213651
7.988209
8.533757
9.152562
9.735102
10.337823
10.895329
11.498866
12.947211
13.808027
14.575692
15.507574
16.622222
17.788299
19.573197
20.924898
21.701587
22.485533
23.235601
23.866531
24.581723
25.238503
25.882721
26.572154
27.159909
27.947029
28.510385
29.098639
29.630295
30.231247
30.806893
31.311973
33.117596
34.068707
34.887166
36.023492
37.741406
38.691973
40.250612
42.175873
44.022268
45.847347
47.995918
49.871020
51.636508
53.473243
55.392245
57.345397
59.312653
61.203175
63.248163
65.328571
68.648299
70.249705
71.454558
72.296780
73.598458
75.610068
76.851950
77.758730
78.489524
79.353651
80.197778
81.025397
81.856735
82.639773
83.546667
84.412608
85.202086
86.068027
86.918277
87.705714
89.023900
89.696077
90.381009
91.076531
91.888435
92.669388
93.495510
94.209388
94.999048
95.837007
96.583537
97.381633
98.074014
98.832109
99.511429
100.242721
100.964717
101.932290
102.736417
103.501905
104.163810
105.040000
105.817551
106.532653
107.277687
108.100272
109.134286
109.866667
110.833878
111.765034
113.429388
114.971837
120.602461
125.684626
126.400408
127.071429
127.663673
128.462857
129.118367
129.854694
130.600839
131.499184
133.972653
136.819592
138.105714
138.911111
139.741587
140.859456
142.986531
144.878050
146.977052
149.093061
151.165805
153.289524
155.184354
157.331156
159.366984
161.355238
163.572653
165.489388
167.459138
169.665034
172.410794
173.471111
174.421905
175.406667
176.734603
178.536190
179.349796
180.153878
180.962041
181.853469
182.611429
183.495510
184.277143
185.153878
186.017959
186.807755
187.682948
188.427755
189.223265
190.085533
191.064898
191.871429
192.913333
193.636054
194.450068
195.271020
195.965442
197.093878
197.799048
198.573061
199.372245
200.145215
200.925442
201.673016
202.431383
203.177098
203.928209
204.677551
205.415918
206.309660
207.002449
207.682585
208.392245
209.082313
209.863810
210.501224
211.312245
212.040317
212.776327
213.533878
214.132517
214.954014
215.614649
216.367732
217.158435
217.899841
218.653288
219.419660
220.126349
220.926395
221.632018
222.340000
223.107347
223.865306
224.508254
225.259410
225.985034
226.635510
227.479501
228.385760
229.197687
229.974739
230.741043
231.405986
232.256417
233.993525
235.477324
237.944354
240.066984
242.134286
243.429727
245.133878
245.968345
246.704943
247.673560
249.113061
251.271429
253.370794
255.365442
257.417551
259.528571
261.717143
264.724127
270.976735
