0.519592
1.208254
1.863129
2.459864
3.018594
3.570068
4.139592
4.676553
5.249615
5.873651
6.528209
7.061270
7.572562
7.995102
8.377823
8.695329
9.038866
10.522404
11.248027
11.915692
12.873787
13.395873
14.388299
15.833197
17.524898
18.181587
18.845533
19.407800
19.966531
20.461723
21.058503
21.562721
22.132154
22.684977
23.347029
23.870385
24.318639
24.730295
25.111247
25.426893
25.751973
27.197596
27.988707
28.781497
29.923492
30.941406
32.371973
34.130612
36.095873
38.024535
39.907347
42.075918
43.911020
45.816508
47.593243
49.452245
51.365397
53.072653
54.781058
56.548163
58.628571
60.727075
61.889705
62.554558
63.156780
64.018458
64.854014
65.953900
66.938730
67.809841
68.776825
69.537778
70.445397
71.336735
72.159773
73.126667
73.872608
74.742086
75.568027
76.319138
77.165714
78.043900
78.796077
79.508073
80.316531
81.148435
81.897551
82.715510
83.564082
84.264762
85.117007
85.943537
86.701633
87.414014
88.270703
89.002857
89.722721
90.564717
91.252290
91.996417
92.661905
93.320635
93.980000
94.637551
95.212653
95.877687
96.500272
97.214286
97.923333
98.785646
99.445034
101.089388
102.411837
108.202612
116.113878
116.780408
117.451429
117.963673
118.462857
118.978367
119.554694
120.080839
120.719592
122.545306
124.063265
124.805714
125.251111
125.776159
126.179456
128.206531
129.998050
131.737052
133.453061
135.105805
136.789524
138.370544
140.091156
141.666984
142.775238
144.492653
146.149388
147.559138
148.925034
150.470794
151.075556
151.641905
152.386667
153.374603
153.997354
154.789796
155.773878
156.702041
157.633469
158.451429
159.415510
160.197143
161.073878
161.957959
162.767755
163.682948
164.407755
165.263265
166.305533
167.144898
167.971429
168.753333
169.572109
170.350068
171.171020
172.005442
172.781633
173.539048
174.413061
175.212245
175.965215
176.845442
177.513016
178.314150
179.077098
179.868209
180.637551
181.415918
182.289660
182.982449
183.596517
184.312245
185.122313
186.003810
186.661224
187.432245
188.160317
188.916327
189.693878
190.292517
191.174014
191.834649
192.623197
193.418435
194.139841
194.939864
195.719320
196.466349
197.226395
197.952018
198.680000
199.487347
200.265306
200.948254
201.719410
202.425034
203.135510
203.919501
204.705760
205.378957
206.454739
207.301043
207.802166
208.456417
210.237583
211.877324
214.184354
215.566984
217.217143
219.003719
221.033878
221.668345
222.304943
223.313560
224.693061
226.731429
228.055397
229.545049
230.975510
232.476190
234.177143
236.324127
240.536735
