2.899592
3.708254
4.389388
5.179864
5.817188
6.490068
7.159592
7.736553
8.439229
8.993651
9.722052
10.121270
10.697521
11.175102
11.637823
11.955329
12.338866
13.120801
13.828027
14.535692
15.333787
16.087619
17.048299
18.086599
19.704898
20.501587
21.285533
22.167800
22.746122
23.401723
24.118503
24.722721
25.472154
26.059909
26.844580
27.250385
27.778639
28.235147
28.631247
29.006893
29.291973
30.169399
30.888707
31.627166
32.523492
33.401406
34.351973
35.750612
37.595873
39.484535
41.127347
42.975918
44.611020
46.296508
47.846621
49.432245
51.125397
52.768163
54.423175
56.168163
57.848571
60.007075
61.309705
61.994558
62.696780
63.578458
64.594014
66.167800
67.298730
68.319683
69.396825
70.397778
71.445397
72.516735
73.439773
74.566667
75.552608
76.602086
77.688027
78.639138
79.685714
81.111950
81.776077
82.644036
83.816531
84.819048
85.775102
86.873061
87.989388
88.737143
89.797007
90.863537
91.888163
92.794014
93.914921
94.871429
95.828163
96.864717
97.932290
98.976417
99.761905
100.900635
101.960000
102.777551
103.892653
104.677687
105.860272
107.274286
107.986667
109.133878
110.225034
112.089388
113.091837
118.676236
124.053878
124.700408
125.391429
126.063673
126.622857
127.238367
127.834694
128.665034
129.399184
132.453878
135.043265
135.725714
136.211111
136.850794
137.499456
139.246531
140.878050
142.537052
144.313061
145.945805
147.709524
149.217392
150.851156
152.406984
153.695238
155.432653
156.809388
158.319138
159.805034
161.670794
162.355556
162.981905
163.706667
164.694603
166.036190
167.149796
168.153878
169.162041
170.173469
171.171429
172.155510
173.117143
174.233878
175.177959
176.147755
177.322948
178.207755
179.183265
180.185533
181.984898
182.491429
183.373333
184.196054
185.320680
186.211020
187.185442
188.393878
189.117143
190.113061
191.112245
192.111293
193.065442
194.013016
195.036916
195.997098
196.988209
197.937551
198.975918
200.049660
201.102449
201.842585
202.732245
203.622313
204.623810
205.521224
206.432245
207.360317
208.272653
209.173878
209.992517
210.996054
211.863946
212.827732
213.638435
214.639841
215.413288
216.419660
217.286349
218.226395
219.072018
219.920000
220.867347
221.925306
222.648254
223.499410
224.365034
225.235510
226.219501
227.045760
227.905896
228.714739
229.621043
230.485986
231.396417
232.745027
233.517333
235.284354
236.586984
238.034286
239.503719
242.153878
242.848345
243.564943
244.273560
244.839653
246.571429
248.050794
249.605442
251.295510
253.096190
255.057143
258.024127
260.556735
