0.499592
1.188254
1.846259
2.559864
3.178594
3.750068
4.399592
4.956553
5.629615
6.193651
6.948209
7.561270
8.192562
8.675102
9.117823
9.495329
9.858866
11.284807
12.088027
12.795692
13.713787
14.415873
15.348299
16.393197
17.644898
18.321587
19.045533
19.667800
20.306531
20.861723
21.518503
22.102721
22.772154
23.379955
24.147029
24.810385
25.438639
25.930295
26.331247
26.726893
27.051973
28.575193
29.388707
30.087166
31.003492
32.021406
32.891973
34.445306
36.295873
38.224535
40.307347
42.535918
44.531020
46.456508
48.333243
50.432245
52.465397
54.372653
56.403175
58.668163
61.148571
64.287075
65.689116
66.474558
67.136780
67.998458
68.994014
69.893853
70.598730
71.289841
72.036825
72.717778
73.512698
74.276735
74.939773
75.746667
76.472608
77.262086
78.008027
78.699138
79.525714
80.327800
81.036077
81.744036
82.456531
83.148435
83.849388
84.515510
85.234694
85.924762
86.637007
87.303537
88.061633
88.734014
89.450703
90.131429
90.802721
91.544717
92.252290
92.896417
93.601905
94.180635
94.800000
95.417551
96.052653
96.757687
97.520272
98.314286
99.166667
100.093878
101.045034
102.689388
104.271837
110.669224
118.373878
119.040408
119.691429
120.243673
120.782857
121.318367
121.874694
122.400839
123.019592
124.510204
125.903265
126.565714
127.191111
127.841587
128.579456
130.326531
132.078050
133.817052
135.653061
137.425805
139.209524
140.904354
142.731156
144.586984
146.455238
148.132653
149.969388
151.759138
153.645034
155.430794
156.095556
156.741905
157.466667
158.394603
159.039048
159.769796
160.513878
161.242041
161.973469
162.677143
163.435510
164.137143
164.933878
165.697959
166.447755
167.202948
167.927755
168.743265
169.505533
170.284898
171.071429
171.833333
172.536054
173.210068
173.931020
174.625442
175.293878
175.999048
176.713061
177.412245
178.125215
178.825442
179.493016
180.231383
180.917098
181.628209
182.317551
183.055918
183.889660
184.662449
185.462585
186.192245
186.922313
187.763810
188.461224
189.292245
190.000317
190.776327
191.533878
192.172517
193.014014
193.714649
194.467732
195.238435
195.979841
196.733288
197.519660
198.266349
199.086395
199.872018
200.580000
201.407347
202.185306
202.928254
203.739410
204.485034
205.215510
206.039501
206.785760
207.565896
208.354739
209.141043
209.845986
210.736417
213.615828
215.357324
217.524354
219.906984
221.974286
223.883719
226.013878
226.888345
227.624943
228.553560
230.016531
232.211429
234.190794
236.145442
238.575510
240.868571
243.037143
246.044127
250.836735
