0.519592
1.268254
1.949388
2.599864
3.178594
3.730068
4.339592
4.876553
5.449615
5.953651
6.568209
6.994467
7.472562
7.895102
8.297823
8.655329
9.038866
10.362404
11.108027
11.795692
12.733787
13.555873
14.608299
15.966395
17.424898
18.201587
18.965533
19.547800
20.186531
20.681723
21.337007
21.882721
22.412154
22.959909
23.487029
23.990385
24.338639
24.750295
25.151247
25.526893
25.871973
27.357596
28.068707
28.727166
29.663492
30.561406
32.311973
34.530612
37.135873
39.464535
41.787347
44.275918
46.591020
48.956508
51.173243
53.412245
55.925397
58.352653
60.523175
63.048163
65.528571
69.027075
70.749705
71.494558
72.156780
73.198458
74.194014
75.487800
76.558730
77.399683
78.356825
79.153333
80.105397
80.996735
81.839773
82.826667
83.612608
84.502086
85.268027
86.019138
86.885714
87.703900
88.396077
89.132109
89.916531
90.656871
91.389388
92.075510
92.774694
93.484762
94.177007
94.843537
95.561633
96.194014
96.890703
97.542857
98.182721
98.904717
99.612290
100.236417
100.921905
101.620635
102.320000
103.070204
103.652653
104.533061
105.260272
106.134286
106.846667
107.813878
108.925034
110.689388
112.271837
118.986122
126.031293
126.760408
127.491429
127.943673
128.525714
129.158367
129.714694
130.280839
130.979592
132.797551
134.426531
135.345714
135.971111
136.621587
137.459456
139.506531
141.318050
143.177052
145.133061
146.945805
148.829524
150.556088
152.471156
154.246984
156.055238
157.852653
159.709388
161.539138
163.365034
166.750794
168.335556
169.101905
170.246667
171.234603
172.396190
173.429796
174.333878
175.202041
176.133469
176.951429
177.835510
178.697143
179.613878
180.418980
181.227755
182.142948
182.867755
183.703265
184.525533
185.364898
186.051429
186.833333
187.556054
188.310068
189.011020
189.756327
190.487755
191.199048
191.973061
192.732245
193.405215
194.105442
194.733016
195.451383
196.077098
196.768209
197.437551
198.105306
198.889660
199.682449
200.162585
200.772245
201.422313
202.183810
202.801224
203.552245
204.200317
204.856327
205.593878
206.072517
206.834014
207.494649
208.167732
208.938435
209.559841
210.293288
211.039660
211.706349
212.466395
213.112018
213.760000
214.507347
215.205306
215.828254
216.579410
217.285034
217.935510
218.739501
219.525760
220.285896
220.994739
221.761043
222.445986
223.276417
225.335828
227.037324
229.424354
232.106984
234.174286
236.483719
237.773878
238.568345
239.224943
239.993560
241.313061
243.351429
245.190794
247.125442
249.035510
251.100952
253.137143
256.804127
262.156735
