0.739592
1.488254
2.183129
2.919864
3.578594
4.250068
4.938367
5.613107
6.289615
7.033651
7.928209
8.461270
9.152562
9.655102
10.057823
10.555329
10.978866
12.942404
13.748027
14.595692
15.553787
16.403492
17.988299
19.733197
21.784898
22.601587
23.325533
24.107800
24.826531
25.481723
26.177007
26.842721
27.604308
28.339909
29.227029
29.810385
30.398639
30.890295
31.371247
31.806893
33.051973
34.457596
35.468707
36.547166
38.683492
39.721406
41.791973
43.850612
45.915873
47.964535
49.947347
52.355918
54.471020
56.556508
58.733243
60.712245
62.785397
64.912653
66.883175
69.108163
71.548571
75.187075
77.169705
78.114558
78.873560
79.778458
81.214014
82.507800
83.378730
84.149841
84.956825
85.757778
86.565397
87.496735
88.449213
89.126667
89.912608
90.782086
91.548027
92.379138
93.205714
94.083900
94.856077
95.588073
96.536531
97.328435
98.169388
98.955510
99.744082
100.488571
101.297007
102.074150
102.861633
103.534014
104.250703
104.982857
105.645442
106.409433
107.132290
107.956417
108.601905
109.200635
110.180000
110.877551
111.552653
112.317687
113.040272
113.874286
114.586667
115.333878
116.185034
117.849388
120.151837
125.766122
131.444626
132.100408
132.911429
133.563673
134.185714
134.875102
135.614694
136.261678
137.099592
138.677551
140.309796
141.385714
142.071111
142.801587
143.819456
145.946531
147.858050
149.797052
151.633061
153.365805
155.209524
156.894059
158.671156
160.466984
162.235238
163.952653
165.709388
167.379138
169.125034
171.873968
172.715556
173.581905
174.646667
175.974603
177.336190
178.149796
178.953878
179.866122
180.633469
181.471429
182.235510
183.037143
184.033878
184.757959
185.607755
186.422948
187.207755
188.063265
188.905533
189.844898
190.591429
191.393333
192.172109
192.930068
193.702041
194.565442
195.333878
196.079048
196.953061
197.672245
198.545215
199.265442
199.973016
200.811383
201.497098
202.268209
203.017551
203.775918
204.569660
205.342449
206.042585
206.752245
207.442313
208.243810
208.902449
209.792245
210.460317
211.216327
212.033878
212.632517
213.494014
214.194649
215.007732
215.798435
216.579841
217.393288
218.279660
219.032698
219.826395
220.612018
221.400000
222.247347
223.005306
223.688254
224.519410
225.345034
226.015510
226.899501
227.705760
228.425896
229.174739
230.021043
230.805986
231.656417
233.053489
234.337324
236.744354
240.206984
242.354286
244.603719
248.353878
249.308345
250.064943
251.053560
252.713061
254.931429
256.770794
258.650884
260.715510
262.800952
265.257143
268.644127
273.616735
