0.459592
1.128254
1.803129
2.499864
3.118594
3.770068
4.479184
5.106213
5.789615
6.433651
7.208209
7.740635
8.232562
8.593776
8.957823
9.275329
9.638866
12.282404
13.268027
14.015692
15.053787
15.855873
17.214694
18.733197
20.064898
20.723175
21.505533
22.167800
22.786531
23.421723
24.078503
24.762721
25.452154
26.059909
26.867029
27.370385
27.838639
28.210295
28.571247
28.926893
29.251973
32.017596
32.968707
33.687166
34.643492
36.041406
37.031973
38.822449
41.895873
43.884535
45.947347
48.807755
51.271020
53.716508
55.633243
58.332245
60.696190
62.932653
65.163175
67.568163
69.968571
73.187075
74.809705
75.674558
76.396780
77.278458
78.294014
79.487800
80.478730
81.389841
82.276825
83.277778
84.245397
85.676735
86.279773
87.166667
88.032608
89.042086
89.968027
90.819138
91.825714
92.827800
93.676077
94.664036
95.516531
96.368435
97.209388
97.975510
98.814694
99.514286
100.297007
101.003537
101.741633
102.434014
103.150703
103.791429
104.462721
105.184717
105.872290
106.496417
107.101905
107.660635
108.500000
109.097551
109.752653
110.437687
111.200272
111.914286
112.626667
113.493878
114.385034
116.969388
118.451837
124.126122
129.033878
129.680408
130.311429
130.923673
131.482857
132.131837
132.749388
133.360839
134.117959
135.857551
137.703265
138.405714
139.071111
139.661587
140.519456
143.079592
145.338050
147.557052
149.853061
152.105805
154.489524
156.684354
159.011156
161.108889
163.395238
165.652653
167.789388
169.959138
172.105034
175.120635
176.275556
177.061905
178.186667
179.234603
180.316190
181.269796
182.193878
183.162041
184.113469
184.951429
185.975510
186.837143
187.753878
188.777959
189.687755
190.502948
191.627755
192.523265
193.425533
194.484898
195.311429
196.193333
196.936054
197.670068
198.671020
199.565442
200.353878
201.159048
202.013061
203.072245
203.705215
204.545442
205.213016
205.911383
206.597098
207.308209
207.997551
208.675918
209.389660
210.062449
210.722585
211.390748
211.962313
212.643810
213.301224
214.016122
214.660317
215.296327
215.993878
216.552517
217.314014
217.934649
218.647732
219.378435
219.999841
220.673288
221.419660
222.066349
222.786395
223.452018
224.080000
224.827347
225.505306
226.128254
226.739410
227.405034
228.035510
228.819501
229.445760
230.065896
230.754739
231.441043
232.045986
232.836417
235.155828
236.797324
239.184354
241.606984
243.414286
245.603719
248.213878
249.068345
249.764943
250.813560
252.513061
256.111429
258.050794
260.085442
262.315510
264.376190
266.897143
270.144127
275.316735
