0.839592
1.508254
2.126259
2.799864
3.418594
4.030068
4.619592
5.176553
5.869615
6.473651
7.248209
7.881270
8.412562
8.955102
9.417823
10.015329
10.478866
11.762404
12.468027
13.155692
14.013787
14.695873
15.848299
17.313197
18.664898
19.401587
20.145533
20.807800
21.466531
22.041723
22.715510
23.342721
23.992154
24.559909
25.387029
26.090385
26.678639
27.230295
27.791247
28.426893
28.931973
30.197596
30.988707
31.667166
32.543492
33.461406
34.471973
35.870612
36.895873
38.328907
39.727347
41.115918
42.530340
43.858254
45.233243
46.512245
47.945397
49.312653
50.683175
52.194082
53.448571
55.367075
56.689705
57.474558
58.336780
59.278458
60.776190
62.147800
63.198730
64.149524
65.156825
66.197778
67.225397
68.256735
69.199773
70.266667
71.352608
72.382086
73.428027
74.373968
75.445714
76.527800
77.556077
78.384399
79.536531
80.548435
81.569388
82.591020
83.594694
84.524762
85.617007
86.683537
87.621633
88.494014
89.610703
90.542857
91.545442
92.524717
93.692290
94.736417
95.841905
96.720635
97.740000
98.557551
99.492653
100.377687
101.560272
102.954286
103.666667
104.853878
105.765034
107.849388
109.631837
115.222612
119.788469
120.320408
121.031429
121.703673
122.342857
122.938367
123.618776
124.321678
125.059184
128.497551
131.219592
132.462857
133.191111
133.861587
134.659456
136.496633
138.172683
139.737052
141.433061
143.125805
144.769524
146.214785
147.911156
149.586984
151.155238
152.818163
154.449388
156.019138
157.705034
159.350794
160.135556
160.901905
161.866667
162.854603
164.348571
165.419184
166.429388
167.466122
168.553469
169.531429
170.555510
171.574286
172.693878
173.637959
174.607755
175.702948
176.607755
177.583265
179.025533
180.340377
180.831429
181.713333
182.696054
183.730340
184.742041
185.756327
186.795510
187.796190
188.886122
190.046122
190.905215
191.785442
192.813016
193.831383
194.837098
195.888209
196.930204
197.975918
198.989660
199.882449
200.682585
201.532245
202.342313
203.243810
204.061224
204.872245
205.720317
206.516327
207.413878
208.072517
208.954014
209.714649
210.567732
211.378435
212.199841
213.046576
213.959660
214.726349
215.566395
216.392018
217.200000
218.034694
218.905306
219.668254
220.519410
221.305034
222.055510
222.919501
223.685760
224.485896
225.314739
226.102086
226.845986
227.776417
229.575828
231.217324
233.264354
235.686984
237.734286
239.843719
241.773878
242.608345
243.469887
244.513560
246.519184
249.491429
251.330794
253.205442
255.195510
257.296190
259.217143
262.224127
267.436735
