0.419592
1.108254
1.789388
2.459864
3.018594
3.690068
4.279592
4.816553
5.429615
6.013413
6.668209
7.140635
7.652562
8.075102
8.477823
8.910658
9.278866
10.442404
11.148027
11.815692
12.653787
13.391746
14.548299
16.053197
17.684898
18.401587
19.105533
19.727800
20.286531
20.901723
21.498503
22.102721
22.712154
23.259909
24.027029
24.510385
24.978639
25.430295
25.831247
26.306893
26.651973
27.797596
28.508707
29.187166
30.043492
30.941406
32.183946
34.850612
36.955873
39.144535
41.267347
43.995918
46.491020
48.776508
51.053243
53.232245
55.525397
57.812653
60.063175
62.428163
64.868571
67.691179
68.509705
69.214558
69.856780
70.798458
71.814014
73.187800
74.158730
75.049841
75.936825
76.777778
77.725397
78.636735
79.439773
80.466667
81.372608
82.342086
83.248027
84.099138
85.045714
86.003900
86.836077
87.644218
88.576531
89.528435
90.509388
91.235510
92.134694
93.019048
93.877007
94.663537
95.426531
96.114014
96.950703
97.662857
98.422721
99.184717
100.052290
100.836417
101.701905
102.440635
103.320000
103.997551
104.792653
105.857687
106.700272
108.274286
109.026667
110.153878
111.345034
113.269388
114.971837
121.486122
127.653878
127.940408
128.491429
129.043673
129.662857
130.198367
130.874694
131.440839
132.499592
134.917551
137.603265
138.305714
138.771111
139.321587
140.099456
142.386531
144.518050
146.577052
148.793061
150.905805
152.949524
154.824354
156.931156
158.986984
160.915238
162.872653
164.769388
166.919138
168.745034
170.930794
171.615556
172.281905
173.106667
174.234603
175.556190
176.409796
177.273878
178.182041
179.013469
179.811429
180.735510
181.537143
182.553878
183.377959
184.307755
185.248844
186.107755
187.003265
187.865533
188.784898
189.571429
190.533333
191.256054
192.170068
192.944082
193.785442
194.753878
195.519048
196.346122
197.132245
197.965215
198.690884
199.513016
200.345533
201.117098
201.888209
202.637551
203.395918
204.229660
204.962449
205.662585
206.272245
206.922313
207.663810
208.281224
209.012245
209.680317
210.376327
211.133878
211.652517
212.434014
213.114649
213.867732
214.598435
215.319841
216.073288
216.899660
217.506349
218.266395
218.952018
219.600000
220.427347
221.165306
221.768254
222.499410
223.225034
223.875510
224.679501
225.365760
225.985896
226.734739
227.461043
228.105986
228.936417
230.730530
232.226901
233.944354
235.926984
237.614286
239.523719
241.193878
241.928345
242.524943
243.239415
244.325510
246.371429
248.090794
250.165442
251.975510
253.912381
256.077143
259.084127
264.096735
