0.355102
1.104898
1.795102
2.541224
3.109932
3.722449
4.373878
4.877143
5.779773
6.539864
7.274830
8.028027
8.429841
9.034649
9.659456
10.323946
10.981497
11.727710
12.465805
13.111746
13.740000
14.364218
14.977098
15.702585
16.239138
16.939184
17.580680
18.258367
18.876735
19.613061
20.302449
20.987166
21.635510
22.327619
22.851156
23.525986
24.186939
24.843855
25.468844
26.130204
26.708254
27.346803
28.014694
28.637143
29.243265
29.915510
30.583764
31.171338
31.809841
32.433016
33.100952
33.769864
34.441134
35.064354
35.713061
36.398050
37.040000
37.700000
38.318005
39.009116
39.740136
40.411202
41.178413
41.680000
42.356871
43.067982
43.795420
44.422902
45.113878
45.804422
46.400000
47.048889
47.640000
48.364853
49.040000
49.691247
50.300000
51.065714
51.729025
52.406032
53.091565
53.707347
54.382449
54.952789
55.602766
56.278095
56.955737
57.364218
58.028707
58.749252
59.295102
60.107937
60.745896
61.815918
64.642540
65.493016
66.100317
66.708254
67.487619
68.326349
68.932381
69.707755
70.394603
71.124082
71.867347
72.606803
73.357551
74.189116
75.059864
75.895782
76.871837
77.764354
78.602857
79.342177
80.104898
80.868707
81.614150
82.397007
83.126122
83.769660
84.480000
85.110068
85.831156
86.538367
87.262857
88.076327
89.414830
90.157143
90.873333
91.682540
92.397415
93.012381
93.761224
94.547483
95.420000
95.841905
96.562041
97.238776
97.940000
98.461769
99.098367
99.745986
100.519048
101.148730
101.848163
102.473878
103.177415
103.777143
104.346122
104.953878
105.528118
106.172789
106.816327
107.486803
108.126803
108.836463
109.440000
109.953197
110.749932
111.240000
112.006939
112.764490
113.522041
114.259592
114.940000
115.545510
116.840000
117.506667
118.045850
118.182449
118.654694
119.364354
120.043129
120.694966
121.363265
122.037687
122.605578
123.233469
123.917007
124.547483
125.200000
125.809388
126.418095
127.001633
127.698231
128.390476
129.034830
129.649660
130.307075
130.921587
131.595918
132.241224
132.913469
133.603220
134.306803
135.052562
135.855238
136.394512
137.032880
137.729206
138.368662
139.108798
139.770703
140.480000
141.072834
141.714739
142.359365
143.058413
143.677188
144.333605
145.055601
145.546531
146.487710
147.118912
147.730113
148.408571
148.990658
149.654603
150.254830
150.875147
151.535465
152.173923
152.866893
153.541723
154.230159
154.734830
155.373197
156.136780
156.860317
157.319864
159.940771
161.381678
162.368526
164.327937
166.423719
167.541179
168.763946
170.090340
171.459637
172.618776
173.638095
174.623084
175.487982
176.403855
177.354240
178.379048
179.269342
180.320000
181.320000
182.439229
184.323810
185.544989
186.580862
187.676735
188.732517
189.866531
191.503265
192.756553
194.105805
195.116689
196.038322
197.052336
198.047937
199.072834
199.984127
200.724308
201.811746
202.756644
203.847664
204.818050
205.822313
206.870113
207.966621
208.950567
209.961224
210.907800
211.943991
212.880499
213.822812
214.915420
215.992245
217.229388
219.152154
220.390567
221.514603
223.127120
225.123628
226.209161
227.510159
229.109116
230.253016
231.399819
232.415329
233.321542
234.246757
235.212290
236.156236
237.161769
238.201497
239.296372
240.454739
241.611429
243.406485
244.459048
245.634921
246.645714
247.833016
248.894603
250.424444
252.110794
253.466984
254.517778
255.412063
256.389206
257.356190
258.398095
259.284127
260.037460
261.156508
261.921587
263.078413
264.070159
265.106984
266.153333
267.294921
268.265079
269.214603
270.231111
271.241905
272.233333
273.170159
274.277823
275.313583
276.436735
278.151565
279.383673
280.932109
282.051746
283.490340
284.633333
285.820408
286.955601
288.365986
289.649615
290.676463
292.023900
292.980091
293.930159
294.943129
295.816100
296.740998
297.574603
298.380499
299.287347
300.215147
301.257460
303.063537
304.649705
305.709116
306.975601
308.063084
309.428617
310.721270
312.054875
313.080771
314.318912
315.323175
316.601270
317.525215
318.526576
319.493107
320.368980
321.144853
322.060408
322.842086
323.777007
324.655782
325.765170
327.240998
328.560408
329.575556
331.028299
332.246531
333.390204
334.628980
335.741633
336.990884
338.381769
339.422313
340.823129
341.811020
343.034150
344.085034
345.267211
346.246803
347.423810
348.620816
349.807347
350.765986
351.709796
352.559048
353.309524
354.107211
354.709206
355.140952
355.852381
356.561587
357.265079
357.868254
358.501587
359.097460
359.496190
360.197143
360.872698
361.540000
362.167302
362.826032
363.485578
363.997823
364.658776
365.314966
365.931565
366.509932
367.150884
367.848435
368.473741
369.074286
369.717415
370.329252
370.965442
371.750476
372.267211
373.029660
373.765442
374.340000
374.946122
375.584490
376.225442
376.935238
377.450204
378.238231
378.912608
379.611156
380.362177
381.015374
381.734694
382.345714
382.882721
383.512789
384.154150
384.850748
385.506122
386.128707
386.798776
387.371429
388.057143
388.690612
389.353333
389.983810
390.649932
391.326939
391.957415
392.619184
393.267891
393.814014
394.493628
395.117143
395.778912
396.449388
397.115102
397.778639
398.362585
399.026122
399.693197
400.411156
401.131701
401.760000
402.379864
403.115646
403.820136
404.474558
405.060000
405.744354
406.516281
407.052517
407.796599
408.375782
409.133333
409.890476
410.439864
411.240952
411.974830
412.685034
413.380136
413.967755
414.562993
415.233469
415.826122
416.500000
417.093605
417.521088
418.206803
418.888163
419.549116
420.220000
420.838912
421.492925
422.277959
423.008435
423.340000
423.968707
