0.615102
1.524898
2.155102
2.860000
3.309932
3.922449
4.473878
5.277143
6.059773
6.939864
7.614830
8.060000
8.380000
8.694649
9.359456
9.723946
10.561497
11.207710
11.885805
12.371746
13.070703
13.604218
14.197098
14.882585
15.459138
15.980000
16.600680
17.158367
17.776735
18.373061
18.922449
19.587166
20.155510
20.420000
21.031156
21.705986
22.320000
22.743855
23.408844
23.970204
24.548254
25.026803
25.654694
26.217143
26.743265
27.335510
27.980000
28.291338
28.949841
29.453016
30.100952
30.749864
31.301134
31.724354
32.373061
32.960000
33.603039
34.126893
34.738005
35.389116
35.960136
36.491202
37.198413
37.695011
38.376871
38.907982
39.495420
39.980000
40.593878
41.160000
41.721497
42.328889
42.860000
43.504853
44.005805
44.611247
45.220000
45.845714
46.460000
47.086032
47.640000
48.107347
48.782449
49.352789
49.882766
50.518095
51.055737
51.644218
52.388707
52.860000
53.415102
54.107937
54.665896
55.635918
58.162540
58.933016
59.540317
60.308254
61.327619
61.586349
62.192381
62.867755
63.600000
64.204082
64.767347
65.446803
65.977551
66.809116
67.539864
68.275782
69.331837
70.284354
71.102857
71.862177
72.444898
73.148707
73.780000
74.417007
75.126122
75.749660
76.415102
77.090068
77.691156
78.358367
79.042857
79.916327
81.154830
81.897143
82.453333
83.142540
83.897415
84.492381
85.241224
85.867483
86.763243
87.381905
87.882041
88.458776
89.290340
89.801769
90.458367
91.105986
91.819048
92.368730
93.080000
93.673878
94.517415
94.997143
95.526122
96.073878
96.628118
97.212789
97.816327
98.440000
98.926803
99.476463
99.986122
100.673197
101.329932
101.917959
102.546939
103.044490
103.760000
104.179592
104.907755
105.240000
106.260000
106.726667
107.225850
107.762449
108.234694
108.844354
109.263129
109.974966
110.523265
111.137687
111.605578
112.213469
112.717007
113.367483
113.900000
114.449388
114.978095
115.481633
116.138231
116.670476
117.214830
117.740000
118.327075
118.861587
119.495918
120.101224
120.513469
121.243220
121.926803
122.480000
123.235238
123.620000
124.272880
124.849206
125.448662
125.900000
126.510703
127.190839
127.612834
128.234739
128.819365
129.458413
130.017188
130.533605
131.195601
131.866531
132.580000
133.058912
133.600000
134.188571
134.750658
135.334603
135.920000
136.475147
137.040000
137.613923
138.186893
138.761723
139.350159
139.894830
140.493197
141.096780
141.720317
142.219864
145.980771
147.081678
147.848526
148.907937
149.803719
150.741179
151.723946
152.540000
153.599637
154.578776
155.498095
156.343084
157.267982
158.043855
158.954240
159.859048
160.729342
161.590522
162.522132
163.459229
164.943810
165.680000
166.540862
167.376735
168.352517
168.846531
170.263265
171.220000
172.445805
173.376689
174.178322
175.092336
175.907937
176.912834
177.744127
178.544308
179.491746
180.356644
181.107664
182.058050
182.862313
183.710113
184.606621
185.540000
186.301224
187.107800
187.903991
188.840499
189.782812
190.715420
191.672245
192.729388
194.352154
195.310567
196.326757
197.287120
198.180000
199.129161
200.270159
201.549116
202.400000
202.919819
203.855329
204.621542
205.466757
206.332290
207.156236
208.081769
208.961497
209.796372
210.794739
211.891429
213.300000
214.100000
215.094921
215.880000
216.760000
217.734603
218.560000
219.730794
220.946984
221.937778
222.732063
223.629206
224.496190
225.478095
226.344127
227.237460
228.156508
228.821587
229.718413
230.770159
231.526984
232.373333
233.254921
234.105079
235.034603
235.900000
236.701905
237.673333
238.620000
239.577823
240.653583
241.376735
243.011565
244.243673
245.332109
246.340000
247.170340
247.760000
248.520408
249.295601
250.305986
250.969615
251.856463
252.903900
253.780091
254.520000
255.423129
256.316100
257.220998
258.114603
258.920499
260.067347
260.875147
261.697460
262.903537
263.980000
264.649116
265.495601
266.480000
267.308617
268.141270
268.994875
269.860771
270.558912
271.403175
272.441270
273.185215
274.120000
274.953107
275.888980
276.744853
277.620408
278.462086
279.497007
280.255782
281.165170
282.440998
283.400408
284.215556
285.048299
285.968844
286.650204
287.628980
288.441633
289.330884
290.243537
290.942313
291.775782
292.580000
293.434150
294.245034
295.007211
295.866803
296.703810
297.520816
298.347347
299.160000
299.949796
300.699048
301.409524
302.067211
302.629206
303.360952
304.092381
304.481587
305.145079
305.668254
306.301587
306.837460
307.420000
307.980000
308.472698
309.180000
309.840000
310.360000
311.005578
311.477823
312.118776
312.674966
313.280000
313.809932
314.410884
315.000000
315.633741
316.174286
316.757415
317.309252
317.905442
318.580000
319.047211
319.749660
320.365442
321.000000
321.426122
322.024490
322.585442
323.335238
324.030204
324.498231
325.180000
325.751156
326.342177
326.875374
327.634694
328.205714
328.800000
329.212789
329.894150
330.440000
331.006122
331.548707
332.138776
332.720000
333.257143
333.870612
334.393333
335.023810
335.509932
336.140000
336.617415
337.279184
337.807891
338.354014
338.920000
339.297143
339.998912
340.669388
341.315102
341.818639
342.422585
343.026122
343.593197
344.200000
344.860000
345.307891
345.999864
346.595646
347.220136
347.714558
348.320000
348.920000
349.460000
350.032517
350.696599
351.135782
351.893333
352.770476
353.079864
353.840000
354.714830
355.565034
356.080136
356.300000
356.702993
357.200000
357.686122
358.240000
358.813605
359.400000
359.960000
360.528163
361.100000
361.583129
362.280000
362.872925
363.497959
364.208435
364.875782
365.508707
