0.395102
1.024898
1.675102
2.221224
2.989932
3.642449
4.253878
5.057143
5.639773
6.299864
7.014830
7.728027
8.309841
9.034649
9.619456
10.283946
11.001497
11.787710
12.585805
13.191746
13.930703
14.664218
15.337098
16.080000
16.639138
17.280000
17.880680
18.658367
19.376735
20.073061
20.782449
21.487166
22.155510
22.787619
23.471156
23.985986
24.686939
25.343855
26.028844
26.710204
27.348254
27.946803
28.634694
29.297143
29.943265
30.615510
31.303764
31.931338
32.589841
33.273016
33.940952
34.589864
35.261134
35.924354
36.573061
37.318050
37.883039
38.506893
39.178005
39.789116
40.600136
41.171202
41.998413
42.535011
43.256871
43.907982
44.595420
45.222902
45.960000
46.624422
47.321497
47.988889
48.700000
49.404853
50.125805
50.691247
51.449524
52.185714
52.900000
53.586032
54.191565
54.847347
55.562449
56.172789
56.802766
57.498095
58.215737
58.904218
59.668707
60.269252
60.835102
61.547937
62.225896
63.335918
65.482540
66.173016
66.940317
67.748254
68.480000
69.186349
69.840000
70.647755
71.414603
72.064082
72.840000
73.646803
74.277551
75.109116
75.879864
76.655782
77.340000
78.104354
78.902857
79.582177
80.204898
81.028707
81.634150
82.340000
83.186122
83.869660
84.555102
85.140000
85.791156
86.398367
87.102857
87.796327
88.894830
89.637143
90.353333
91.062540
91.797415
92.452381
93.161224
93.927483
94.740000
95.281905
95.862041
96.578776
97.230340
97.881769
98.478367
99.125986
99.939048
100.560000
101.308163
101.833878
102.637415
103.157143
103.686122
104.273878
104.808118
105.432789
106.076327
106.606803
107.246803
107.956463
108.580000
109.253197
109.969932
110.677959
111.426939
111.944490
112.622041
113.259592
113.907755
114.040000
115.166531
115.886667
116.525850
117.162449
117.774694
118.484354
119.083129
119.794966
120.463265
121.157687
121.825578
122.413469
123.057007
123.727483
124.311020
125.029388
125.658095
126.341633
127.038231
127.650476
128.294830
128.869660
129.527075
130.161587
130.840000
131.481224
132.173469
132.783220
133.426803
134.000000
134.755238
135.434512
136.072880
136.809206
137.428662
138.048798
138.730703
139.470839
140.072834
140.754739
141.419365
142.058413
142.597188
143.373605
144.135601
144.866531
145.500000
146.018912
146.650113
147.268571
147.870658
148.514603
149.134830
149.795147
150.435465
151.053923
151.686893
152.321723
152.970159
153.634830
154.333197
155.076780
155.920317
156.839864
159.480771
160.361678
161.268526
162.327937
162.723719
163.701179
164.883946
165.830340
166.979637
167.918776
168.938095
169.763084
170.747982
171.600000
172.574240
173.599048
174.569342
175.510522
176.422132
177.619229
178.523810
179.604989
180.360862
181.256735
182.292517
183.166531
184.380000
185.256553
186.145805
187.096689
187.918322
188.752336
189.887937
190.892834
191.684127
192.644308
193.631746
194.576644
195.520000
196.518050
197.322313
198.330113
199.246621
200.150567
201.060000
201.927800
202.903991
203.780499
204.682812
205.735420
206.512245
207.449388
208.492154
209.550567
210.306757
211.407120
211.740000
212.209161
213.370159
214.949116
216.113016
216.959819
217.995329
218.801542
219.726757
220.652290
221.556236
222.501769
223.461497
224.416372
225.420000
226.371429
227.386485
228.379048
229.194921
229.865714
230.813016
231.874603
233.104444
234.030794
234.946984
235.917778
236.740000
237.669206
238.596190
239.558095
240.384127
241.257460
242.356508
243.201587
244.158413
245.110159
246.026984
246.953333
247.874921
248.805079
249.660000
250.651111
251.581905
252.613333
253.480000
254.417823
255.513583
256.616735
257.411565
258.463673
259.192109
260.311746
261.010340
262.093333
263.040408
263.835601
264.725986
265.389615
266.316463
267.183900
268.040000
268.750159
269.600000
270.420000
271.200998
272.094603
272.840499
273.647347
274.535147
275.360000
276.223537
277.369705
278.309116
279.295601
280.163084
280.768617
281.661270
282.514875
283.340771
284.138912
284.943175
285.820000
286.605215
287.580000
288.213107
289.100000
289.844853
290.700408
291.502086
292.277007
293.115782
293.965170
294.900000
295.760408
296.595556
297.488299
298.348844
299.190204
299.988980
300.821633
301.650884
302.541769
303.260000
304.115782
304.871020
305.734150
306.545034
307.307211
308.086803
308.863810
309.660816
310.447347
311.260000
311.969796
312.739048
313.409524
314.087211
314.649206
315.200000
315.852381
316.601587
317.285079
317.868254
318.501587
319.057460
319.776190
320.397143
321.012698
321.700000
322.327302
322.986032
323.645578
324.280000
324.878776
325.494966
326.191565
326.829932
327.550884
328.168435
328.813741
329.500000
330.117415
330.729252
331.405442
332.170476
332.867211
333.669660
334.405442
335.056871
335.726122
336.404490
337.045442
337.755238
338.200000
338.858231
339.612608
340.411156
341.162177
341.875374
342.494694
343.085714
343.722721
344.412789
344.974150
345.630748
346.246122
346.868707
347.598776
348.291429
348.977143
349.690612
350.293333
350.963810
351.609932
352.286939
352.957415
353.619184
354.227891
354.894014
355.573628
356.177143
356.838912
357.509388
358.195102
358.878639
359.402585
360.086122
360.700000
361.391156
362.011701
362.627891
363.360000
364.055646
364.720136
365.374558
365.977279
366.680000
367.380000
368.052517
368.816599
369.435782
370.193333
370.870476
371.499864
372.240000
373.034830
373.660000
374.240136
374.847755
375.462993
376.133469
376.746122
377.405306
378.033605
378.741088
379.326803
379.928163
380.609116
381.263129
381.898912
382.612925
383.377959
384.348435
385.235782
386.108707
