0.480000
1.204898
1.775102
2.360000
2.969932
3.642449
4.173878
4.977143
5.579773
6.220000
6.954830
7.708027
8.109841
8.814649
9.479456
10.080000
10.701497
11.427710
12.100000
12.571746
13.310703
14.044218
14.697098
15.402585
15.999138
16.480000
17.020680
17.738367
18.456735
19.160000
19.842449
20.527166
21.115510
21.667619
22.291156
22.905986
23.606939
24.183855
24.828844
25.470204
26.140000
26.646803
27.354694
27.917143
28.583265
29.235510
29.923764
30.451338
31.109841
31.693016
32.360952
32.969864
33.640000
34.164354
34.813061
35.458050
36.023039
36.646893
37.238005
37.849116
38.520136
39.131202
39.858413
40.415011
41.056871
41.767982
42.380000
42.982902
43.673878
44.240000
44.881497
45.528889
46.080000
46.724853
47.365805
47.931247
48.489524
49.245714
49.769025
50.446032
51.091565
51.667347
52.302449
52.932789
53.582766
54.118095
54.815737
55.404218
56.048707
56.649252
57.255102
57.887937
58.685896
59.975918
63.902540
64.833016
65.540317
66.308254
67.107619
67.746349
68.372381
69.107755
69.994603
70.624082
71.220000
72.026803
72.817551
73.469116
74.199864
74.995782
75.971837
76.864354
77.640000
78.362177
79.044898
79.788707
80.454150
81.197007
81.986122
82.709660
83.435102
84.130068
84.831156
85.518367
86.202857
86.916327
88.134830
88.877143
89.593333
90.400000
91.157415
91.932381
92.681224
93.447483
94.283243
94.881905
95.522041
96.298776
97.030340
97.481769
98.118367
98.925986
99.699048
100.428730
101.108163
101.860000
102.777415
103.377143
104.006122
104.533878
105.108118
105.652789
106.296327
106.880000
107.466803
108.176463
108.826122
109.553197
110.369932
111.157959
111.506939
112.120000
112.522041
113.219592
114.067755
114.260000
114.926531
115.666667
116.265850
116.902449
117.594694
118.504354
118.983129
119.714966
120.323265
120.977687
121.505578
122.193469
122.817007
123.480000
124.051020
124.669388
125.078095
125.861633
126.498231
127.110476
127.654830
128.309660
128.887075
129.461587
130.075918
130.721224
131.393469
131.920000
132.586803
133.212562
133.955238
134.514512
135.152880
135.789206
136.348662
137.000000
137.610703
138.230839
138.832834
139.494739
140.139365
140.738413
141.237188
141.933605
142.635601
143.346531
143.940000
144.518912
145.110113
145.748571
146.350658
146.894603
147.574830
148.220000
148.740000
149.353923
150.026893
150.641723
151.230159
151.834830
152.513197
153.156780
153.880317
154.799864
157.760771
158.741678
159.728526
160.587937
161.463719
162.581179
163.620000
164.570340
165.620000
166.658776
167.578095
168.463084
169.387982
170.263855
171.114240
172.139048
172.969342
173.890522
174.802132
175.539229
176.603810
177.540000
178.440862
179.296735
180.040000
180.960000
182.023265
183.376553
184.225805
185.056689
185.938322
186.720000
187.707937
188.752834
189.524127
190.444308
191.511746
192.440000
193.327664
194.238050
195.142313
196.030113
196.926621
197.770567
198.681224
199.467800
200.503991
201.300499
202.202812
203.060000
203.912245
204.809388
205.892154
206.810567
207.580000
208.467120
209.363628
210.449161
211.610159
212.869116
213.613016
214.639819
215.515329
216.441542
217.366757
218.292290
219.176236
220.121769
221.021497
222.036372
222.954739
223.731429
224.660000
225.419048
226.420000
227.025714
228.033016
228.874603
230.144444
231.510794
232.626984
233.277778
234.112063
234.929206
235.896190
236.938095
237.764127
238.697460
239.736508
240.661587
241.498413
242.470159
243.380000
244.293333
245.294921
246.180000
246.874603
247.740000
248.721905
249.573333
250.500000
251.397823
252.173583
253.016735
254.291565
255.183673
256.172109
257.180000
257.870340
258.953333
259.900408
260.715601
261.645986
262.500000
263.296463
264.463900
265.240091
266.070159
266.923129
267.720000
268.560000
269.394603
270.140499
270.947347
271.735147
272.577460
273.483537
274.500000
275.229116
276.175601
277.103084
278.048617
279.001270
279.874875
280.640771
281.518912
282.343175
283.381270
284.185215
285.126576
285.833107
286.768980
287.544853
288.360408
289.062086
289.937007
290.660000
291.585170
292.400000
293.280408
294.055556
294.908299
295.760000
296.590204
297.468980
298.281633
299.210884
300.081769
300.922313
301.815782
302.551020
303.514150
304.345034
305.167211
305.966803
306.763810
307.580816
308.387347
309.225986
310.049796
310.819048
311.489524
312.247211
312.869206
313.560952
314.272381
314.881587
315.365079
316.008254
316.661587
317.157460
317.876190
318.577143
319.120000
319.620000
320.327302
320.960000
321.625578
322.157823
322.758776
323.434966
324.071565
324.609932
325.260000
325.940000
326.513741
327.060000
327.737415
328.269252
328.965442
329.690476
330.347211
331.029660
331.705442
332.356871
332.866122
333.504490
334.125442
334.895238
335.470204
336.138231
336.692608
337.451156
338.062177
338.795374
339.320000
340.025714
340.562721
341.152789
341.794150
342.390748
343.066122
343.668707
344.358776
344.971429
345.637143
346.220000
346.873333
347.523810
348.149932
348.826939
349.337415
349.979184
350.607891
351.154014
351.773628
352.417143
353.058912
353.669388
354.275102
354.898639
355.422585
356.106122
356.693197
357.331156
357.960000
358.567891
359.260000
359.935646
360.560136
361.254558
361.737279
362.344354
362.976281
363.632517
364.256599
364.795782
365.473333
366.110476
366.640000
367.260000
367.994830
368.580000
368.900136
369.567755
370.222993
370.853469
371.526122
372.245306
373.013605
373.721088
374.326803
374.788163
375.349116
375.923129
376.538912
377.232925
377.797959
378.548435
379.375782
380.248707
