0.420000
1.184898
1.875102
2.581224
3.289932
4.022449
4.753878
5.557143
6.199773
6.959864
7.714830
8.468027
9.089841
9.854649
10.579456
11.303946
12.021497
12.807710
13.565805
14.331746
15.020000
15.724218
16.457098
17.242585
17.919138
18.579184
19.300680
20.058367
20.756735
21.513061
22.242449
22.967166
23.695510
24.367619
25.091156
25.785986
26.486939
27.243855
27.948844
28.650204
29.348254
29.986803
30.714694
31.397143
32.123265
32.795510
33.503764
34.131338
34.809841
35.493016
36.160952
36.889864
37.561134
38.224354
38.873061
39.618050
40.263039
41.006893
41.658005
42.369116
43.140272
43.851202
44.678413
45.355011
46.136871
46.887982
47.595420
48.282902
49.033878
49.704422
50.381497
51.148889
51.860000
52.664853
53.385805
54.191247
55.009524
55.985714
57.069025
57.806032
58.531565
59.247347
60.002449
60.672789
61.362766
62.138095
62.855737
63.584218
64.328707
65.069252
65.695102
66.527937
67.285896
68.155918
70.402540
71.233016
71.980317
72.748254
73.687619
74.506349
75.052381
75.867755
76.574603
77.364082
78.027347
78.826803
79.617551
80.360000
81.099864
81.855782
82.671837
83.504354
84.302857
85.102177
85.880000
86.668707
87.474150
88.277007
89.166122
89.869660
90.675102
91.450068
92.191156
93.018367
93.842857
94.756327
96.214830
96.957143
97.673333
98.402540
99.217415
99.912381
100.661224
101.367483
102.163243
102.861905
103.602041
104.378776
105.210340
105.900000
106.378367
107.145986
108.079048
108.928730
109.768163
110.553878
111.477415
112.077143
112.686122
113.373878
114.008118
114.672789
115.356327
116.053605
116.726803
117.436463
118.066122
118.513197
119.289932
120.077959
120.866939
121.544490
122.302041
123.079592
123.727755
123.840000
125.166531
125.926667
126.605850
127.302449
127.974694
128.664354
129.340000
130.034966
130.703265
131.417687
132.045578
132.733469
133.437007
134.107483
134.771020
135.449388
136.078095
136.761633
137.458231
138.150476
138.794830
139.469660
140.127075
140.801587
141.515918
142.161224
142.853469
143.583220
144.326803
145.072562
145.835238
146.474512
147.192880
147.929206
148.648662
149.288798
150.050703
150.770839
151.412834
152.174739
152.899365
153.698413
154.457188
155.233605
156.075601
156.986531
158.107710
158.818912
159.530113
160.228571
160.910658
161.654603
162.374830
163.035147
163.715465
164.453923
165.126893
165.801723
166.490159
167.214830
167.873197
168.676780
169.540317
170.379864
173.340771
174.641678
175.688526
176.827937
178.083719
179.201179
180.403946
181.590340
183.299637
184.078776
185.178095
186.183084
187.227982
188.363855
189.454240
190.599048
191.749342
192.830522
193.822132
194.779229
196.363810
197.524989
198.540862
199.556735
200.612517
201.626531
203.063265
204.936553
205.680000
206.276689
207.218322
208.212336
209.307937
210.352834
211.264127
212.260000
213.291746
214.356644
215.387664
216.458050
217.482313
218.530113
219.626621
220.610567
221.801224
222.847800
223.883991
225.000499
226.002812
227.235420
228.312245
229.469388
231.052154
232.230567
233.426757
234.547120
235.743628
236.869161
238.030159
239.549116
240.693016
241.839819
243.015329
243.961542
245.046757
246.192290
247.316236
248.461769
249.600000
250.696372
251.894739
252.891429
254.446485
255.419048
256.534921
257.845714
258.953016
260.014603
261.264444
263.070794
264.320000
264.817778
265.752063
266.809206
267.856190
268.958095
269.944127
270.977460
272.036508
273.021587
274.118413
275.190159
276.266984
277.333333
278.394921
279.365079
280.554603
281.651111
282.741905
283.813333
284.930159
286.077823
287.173583
288.256735
289.811565
290.963673
292.052109
293.171746
294.270340
295.393333
296.440408
297.435601
298.525986
299.489615
300.496463
301.703900
302.780091
303.790159
304.823129
305.856100
306.880998
307.934603
308.880499
309.867347
310.895147
311.937460
313.323537
314.449705
315.469116
316.460000
317.383084
318.488617
319.761270
320.864626
321.880771
322.898912
323.903175
325.021270
325.985215
327.246576
328.293107
329.348980
330.364853
331.360408
332.302086
333.397007
334.375782
335.445170
336.560998
337.600408
338.615556
339.608299
340.648844
341.610204
342.568980
343.541633
344.470884
345.440000
346.342313
347.275782
348.151020
349.154150
350.085034
350.980000
351.886803
352.863810
353.800816
354.727347
355.625986
356.509796
357.399048
358.229524
359.067211
359.729206
360.480952
361.112381
361.781587
362.445079
363.068254
363.761587
364.377460
365.076190
365.777143
366.452698
367.160000
367.807302
368.526032
369.205578
369.857823
370.558776
371.274966
371.931565
372.549932
373.250884
373.968435
374.653741
375.354286
376.017415
376.729252
377.445442
378.190476
378.907211
379.729660
380.465442
381.056871
381.786122
382.504490
383.225442
383.955238
384.730204
385.518231
386.220000
386.751156
387.542177
388.255374
389.014694
389.725714
390.362721
390.992789
391.674150
392.370748
393.066122
393.688707
394.398776
395.091429
395.777143
396.450612
397.173333
397.863810
398.529932
399.226939
400.037415
400.699184
401.247891
401.914014
402.593628
403.257143
403.978912
404.649388
405.335102
406.018639
406.642585
407.326122
408.033197
408.771156
409.520000
410.187891
410.999864
411.735646
412.500136
413.194558
413.877279
414.564354
415.316281
415.992517
416.796599
417.435782
418.213333
418.990476
419.819864
420.660952
421.594830
422.585034
423.300136
423.967755
424.742993
425.433469
426.106122
426.845306
427.533605
428.261088
428.966803
429.628163
430.329116
431.023129
431.698912
432.392925
433.177959
434.048435
434.915782
435.788707
