0.500000
1.044898
1.655102
2.401224
2.969932
3.640000
4.313878
5.097143
5.719773
6.459864
7.134830
7.860000
8.429841
9.114649
9.779456
10.383946
11.141497
11.807710
12.545805
13.231746
13.970703
14.484218
15.157098
15.882585
16.499138
17.279184
17.780000
18.458367
18.996735
19.733061
20.462449
21.167166
21.835510
22.507619
23.171156
23.765986
24.466939
25.183855
25.828844
26.410204
27.088254
27.726803
28.414694
28.957143
29.623265
30.255510
30.943764
31.491338
32.109841
32.733016
33.400952
34.069864
34.741134
35.300000
35.933061
36.618050
37.303039
37.806893
38.478005
39.000000
39.740136
40.251202
41.078413
41.695011
42.376871
43.027982
43.675420
44.282902
45.053878
45.680000
46.320000
47.020000
47.600000
48.324853
49.040000
49.631247
50.320000
51.065714
51.709025
52.406032
52.991565
53.607347
54.302449
54.872789
55.542766
56.158095
56.795737
57.444218
58.068707
58.709252
59.355102
60.067937
60.865896
61.975918
64.000000
64.733016
65.480317
66.128254
66.907619
67.766349
68.392381
69.087755
69.814603
70.604082
71.307347
72.106803
72.900000
73.469116
74.339864
75.095782
75.811837
76.504354
77.262857
77.982177
78.684898
79.448707
80.194150
80.877007
81.686122
82.349660
83.095102
83.810068
84.551156
85.238367
85.962857
86.756327
88.014830
88.757143
89.413333
90.182540
90.917415
91.552381
92.301224
93.067483
93.820000
94.361905
95.122041
95.918776
96.590340
97.300000
97.858367
98.645986
99.359048
100.068730
100.800000
101.353878
102.237415
102.837143
103.386122
103.973878
104.588118
105.132789
105.756327
106.406803
107.046803
107.756463
108.646122
109.293197
109.849932
110.517959
111.226939
111.924490
112.540000
113.219592
113.887755
114.705510
115.340000
115.926667
116.545850
117.182449
117.854694
118.444354
119.103129
119.714966
120.383265
121.017687
121.600000
122.253469
122.837007
123.507483
124.151020
124.769388
125.378095
125.941633
126.618231
127.230476
127.760000
128.389660
129.007075
129.641587
130.295918
130.901224
131.560000
132.160000
132.886803
133.412562
134.175238
134.700000
135.352880
136.069206
136.788662
137.428798
138.070703
138.770839
139.412834
140.094739
140.739365
141.438413
142.117188
142.813605
143.455601
144.186531
144.947710
145.578912
146.250113
146.928571
147.560000
148.194603
148.794830
149.455147
150.135465
150.813923
151.426893
151.901723
152.530159
153.214830
153.933197
154.636780
155.420317
156.339864
158.880771
159.841678
160.828526
161.827937
162.783719
163.461179
164.540000
165.310340
166.639637
167.398776
168.378095
169.183084
170.107982
171.083855
172.014240
172.999048
173.909342
174.970522
175.860000
176.579229
177.963810
179.064989
179.680862
180.616735
181.360000
182.100000
183.383265
184.736553
185.285805
186.156689
186.978322
187.852336
188.787937
189.712834
190.564127
191.524308
192.611746
193.536644
194.527664
195.358050
196.142313
197.070113
197.946621
198.770567
199.620000
200.427800
201.423991
202.160499
203.102812
204.015420
204.400000
204.600000
206.312154
207.530567
208.566757
209.627120
210.643628
211.560000
212.400000
213.429116
214.453016
215.239819
216.240000
217.140000
217.966757
218.952290
219.836236
220.841769
221.741497
222.796372
223.714739
224.511429
225.806485
226.719048
227.554921
228.560000
228.953016
229.914603
231.120000
232.510794
233.226984
234.017778
234.832063
235.749206
236.616190
237.578095
238.444127
239.417460
240.496508
241.340000
242.338413
243.170159
244.046984
244.993333
245.874921
246.705079
247.554603
248.371111
249.341905
250.353333
251.090159
252.077823
252.793583
253.456735
254.791565
256.023673
256.620000
257.351746
258.050340
259.033333
259.920408
260.675601
261.545986
262.329615
263.076463
264.103900
264.880091
265.890159
266.563129
267.336100
268.240998
269.074603
269.860499
270.687347
271.495147
272.357460
273.203537
274.309705
275.040000
275.795601
276.780000
277.288617
278.261270
279.094875
279.860771
280.758912
281.463175
282.421270
283.225215
284.046576
284.953107
285.800000
286.504853
287.400408
288.142086
289.040000
289.835782
290.680000
291.540998
292.400408
293.415556
294.048299
294.928844
295.690204
296.448980
297.340000
298.110884
298.981769
299.862313
300.655782
301.531020
302.354150
303.145034
304.007211
304.726803
305.523810
306.400816
307.167347
307.965986
308.649796
309.379048
309.969524
310.587211
311.229206
311.900952
312.632381
313.120000
313.765079
314.368254
315.021587
315.600000
316.136190
316.837143
317.512698
318.220000
318.887302
319.386032
320.065578
320.557823
321.258776
321.914966
322.491565
323.189932
323.810884
324.408435
325.080000
325.734286
326.357415
326.949252
327.545442
328.190476
328.927211
329.609660
330.125442
330.856871
331.566122
332.304490
333.005442
333.675238
334.450204
335.078231
335.792608
336.320000
337.042177
337.775374
338.494694
339.185714
339.862721
340.492789
341.174150
341.770748
342.366122
342.988707
343.678776
344.271429
344.957143
345.590612
346.313333
346.983810
347.509932
348.186939
348.717415
349.359184
349.947891
350.614014
351.293628
351.897143
352.558912
353.149388
353.835102
354.458639
354.982585
355.626122
356.273197
356.991156
357.551701
358.187891
358.919864
359.595646
360.300136
360.994558
361.537279
362.244354
362.976281
363.672517
364.396599
364.995782
365.653333
366.350476
366.919864
367.720952
368.634830
369.405034
369.940136
370.287755
370.942993
371.613469
372.286122
372.965306
373.753605
374.461088
375.106803
375.528163
376.049116
376.763129
377.498912
378.192925
378.897959
379.808435
380.615782
381.488707
