0.555102
1.704898
2.315102
2.901224
3.709932
4.442449
5.073878
5.837143
6.399773
7.219864
7.854830
8.608027
9.060000
9.794649
10.419456
11.023946
11.781497
12.507710
13.165805
13.931746
14.670703
15.384218
16.037098
16.782585
17.359138
18.140000
18.620000
19.378367
20.096735
20.713061
21.382449
22.067166
22.755510
23.387619
24.071156
24.745986
25.446939
26.083855
26.788844
27.470204
28.168254
28.806803
29.494694
30.177143
30.843265
31.515510
32.203764
32.811338
33.469841
34.093016
34.720952
35.469864
36.161134
36.824354
37.473061
38.158050
38.820000
39.486893
40.158005
40.829116
41.500136
42.191202
43.018413
43.615011
44.316871
44.987982
45.675420
46.302902
47.013878
47.664422
48.341497
49.048889
49.680000
50.404853
51.125805
51.871247
52.600000
53.305714
54.069025
54.746032
55.391565
56.007347
56.682449
57.412789
58.062766
58.718095
59.375737
60.044218
60.708707
61.369252
61.940000
62.727937
63.545896
64.735918
67.360000
68.073016
68.760317
69.468254
70.287619
71.006349
71.672381
72.447755
73.220000
73.844082
74.627347
75.366803
76.037551
76.749116
77.499864
78.195782
78.951837
79.704354
80.442857
81.162177
81.860000
82.548707
83.314150
84.037007
84.846122
85.549660
86.275102
86.950068
87.691156
88.398367
89.102857
89.836327
90.954830
91.697143
92.413333
93.242540
94.117415
94.852381
95.601224
96.227483
97.123243
97.881905
98.622041
99.338776
100.170340
100.921769
101.578367
102.385986
103.239048
103.988730
104.780000
105.473878
106.377415
106.977143
107.566122
108.193878
108.768118
109.432789
110.076327
110.706803
111.346803
112.056463
112.686122
113.333197
114.069932
114.777959
115.546939
116.304490
116.962041
117.659592
118.227755
118.620000
119.680000
120.386667
121.005850
121.662449
122.334694
123.024354
123.683129
124.394966
125.063265
125.720000
126.405578
127.093469
127.777007
128.487483
129.091020
129.749388
130.398095
131.081633
131.798231
132.490476
133.134830
133.729660
134.387075
135.041587
135.735918
136.421224
137.113469
137.760000
138.426803
139.092562
139.840000
140.474512
141.172880
141.869206
142.528662
143.188798
143.850703
144.570839
145.212834
145.854739
146.559365
147.280000
147.900000
148.633605
149.355601
150.146531
151.167710
151.818912
152.490113
153.108571
153.690658
154.254603
154.814830
155.460000
155.835465
156.473923
157.106893
157.721723
158.290159
159.034830
159.613197
160.316780
161.080317
161.999864
164.940771
165.901678
166.468526
167.527937
168.583719
169.701179
170.883946
171.620000
172.999637
173.678776
174.538095
175.383084
176.267982
177.103855
178.014240
178.979048
179.809342
180.740000
181.700000
182.639229
183.783810
184.764989
185.680862
186.636735
187.572517
188.566531
189.523265
190.856553
191.640000
192.516689
193.338322
194.272336
195.227937
196.132834
197.064127
197.984308
198.971746
199.876644
200.687664
201.678050
202.562313
203.410113
204.180000
205.060000
205.860000
206.747800
207.623991
208.480499
209.462812
210.315420
210.892245
211.889388
213.132154
214.010567
215.026757
216.120000
217.023628
217.700000
218.850159
219.929116
220.973016
221.739819
222.715329
223.461542
224.346757
225.272290
226.116236
226.981769
227.861497
228.740000
229.674739
230.691429
231.886485
232.739048
233.654921
234.605714
235.693016
236.514603
237.600000
238.670794
239.746984
240.517778
241.352063
242.269206
243.176190
244.078095
245.064127
245.977460
246.976508
247.841587
248.638413
249.710159
250.520000
251.393333
252.160000
253.065079
253.840000
254.731111
255.641905
256.433333
257.380000
258.240000
259.060000
259.796735
261.231565
262.183673
262.972109
263.951746
265.000000
265.873333
266.740408
267.595601
268.545986
269.329615
270.256463
271.243900
271.960000
272.890159
273.643129
274.536100
275.340998
276.254603
276.980499
277.807347
278.575147
279.397460
280.563537
281.649705
282.429116
283.215601
284.243084
285.060000
285.841270
286.714875
287.560771
288.398912
289.303175
290.241270
291.065215
292.000000
292.733107
293.620000
294.404853
295.280408
296.042086
296.877007
297.635782
298.465170
299.620998
300.540408
301.335556
302.268299
303.068844
303.730204
304.628980
305.480000
306.270884
307.081769
307.862313
308.655782
309.471020
310.314150
311.145034
311.847211
312.686803
313.523810
314.320816
315.127347
315.925986
316.709796
317.499048
318.249524
318.967211
319.689206
320.440952
321.212381
321.661587
322.365079
323.008254
323.681587
324.300000
324.956190
325.657143
326.332698
327.040000
327.667302
328.286032
328.965578
329.637823
330.240000
330.874966
331.531565
332.229932
332.810884
333.468435
334.153741
334.834286
335.477415
336.089252
336.725442
337.490476
337.987211
338.669660
339.405442
340.136871
340.786122
341.504490
342.065442
342.775238
343.550204
344.138231
344.780000
345.491156
346.202177
346.875374
347.574694
348.225714
348.902721
349.592789
350.274150
350.930748
351.586122
352.248707
352.938776
353.611429
354.317143
354.950612
355.673333
356.343810
357.009932
357.686939
358.337415
358.999184
359.567891
360.214014
360.973628
361.637143
362.298912
362.989388
363.675102
364.378639
365.002585
365.706122
366.413197
367.120000
367.791701
368.447891
369.140000
369.815646
370.520136
371.194558
371.797279
372.484354
373.136281
373.852517
374.576599
375.195782
375.893333
376.890476
377.239864
377.920000
378.740000
379.465034
380.060136
380.707755
381.322993
381.973469
382.686122
383.225306
383.853605
384.480000
385.086803
385.728163
386.320000
386.903129
387.598912
388.252925
388.937959
389.628435
390.555782
391.648707
