0.630612
1.924898
2.515102
3.021224
3.649932
4.482449
5.113878
5.937143
6.659773
7.579456
8.354830
8.880000
9.149841
9.874649
10.539456
11.103946
11.841497
12.627710
13.325805
13.820000
14.550703
15.244218
15.937098
16.622585
17.339138
17.739184
18.520680
19.278367
19.976735
20.713061
21.382449
22.007166
22.575510
23.247619
23.931156
24.385986
25.026939
25.623855
26.308844
26.930204
27.528254
28.166803
28.834694
29.497143
30.163265
30.775510
31.463764
31.991338
32.649841
33.273016
33.920952
34.589864
35.261134
35.824354
36.473061
37.158050
37.743039
38.406893
39.118005
39.629116
40.340136
41.071202
41.780000
42.335011
43.036871
43.687982
44.415420
44.982902
45.633878
46.320000
46.961497
47.648889
48.280000
49.004853
49.725805
50.531247
50.960000
51.725714
52.409025
53.066032
53.711565
54.307347
54.962449
55.632789
56.242766
56.858095
57.495737
58.164218
58.840000
59.469252
60.055102
60.787937
61.605896
62.715918
65.602540
66.293016
67.020317
67.728254
68.827619
69.100000
69.632381
70.307755
71.020000
71.664082
72.327347
73.046803
73.617551
74.449116
75.059864
75.775782
76.591837
77.364354
78.102857
78.802177
79.464898
80.208707
80.860000
81.617007
82.426122
83.089660
83.775102
84.490068
85.191156
85.878367
86.562857
87.320000
88.654830
89.317143
90.033333
90.722540
91.397415
92.112381
92.801224
93.467483
94.083243
94.781905
95.462041
96.080000
96.810340
97.461769
97.978367
98.745986
99.359048
100.048730
100.760000
101.413878
102.257415
102.857143
103.386122
103.953878
104.548118
105.112789
105.776327
106.446803
107.086803
107.796463
108.386122
109.113197
109.889932
110.557959
111.326939
111.824490
112.562041
113.259592
113.947755
114.645510
115.220000
115.826667
116.405850
117.022449
117.494694
118.184354
118.763129
119.454966
120.023265
120.717687
121.280000
121.933469
122.597007
123.260000
123.851020
124.480000
125.118095
125.781633
126.418231
127.090476
127.734830
128.289660
128.927075
129.561587
130.195918
130.901224
131.533469
132.243220
132.886803
133.520000
134.280000
134.814512
135.452880
136.129206
136.768662
137.448798
138.150703
138.770839
139.492834
140.114739
140.779365
141.478413
142.177188
142.753605
143.475601
144.046531
145.047710
145.498912
146.170113
146.848571
147.450658
148.254603
148.920000
149.555147
150.155465
150.693923
151.246893
151.861723
152.470159
153.214830
153.893197
154.696780
155.460317
156.299864
160.180771
161.401678
162.888526
163.987937
165.083719
166.321179
167.543946
168.790340
170.299637
171.738776
172.838095
173.883084
175.007982
176.043855
177.134240
178.319048
179.429342
180.510522
181.660000
182.559229
184.243810
185.364989
186.382585
187.536735
188.572517
189.586531
190.843265
191.996553
193.405805
194.476689
195.378322
196.412336
197.507937
198.572834
199.544127
200.564308
201.771746
202.836644
203.907664
204.958050
205.962313
207.070113
208.006621
209.050567
210.201224
211.147800
212.163991
213.180499
214.242812
215.335420
216.240000
217.269388
219.148617
220.510567
221.573787
222.747120
223.723628
224.809161
226.290159
228.229116
229.393016
230.559819
231.675329
232.641542
233.646757
234.712290
235.676236
236.781769
237.881497
238.936372
239.974739
241.171429
242.646485
243.699048
244.834921
245.845714
246.913016
247.954603
248.984444
250.330794
251.735873
252.977778
253.892063
254.969206
255.976190
257.058095
258.104127
259.097460
260.376508
261.381587
262.458413
263.530159
264.626984
265.673333
266.714921
267.685079
268.674603
269.691111
270.701905
271.713333
272.770159
273.917823
274.993583
275.856735
277.431565
278.583673
279.672109
280.791746
281.870340
282.953333
284.080408
285.015601
286.125986
287.089615
288.056463
289.123900
290.080091
291.090159
292.063129
293.076100
294.160998
295.254603
296.200499
297.247347
298.275147
299.337460
300.763537
301.929705
303.109116
304.255601
305.223084
306.308617
307.381270
308.454875
309.440771
310.418912
311.423175
312.541270
313.525215
314.566576
315.493107
316.508980
317.504853
318.560408
319.522086
320.597007
321.575782
322.665170
323.960998
325.000408
326.015556
326.948299
328.048844
329.090204
330.128980
331.161633
332.190884
333.161769
334.162313
335.115782
336.091020
337.094150
338.125034
339.147211
340.106803
341.143810
342.160816
343.127347
343.925986
344.729796
345.539048
346.229524
346.867211
347.589206
348.260000
348.952381
349.701587
350.185079
350.828254
351.481587
351.837460
352.556190
353.257143
353.932698
354.640000
355.307302
355.926032
356.605578
357.217823
357.918776
358.574966
359.311565
359.949932
360.650884
361.288435
361.993741
362.654286
363.357415
363.929252
364.645442
365.450476
366.087211
366.809660
367.425442
368.156871
368.806122
369.444490
370.065442
370.815238
371.560000
371.780000
372.492608
373.355782
374.262177
374.915374
375.674694
376.125714
376.802721
377.392789
378.054150
378.730748
379.366122
379.968707
380.658776
381.271429
381.957143
382.590612
383.273333
383.943810
384.529932
385.166939
385.817415
386.479184
387.007891
387.674014
388.353628
388.937143
389.598912
390.269388
390.935102
391.598639
392.182585
392.866122
393.493197
394.171156
394.800000
395.447891
396.080000
396.775646
397.500136
398.154558
398.660000
399.384354
400.136281
400.792517
401.516599
402.155782
402.873333
403.650476
404.119864
404.920952
405.580000
406.665034
407.360136
407.807755
408.382993
408.793469
409.466122
410.045306
410.673605
411.320000
411.800000
412.468163
413.089116
413.703129
414.438912
415.152925
415.917959
416.768435
417.515782
418.428707
