0.555102
1.324898
2.075102
2.881224
3.689932
4.442449
5.773878
6.397143
7.059773
7.839864
8.614830
9.368027
9.800000
10.254649
10.899456
11.420000
12.101497
12.867710
13.645805
14.431746
14.850703
15.504218
16.177098
16.642585
17.359138
18.080000
18.800000
19.480000
19.816735
20.533061
21.222449
21.867166
22.475510
23.067619
23.560000
24.125986
24.826939
25.423855
26.088844
26.710204
27.388254
27.966803
28.654694
29.337143
29.863265
30.495510
31.163764
31.771338
32.429841
33.073016
33.740952
34.409864
35.101134
35.724354
36.353061
36.998050
37.683039
38.386893
39.038005
39.729116
40.460136
41.071202
41.898413
42.575011
43.356871
44.027982
44.715420
45.322902
46.073878
46.704422
47.441497
48.188889
48.820000
49.504853
50.060000
50.560000
51.309524
52.185714
52.949025
53.686032
54.291565
54.867347
55.562449
56.272789
56.902766
57.558095
58.215737
58.804218
59.500000
60.109252
60.755102
61.447937
62.305896
63.435918
66.260000
66.973016
67.600317
68.448254
69.367619
69.586349
70.112381
70.687755
71.480000
72.004082
72.660000
73.346803
73.997551
74.729116
75.439864
76.135782
77.151837
78.044354
78.822857
79.542177
80.204898
80.868707
81.514150
82.197007
82.966122
83.529660
84.175102
84.810068
85.411156
86.058367
86.720000
87.416327
88.694830
89.437143
90.033333
90.700000
91.477415
92.152381
92.741224
93.347483
94.243243
94.561905
95.302041
95.918776
96.610340
97.241769
97.798367
98.485986
99.179048
99.748730
100.308163
100.993878
101.717415
102.317143
102.846122
103.433878
103.988118
104.592789
105.100000
105.606803
106.246803
106.976463
107.606122
108.113197
108.909932
109.617959
110.346939
111.004490
111.702041
112.299592
113.087755
114.025510
115.540000
116.000000
116.505850
117.042449
117.654694
118.364354
118.903129
119.554966
120.203265
120.840000
121.425578
122.093469
122.717007
123.340000
123.951020
124.669388
125.278095
125.861633
126.538231
127.230476
127.874830
128.449660
129.107075
129.781587
130.475918
131.181224
131.933469
132.520000
133.206803
133.952562
134.755238
135.394512
136.112880
136.749206
137.328662
138.068798
138.750703
139.370839
140.072834
140.814739
141.479365
142.218413
142.917188
143.573605
144.295601
145.066531
145.967710
146.338912
146.990113
147.628571
148.250658
148.874603
149.694830
150.335147
150.955465
151.573923
152.206893
152.641723
153.270159
153.974830
154.693197
155.316780
156.080317
156.999864
159.900771
161.101678
162.228526
163.567937
164.703719
165.821179
167.123946
168.310340
169.919637
171.098776
172.098095
173.043084
173.980000
174.903855
175.794240
176.879048
177.849342
178.920000
179.862132
180.900000
182.323810
183.464989
184.560862
185.596735
186.652517
187.726531
189.023265
190.376553
191.200000
192.056689
192.898322
193.812336
194.867937
195.872834
196.744127
197.724308
198.631746
199.676644
200.640000
201.638050
202.642313
203.690113
204.666621
205.690567
206.701224
207.647800
208.663991
209.720499
210.782812
211.855420
212.912245
214.009388
215.672154
218.150567
219.086757
220.267120
221.323628
222.369161
223.330159
224.909116
226.073016
227.219819
228.295329
229.161542
230.126757
231.132290
231.996236
233.081769
234.081497
235.236372
236.340000
237.371429
239.146485
240.299048
241.434921
242.785714
243.893016
244.954603
246.204444
247.730794
248.786984
249.717778
250.612063
251.709206
252.636190
253.718095
254.664127
255.677460
256.756508
257.680000
258.698413
259.730159
260.686984
261.753333
262.754921
263.765079
264.714603
265.711111
266.781905
267.773333
268.830159
269.957823
271.073583
272.176735
274.331565
275.643673
277.132109
278.251746
279.570340
281.093333
282.760408
283.795601
285.145986
286.109615
287.176463
288.363900
289.280091
290.170159
291.123129
292.036100
292.940998
293.820000
294.600499
295.667347
296.575147
297.637460
299.563537
301.549705
302.769116
304.055601
305.343084
306.888617
308.462540
309.754875
310.940771
311.918912
312.943175
314.101270
315.065215
316.046576
316.933107
317.888980
318.764853
319.600408
320.442086
321.597007
322.420000
323.425170
324.360998
325.280408
326.100000
326.948299
327.848844
328.830204
329.708980
330.641633
331.550884
332.461769
333.360000
334.275782
335.171020
336.154150
337.005034
337.947211
338.686803
339.563810
340.440816
341.227347
341.960000
342.689796
343.439048
344.069524
344.827211
345.309206
345.860952
346.592381
347.321587
347.945079
348.588254
349.181587
349.760000
350.296190
350.997143
351.632698
352.280000
352.900000
353.560000
354.205578
354.817823
355.438776
356.074966
356.660000
357.349932
357.950884
358.548435
359.253741
359.894286
360.517415
361.109252
361.805442
362.510476
363.167211
363.860000
364.425442
365.096871
365.766122
366.464490
367.065442
367.715238
368.430204
369.158231
369.820000
370.411156
371.042177
371.695374
372.414694
373.025714
373.702721
374.052789
374.734150
375.430748
376.000000
376.548707
377.218776
377.831429
378.457143
379.090612
379.753333
380.363810
381.029932
381.660000
382.297415
382.919184
383.547891
384.214014
384.893628
385.500000
386.158912
386.829388
387.515102
388.178639
388.842585
389.486122
390.173197
390.891156
391.591701
392.327891
393.079864
393.815646
394.520136
395.174558
395.820000
396.524354
397.236281
397.952517
398.716599
399.295782
399.993333
400.770476
401.359864
401.580000
402.340000
403.445034
404.120000
404.707755
405.362993
406.033469
406.626122
407.305306
407.933605
408.601088
409.206803
409.828163
410.489116
411.123129
411.838912
412.532925
413.297959
414.028435
414.955782
415.868707
