0.435102
1.164898
1.775102
2.501224
3.229932
3.962449
4.693878
5.637143
6.459773
7.219864
7.934830
8.528027
9.169841
9.874649
10.639456
11.383946
12.141497
12.947710
13.685805
14.311746
15.050703
15.844218
16.617098
17.402585
18.020000
18.719184
19.500680
20.278367
20.996735
21.733061
22.542449
23.407166
24.135510
24.827619
25.571156
26.365986
27.186939
27.903855
28.668844
29.390204
30.128254
30.786803
31.574694
32.257143
33.023265
33.715510
34.503764
35.071338
35.949841
36.633016
37.320952
38.169864
38.861134
39.584354
40.233061
40.998050
41.683039
42.406893
43.118005
43.809116
44.540136
45.271202
46.078413
46.735011
47.496871
48.267982
48.935420
49.602902
50.353878
51.004422
51.681497
52.428889
53.120000
53.844853
54.585805
55.311247
55.989524
57.145714
57.960000
58.386032
59.091565
59.807347
60.522449
61.252789
61.942766
62.698095
63.415737
64.144218
64.908707
65.609252
66.215102
67.067937
67.925896
68.775918
71.322540
72.000000
72.780317
73.628254
74.547619
75.366349
76.072381
77.027755
77.814603
78.544082
79.327347
80.166803
80.997551
81.829116
82.699864
83.711565
84.791837
85.684354
86.562857
87.362177
88.124898
88.928707
89.714150
90.497007
91.366122
92.129660
92.895102
93.630068
94.431156
95.238367
96.062857
96.976327
98.574830
99.457143
100.173333
101.002540
101.897415
102.652381
103.341224
104.107483
104.960000
105.381905
106.122041
106.898776
107.710340
108.221769
108.818367
109.445986
110.139048
110.768730
111.428163
112.040000
112.797415
113.337143
113.866122
114.453878
115.028118
115.692789
116.416327
117.066803
117.686803
118.396463
119.046122
119.693197
120.469932
121.257959
122.106939
122.864490
123.322041
123.999592
124.867755
125.600000
126.466531
127.066667
127.865850
128.562449
129.274694
130.004354
130.703129
131.474966
132.143265
132.897687
133.625578
134.293469
135.017007
135.707483
136.391020
137.129388
137.798095
138.501633
139.238231
139.950476
140.614830
141.289660
141.947075
142.621587
143.360000
144.041224
144.733469
145.483220
146.186803
146.812562
147.660000
148.314512
149.012880
149.729206
150.428662
151.088798
151.810703
152.490839
153.180000
153.854739
154.539365
155.238413
155.937188
156.633605
157.355601
158.146531
159.147710
159.798912
160.470113
161.208571
161.950658
162.614603
163.294830
163.975147
164.675465
165.353923
166.046893
166.721723
167.170159
167.914830
168.673197
169.436780
170.360317
171.279864
174.080771
175.381678
176.419683
178.195873
179.563719
180.681179
182.883946
184.270340
186.099637
187.318776
188.358095
189.443084
190.527982
191.583855
192.654240
193.839048
194.889342
196.070522
197.262132
198.440000
200.543810
201.704989
203.009478
204.356735
205.735102
206.846531
208.543265
210.056553
211.445805
212.796689
213.678322
214.712336
215.727937
216.772834
217.744127
218.704308
220.031746
221.076644
222.207664
223.338050
224.240000
224.370113
224.546621
224.800000
224.880000
224.940000
224.940000
224.940499
225.080000
225.115420
225.420000
226.000000
226.180000
226.260000
226.260000
226.260000
226.260000
226.260000
226.980000
227.480000
227.673016
227.680000
228.035329
228.180000
228.366757
228.472290
228.600000
228.720000
228.740000
228.760000
228.854739
229.340000
229.560000
229.560000
229.560000
229.560000
229.560000
229.560000
229.560000
229.560000
229.580000
229.580000
229.952063
230.340000
230.600000
230.800000
230.924127
231.937460
232.396508
232.460000
232.500000
232.600000
232.786984
232.840000
232.860000
233.820000
234.614603
234.891111
235.221905
235.593333
235.620000
235.757823
236.853583
237.956735
239.384082
240.703673
242.172109
243.631746
245.250340
246.593333
248.020408
249.115601
250.605986
251.677687
252.776463
254.143900
255.280091
256.290159
257.429388
258.536100
259.580998
260.554603
261.460499
262.487347
263.495147
264.717460
266.603537
268.369705
269.489116
271.295601
272.923084
274.468617
275.922540
277.274875
278.483084
279.678912
280.983175
282.361270
283.465215
284.706576
285.733107
286.888980
287.944853
288.880408
289.862086
290.977007
292.035782
293.325170
295.140998
296.460408
297.655556
298.688299
299.928844
301.070204
302.268980
303.461633
304.770884
305.841769
306.902313
307.995782
308.971020
310.274150
311.265034
312.327211
313.306803
314.343810
315.340816
316.307347
317.265986
318.129796
319.039048
319.809524
320.580000
321.289206
321.880000
322.572381
323.321587
324.025079
324.688254
325.361587
325.980000
326.676190
327.377143
328.052698
328.660000
329.387302
330.066032
330.745578
331.437823
332.158776
332.834966
333.491565
334.209932
334.930884
335.688435
336.393741
337.060000
337.737415
338.449252
339.165442
339.950476
340.600000
341.409660
342.145442
342.696871
343.366122
344.124490
344.800000
345.435238
346.230204
346.658231
347.432608
348.191156
348.942177
349.735374
350.514694
351.185714
351.862721
352.592789
353.354150
354.110748
354.866122
355.568707
356.278776
356.931429
357.617143
358.330612
359.053333
359.803810
360.469932
361.226939
361.897415
362.619184
363.267891
363.934014
364.693628
365.397143
366.058912
366.849388
367.535102
368.218639
368.842585
369.526122
370.220000
370.911156
371.591701
372.267891
372.940000
373.635646
374.360136
375.014558
375.637279
376.284354
376.976281
377.600000
378.356599
379.015782
379.693333
380.470476
381.039864
381.780000
382.554830
383.525034
384.220136
384.747755
385.402993
386.133469
386.826122
387.545306
388.233605
388.961088
389.600000
390.268163
390.929116
391.603129
392.338912
393.132925
393.877959
394.808435
395.735782
396.588707
