0.555102
1.164898
1.755102
2.160000
2.969932
3.702449
4.293878
5.037143
5.659773
6.419864
7.194830
7.948027
8.189841
8.814649
9.459456
9.883946
10.641497
11.427710
12.125805
12.911746
13.510703
14.164218
14.837098
15.502585
16.079138
16.660000
17.420680
18.118367
18.736735
19.413061
20.062449
20.787166
21.355510
21.947619
22.371156
23.045986
23.806939
24.363855
25.048844
25.670204
26.288254
26.886803
27.574694
28.197143
28.863265
29.455510
30.120000
30.651338
31.269841
31.900000
32.520952
33.189864
33.861134
34.464354
35.033061
35.718050
36.343039
37.006893
37.658005
38.309116
39.040000
39.671202
40.498413
41.095011
41.876871
42.587982
43.235420
43.822902
44.593878
45.204422
45.881497
46.568889
47.200000
47.924853
48.605805
49.231247
49.909524
50.725714
51.529025
52.026032
52.671565
53.160000
53.742449
54.472789
55.182766
55.838095
56.495737
57.144218
57.828707
58.469252
59.055102
59.747937
60.460000
61.435918
63.882540
64.653016
65.340317
66.068254
66.827619
67.546349
68.232381
68.927755
69.694603
70.464082
71.027347
71.860000
72.620000
73.209116
73.959864
74.795782
75.631837
76.444354
77.242857
77.922177
78.624898
79.348707
80.114150
80.757007
81.546122
82.229660
82.935102
83.630068
84.351156
85.078367
85.822857
86.676327
88.354830
89.137143
89.853333
90.682540
91.497415
92.132381
92.761224
93.527483
94.160000
94.861905
95.602041
96.398776
97.080000
97.781769
98.438367
99.185986
99.919048
100.628730
101.268163
101.953878
102.797415
103.397143
104.026122
104.733878
105.528118
106.192789
106.836327
107.400000
107.946803
108.576463
109.126122
109.833197
110.429932
111.157959
111.906939
112.664490
113.082041
113.719592
114.327755
114.500000
115.526531
116.106667
116.665850
117.322449
117.874694
118.524354
119.083129
119.754966
120.363265
120.997687
121.605578
122.233469
122.857007
123.507483
124.120000
124.729388
125.278095
125.901633
126.598231
127.210476
127.714830
128.309660
128.967075
129.641587
130.280000
130.941224
131.633469
132.263220
132.906803
133.652562
134.355238
134.914512
135.632880
136.329206
137.048662
137.620000
138.290703
139.010839
139.600000
140.314739
140.939365
141.658413
142.297188
142.873605
143.595601
144.326531
144.987710
145.638912
146.290113
146.968571
147.610658
148.254603
149.154830
149.815147
150.455465
151.093923
151.526893
152.181723
152.870159
153.534830
154.233197
154.976780
155.820317
156.679864
160.080771
161.301678
162.608526
163.807937
164.923719
166.107075
167.663946
168.890340
170.219637
171.458776
172.636190
173.663084
174.887982
176.003855
177.074240
178.219048
179.349342
180.470522
181.662132
182.739229
185.294286
186.584989
187.600862
188.636735
189.692517
190.886531
192.403265
193.756553
195.205805
196.276689
197.318322
198.432336
199.627937
200.825669
201.936508
203.300000
204.511746
205.556644
206.687664
207.858050
209.002313
210.050113
211.146621
212.130567
213.341224
214.387800
215.543991
216.680499
217.742812
218.955420
220.032245
221.209388
222.752154
224.110567
225.206757
226.327120
227.503628
228.729161
230.410159
231.909116
232.873016
234.019819
235.215329
236.201542
237.386757
238.592290
239.636236
240.801769
241.881497
243.036372
244.200000
245.431429
247.726485
248.939048
249.954921
251.325714
252.433016
253.594603
254.864444
256.310794
257.662857
258.857778
259.852063
261.029206
262.136190
263.338095
264.664127
265.857460
267.076508
268.101587
269.458413
270.530159
271.646984
272.733333
273.874921
274.965079
275.954603
277.071111
278.121905
279.353333
280.490159
281.637823
282.753583
283.876735
285.611565
286.763673
287.932109
289.171746
290.270340
291.673333
292.720408
293.815601
294.965986
295.949615
297.016463
298.203900
299.240091
300.290159
301.303129
302.296100
303.240998
304.274603
305.160499
306.147347
307.155147
308.217460
310.103537
311.229705
312.309116
313.715601
314.843084
316.008617
317.181270
318.294875
319.360771
320.358912
321.443175
322.601270
323.605215
324.726576
325.673107
326.668980
327.684853
328.640408
329.582086
330.617007
331.555782
332.685170
334.160998
335.220408
336.255556
337.248299
338.308844
339.370204
340.508980
341.501633
342.590884
343.621769
344.662313
345.635782
346.622041
347.714150
348.725034
349.767211
350.766803
351.843810
352.840816
353.847347
354.725986
355.549796
356.379048
357.109524
357.827211
358.549206
359.160952
359.792381
360.100000
360.565079
361.088254
361.721587
362.177460
362.576190
363.257143
363.900000
364.560000
365.107302
365.706032
366.305578
366.877823
367.498776
368.034966
368.711565
369.229932
369.930884
370.468435
371.173741
371.780000
372.437415
372.889252
373.545442
374.350476
374.880000
375.549660
376.225442
376.936871
377.486122
378.184490
378.785442
379.395238
379.850204
380.538231
381.292608
382.051156
382.782177
383.455374
384.034694
384.625714
385.200000
385.672789
386.334150
387.030748
387.626122
388.248707
388.938776
389.511429
390.197143
390.830612
391.453333
392.123810
392.729932
393.406939
394.037415
394.639184
395.267891
395.894014
396.533628
397.157143
397.818912
398.449388
399.135102
399.720000
400.360000
401.026122
401.660000
402.391156
403.071701
403.727891
404.439864
405.175646
405.860136
406.554558
407.217279
407.924354
408.596281
409.252517
409.976599
410.595782
411.333333
412.010476
412.579864
413.300952
414.034830
414.785034
415.440136
416.067755
416.722993
417.353469
418.006122
418.645306
419.293605
419.981088
420.580000
421.188163
421.869116
422.543129
423.178912
423.832925
424.597959
425.508435
426.435782
427.368707
