0.495102
1.124898
1.775102
2.341224
3.149932
3.842449
4.493878
5.257143
5.939773
6.639864
7.374830
8.128027
8.509841
9.274649
10.039456
10.703946
11.441497
12.187710
12.945805
13.631746
14.370703
15.084218
15.777098
16.562585
17.120000
17.700000
18.460680
19.238367
19.916735
20.653061
21.362449
22.087166
22.755510
23.427619
24.091156
24.765986
25.466939
26.043855
26.728844
27.370204
28.068254
28.726803
29.414694
30.077143
30.843265
31.455510
32.143764
32.731338
33.449841
34.133016
34.800952
35.529864
36.221134
36.884354
37.533061
38.258050
38.983039
39.586893
40.258005
40.900000
41.620136
42.311202
43.138413
43.675011
44.356871
45.067982
45.875420
46.422902
47.173878
47.864422
48.521497
49.268889
49.900000
50.604853
51.280000
51.891247
52.589524
53.425714
54.229025
54.826032
55.471565
56.107347
56.782449
57.432789
58.082766
58.698095
59.395737
60.144218
60.740000
61.369252
61.955102
62.747937
63.365896
64.375918
66.360000
67.040000
67.820317
68.328254
69.247619
69.926349
70.552381
71.227755
72.034603
72.744082
73.487347
74.186803
74.837551
75.620000
76.279864
77.055782
77.700000
78.464354
79.202857
79.882177
80.504898
81.308707
81.940000
82.717007
83.526122
84.189660
84.855102
85.510068
86.171156
86.858367
87.562857
88.396327
89.854830
90.697143
91.413333
92.242540
93.017415
93.792381
94.481224
95.207483
96.083243
96.801905
97.442041
98.138776
98.970340
99.621769
100.258367
100.925986
101.679048
102.448730
103.048163
103.793878
104.617415
105.157143
105.686122
106.253878
106.768118
107.372789
108.016327
108.646803
109.186803
109.816463
110.386122
111.113197
111.769932
112.477959
113.266939
114.024490
114.522041
115.139592
115.860000
116.540000
117.626531
118.326667
119.005850
119.702449
120.334694
120.964354
121.663129
122.374966
123.063265
123.777687
124.465578
125.093469
125.777007
126.467483
127.131020
127.849388
128.498095
129.161633
129.858231
130.590476
131.274830
131.889660
132.567075
133.301587
134.075918
134.781224
135.473469
136.180000
136.906803
137.592562
138.415238
138.954512
139.712880
140.449206
141.148662
141.868798
142.530703
143.270839
143.992834
144.694739
145.359365
146.098413
146.737188
147.513605
148.315601
149.106531
150.007710
150.578912
151.250113
151.948571
152.630658
153.314603
154.034830
154.695147
155.335465
156.053923
156.746893
157.421723
158.110159
158.854830
159.553197
160.296780
161.040317
161.839864
164.860771
166.061678
167.088526
168.167937
169.223719
170.341179
171.503946
172.690340
174.059637
175.198776
176.238095
177.263084
178.307982
179.323855
180.394240
181.479048
182.509342
183.550522
184.702132
185.879229
188.263810
189.344989
190.540862
191.636735
192.652517
193.626531
195.003265
196.216553
197.585805
198.616689
199.698322
200.672336
201.847937
203.012834
204.104127
205.224308
206.511746
207.676644
208.767664
209.838050
210.942313
212.060227
213.206621
214.250567
215.341224
216.387800
217.423991
218.480499
219.542812
220.615420
221.372245
222.469388
224.352154
225.550567
226.686757
227.807120
228.863628
229.969161
231.150159
232.729116
233.893016
235.059819
236.175329
237.141542
238.286757
239.412290
240.416236
241.581769
242.621497
243.756372
245.014739
246.291429
248.746485
249.999048
251.114921
252.325714
253.433016
254.494603
255.724444
257.050794
258.426984
259.717778
260.832063
261.920000
263.016190
264.396190
265.464127
266.637460
267.896508
268.941587
270.058413
271.210159
272.366984
273.533333
274.734921
275.705079
276.994603
278.171111
279.241905
280.393333
281.470159
282.577823
283.573583
284.576735
286.191565
287.363673
288.512109
289.671746
290.850340
292.073333
293.140408
294.135601
295.385986
296.369615
297.516463
298.723900
299.820091
300.830159
301.923129
302.976100
304.020998
305.074603
306.040499
307.127347
308.135147
309.217460
310.463537
311.609705
312.749116
313.915601
314.943084
316.208617
317.561270
318.694875
319.620771
320.658912
321.823175
323.081270
324.125215
325.286576
326.333107
327.448980
328.484853
329.500408
330.562086
331.697007
332.695782
333.845170
335.500998
336.760408
337.855556
338.928299
340.068844
341.090204
342.168980
343.221633
344.290884
345.281769
346.322313
347.335782
348.311020
349.514150
350.545034
351.607211
352.586803
353.683810
354.720816
355.787347
356.745986
357.629796
358.519048
359.329524
360.087211
360.729206
361.440000
362.032381
362.741587
363.405079
364.008254
364.661587
365.217460
365.856190
366.500000
367.072698
367.780000
368.407302
369.080000
369.680000
370.277823
370.898776
371.580000
372.231565
372.829932
373.430884
374.108435
374.713741
375.340000
375.997415
376.589252
377.240000
377.920000
378.587211
379.409660
380.145442
380.876871
381.386122
382.104490
382.805442
383.555238
384.270204
385.038231
385.612608
386.251156
386.962177
387.695374
388.454694
389.125714
389.742721
390.332789
391.014150
391.710748
392.386122
393.008707
393.678776
394.351429
395.057143
395.710612
396.373333
397.043810
397.629932
398.306939
398.977415
399.619184
400.167891
400.834014
401.513628
402.157143
402.798912
403.469388
404.175102
404.818639
405.382585
406.066122
406.733197
407.431156
408.051701
408.707891
409.380000
410.095646
410.800136
411.454558
412.037279
412.720000
413.476281
414.192517
414.876599
415.475782
416.213333
416.930476
417.639864
418.280000
419.094830
419.865034
420.560136
421.227755
421.882993
422.573469
423.246122
423.925306
424.593605
425.301088
425.980000
426.628163
427.329116
427.983129
428.718912
429.412925
430.077959
430.908435
431.615782
432.088707
