0.335102
1.084898
1.635102
2.081224
2.629932
3.362449
3.953878
4.737143
5.339773
6.099864
6.874830
7.508027
7.820000
8.154649
8.799456
9.343946
9.941497
10.647710
11.245805
11.731746
12.470703
13.144218
13.740000
14.460000
15.059138
15.559184
16.080000
16.618367
17.336735
18.073061
18.722449
19.287166
19.875510
20.467619
20.960000
21.540000
22.206939
22.783855
23.468844
24.150204
24.608254
25.246803
25.934694
26.537143
27.123265
27.715510
28.383764
28.931338
29.509841
30.060000
30.620952
31.309864
32.001134
32.504354
33.073061
33.758050
34.263039
34.866893
35.418005
36.129116
36.660136
37.211202
37.960000
38.495011
39.176871
39.807982
40.455420
40.942902
41.673878
42.240000
42.841497
43.508889
44.120000
44.744853
45.385805
46.040000
46.600000
47.325714
48.069025
48.626032
49.220000
49.767347
50.442449
51.032789
51.662766
52.278095
52.835737
53.484218
54.128707
54.789252
55.315102
55.967937
56.625896
57.640000
59.820000
60.460000
61.140317
61.828254
62.667619
63.446349
64.052381
64.860000
65.574603
66.244082
66.847347
67.586803
68.380000
69.029116
69.760000
70.495782
71.211837
72.004354
72.682857
73.302177
73.924898
74.600000
75.194150
75.877007
76.666122
77.289660
77.975102
78.630068
79.231156
79.880000
80.522857
81.356327
82.674830
83.417143
84.053333
84.820000
85.537415
86.232381
86.981224
87.707483
88.363243
89.101905
89.822041
90.518776
91.190340
91.861769
92.478367
93.065986
93.859048
94.448730
95.020000
95.573878
96.257415
96.857143
97.386122
97.933878
98.468118
99.052789
99.656327
100.206803
100.766803
101.316463
101.866122
102.593197
103.129932
103.500000
104.346939
105.104490
105.482041
105.999592
106.587755
106.820000
107.940000
108.286667
108.905850
109.420000
110.014694
110.704354
111.263129
111.834966
112.503265
113.157687
113.705578
114.293469
114.917007
115.580000
116.211020
116.629388
117.238095
117.821633
118.478231
119.090476
119.680000
120.169660
120.807075
121.401587
121.995918
122.581224
123.253469
123.780000
124.386803
124.900000
125.655238
126.114512
126.812880
127.309206
128.028662
128.648798
129.230703
129.910839
130.492834
131.134739
131.779365
132.378413
132.997188
133.613605
134.335601
135.066531
136.087710
136.758912
137.320000
137.948571
138.520000
138.894603
139.474830
140.080000
140.635465
141.033923
141.626893
142.241723
142.830159
143.414830
144.053197
144.676780
145.400317
146.199864
148.960771
150.161678
151.128526
151.967937
152.683719
153.621179
154.763946
155.790340
156.960000
157.518776
158.418095
159.203084
160.060000
160.883855
161.700000
162.599048
163.400000
164.250522
165.102132
165.999229
167.083810
168.020000
168.840862
169.776735
170.472517
171.506531
172.520000
173.756553
174.205805
175.036689
175.860000
176.692336
177.507937
178.392834
179.224127
179.964308
180.891746
181.736644
182.520000
183.378050
184.262313
185.090113
185.826621
186.730567
187.621224
188.447800
189.323991
190.220499
191.062812
191.975420
192.772245
193.569388
195.292154
196.130567
197.086757
198.047120
199.023628
199.989161
200.630159
201.869116
202.800000
203.359819
204.260000
205.021542
205.886757
206.732290
207.496236
208.421769
209.161497
210.116372
210.974739
211.851429
213.086485
213.780000
214.734921
215.660000
216.420000
217.254603
218.360000
219.690794
220.066984
220.977778
221.792063
222.609206
223.416190
224.278095
225.144127
225.857460
226.836508
227.540000
228.380000
229.390159
230.120000
230.893333
231.654921
232.465079
233.334603
234.160000
235.001905
235.773333
236.610159
237.577823
238.340000
239.336735
240.771565
241.603673
242.492109
243.531746
244.390340
245.453333
246.340408
247.235601
248.085986
248.820000
249.616463
250.623900
251.300091
252.210159
252.963129
253.796100
254.600998
255.374603
256.120499
256.887347
257.655147
258.477460
259.603537
260.669705
261.529116
262.520000
263.263084
264.348617
265.261270
266.134875
267.000771
267.758912
268.623175
269.261270
270.245215
271.226576
272.033107
272.848980
273.584853
274.380408
275.122086
275.940000
276.715782
277.605170
278.740998
279.680408
280.415556
281.348299
282.200000
282.910204
283.748980
284.481633
285.310884
286.101769
286.802313
287.615782
288.311020
289.194150
289.925034
290.607211
291.366803
292.183810
292.940816
293.707347
294.425986
295.069796
295.799048
296.449524
297.187211
297.909206
298.660952
299.000000
299.381587
300.085079
300.648254
301.201587
301.717460
302.396190
303.060000
303.632698
304.280000
304.687302
305.366032
305.905578
306.437823
306.998776
307.634966
308.271565
308.869932
309.470884
310.048435
310.633741
311.200000
311.757415
312.349252
312.965442
313.690476
314.147211
314.829660
315.565442
316.140000
316.526122
317.164490
317.780000
318.395238
318.990204
319.340000
319.920000
320.671156
321.242177
321.795374
322.334694
323.025714
323.662721
324.132789
324.654150
325.270748
325.886122
326.388707
327.118776
327.631429
328.277143
328.910612
329.533333
330.183810
330.709932
331.226939
331.817415
332.479184
332.927891
333.474014
334.153628
334.717143
335.338912
335.909388
336.555102
337.098639
337.662585
338.266122
338.873197
339.411156
339.940000
340.540000
341.239864
341.915646
342.560136
343.234558
343.760000
344.360000
344.976281
345.640000
346.356599
346.835782
347.493333
348.160000
348.779864
349.440952
350.040000
350.745034
351.320000
351.887755
352.462993
353.133469
353.726122
354.345306
354.933605
355.620000
356.226803
356.768163
357.389116
357.943129
358.598912
359.232925
359.817959
360.548435
361.335782
362.168707
