0.555102
1.944898
2.675102
3.301224
4.049932
4.782449
5.453878
6.257143
6.879773
7.179864
7.874830
8.628027
9.549841
10.274649
10.959456
11.540000
12.281497
13.027710
13.785805
14.551746
15.220000
15.844218
16.537098
17.300000
17.899138
18.460000
19.120680
19.898367
20.676735
21.393061
22.122449
22.807166
23.435510
24.127619
24.811156
25.485986
26.186939
26.723855
27.408844
28.070204
28.728254
29.346803
30.034694
30.697143
31.363265
32.035510
32.723764
33.371338
34.029841
34.593016
35.260952
36.009864
36.681134
37.304354
37.953061
38.618050
39.303039
39.926893
40.598005
41.229116
41.960136
42.631202
43.418413
44.115011
44.836871
45.547982
46.155420
46.862902
47.573878
48.244422
48.921497
49.588889
50.220000
50.944853
51.640000
52.151247
52.900000
53.645714
54.549025
55.086032
55.731565
56.347347
57.102449
57.792789
58.442766
59.118095
59.855737
60.484218
61.188707
61.889252
62.575102
63.307937
63.945896
64.255918
67.080000
67.753016
68.480317
69.428254
70.347619
70.706349
71.292381
72.107755
72.780000
73.444082
74.147347
74.826803
75.537551
76.229116
77.059864
77.775782
78.531837
79.304354
80.122857
80.802177
81.544898
82.308707
82.994150
83.737007
84.586122
85.289660
85.995102
86.710068
87.471156
88.178367
88.942857
89.716327
91.014830
91.657143
92.293333
93.062540
93.797415
94.572381
95.281224
95.927483
96.623243
97.321905
98.062041
98.698776
99.410340
100.101769
100.638367
101.425986
102.059048
102.828730
103.560000
104.173878
104.977415
105.497143
106.006122
106.573878
107.128118
107.752789
108.316327
108.926803
109.566803
110.216463
110.846122
111.453197
112.249932
112.997959
113.806939
114.564490
115.182041
115.719592
116.367755
116.780000
117.900000
118.426667
119.105850
119.802449
120.474694
121.144354
121.763129
122.474966
123.083265
123.797687
124.265578
125.093469
125.777007
126.447483
127.071020
127.749388
128.358095
129.041633
129.698231
130.370476
130.994830
131.669660
132.307075
132.941587
133.595918
134.321224
135.053469
135.663220
136.326803
137.052562
137.855238
138.554512
139.272880
139.869206
140.548662
141.268798
141.930703
142.670839
143.312834
143.994739
144.539365
145.258413
145.897188
146.673605
147.395601
148.106531
149.127710
149.798912
150.470113
151.148571
151.750658
152.414603
152.834830
153.495147
153.875465
154.513923
155.146893
155.761723
156.430159
157.094830
157.773197
158.376780
159.040317
159.559864
163.120771
164.325034
165.448526
166.787937
167.823719
168.941179
170.643946
171.830340
173.319637
174.498776
175.618095
176.683084
177.787982
178.883855
179.894240
180.999048
182.069342
183.290522
184.480000
185.500000
186.843810
187.984989
189.140862
190.176735
191.252517
192.306531
193.743265
195.096553
195.985805
197.036689
198.118322
199.072336
200.267937
201.332834
202.324127
203.364308
204.471746
205.476644
206.407664
207.478050
208.522313
209.610113
210.706621
211.690567
212.801224
213.847800
214.863991
215.920499
216.962812
218.015420
219.052245
220.069388
221.772154
222.770567
223.786757
224.907120
225.963628
227.149161
228.430159
229.869116
231.033016
231.999819
233.115329
234.101542
235.186757
236.332290
237.296236
238.441769
239.561497
240.696372
241.974739
242.871429
244.246485
245.119048
246.134921
247.145714
248.233016
249.294603
250.544444
251.890794
252.926984
253.937778
254.992063
256.069206
257.136190
258.238095
259.304127
260.497460
261.716508
262.861587
263.938413
264.930159
266.106984
267.213333
268.254921
269.225079
270.454603
271.511111
272.621905
273.593333
274.690159
275.677823
275.900000
276.856735
279.191565
280.423673
281.632109
282.731746
283.810340
284.833333
285.920408
286.915601
288.145986
289.109615
290.216463
291.523900
292.620091
293.630159
294.663129
295.636100
296.540998
297.514603
298.440499
299.547347
300.475147
301.517460
302.663537
303.889705
304.949116
306.095601
307.123084
308.188617
309.481270
310.534875
311.520771
312.518912
313.603175
314.761270
315.765215
316.786576
317.753107
318.728980
319.604853
320.520408
321.482086
322.597007
323.595782
324.765170
326.020998
327.020408
328.055556
329.008299
330.108844
331.190204
332.248980
333.321633
334.370884
335.360000
336.422313
337.515782
338.451020
339.534150
340.525034
341.487211
342.446803
343.423810
344.380816
345.327347
346.245986
347.089796
347.959048
348.689524
349.447211
350.169206
350.920952
351.652381
352.321587
352.825079
353.460000
354.141587
354.717460
355.256190
355.957143
356.632698
357.300000
358.007302
358.626032
359.285578
359.977823
360.598776
361.254966
361.831565
362.549932
363.290884
364.028435
364.573741
365.274286
365.917415
366.569252
367.205442
368.030476
368.607211
369.340000
370.005442
370.736871
371.386122
372.064490
372.665442
373.375238
374.190204
374.878231
375.520000
376.060000
376.802177
377.555374
378.274694
378.845714
379.480000
379.892789
380.554150
381.250748
381.986122
382.608707
383.418776
384.091429
384.777143
385.430612
386.153333
386.883810
387.389932
388.066939
388.737415
389.379184
390.027891
390.694014
391.373628
392.037143
392.658912
393.329388
394.015102
394.678639
395.322585
396.006122
396.673197
397.411156
398.151701
398.787891
399.579864
400.295646
401.040136
401.714558
402.357279
403.084354
403.816281
404.532517
405.296599
405.975782
406.733333
407.460000
407.979864
408.740952
409.534830
410.585034
411.120136
411.547755
412.202993
412.873469
413.566122
414.225306
414.853605
415.541088
416.166803
416.808163
417.489116
418.143129
418.838912
419.392925
420.137959
420.888435
421.655782
422.160000
