0.217687075
2.466031746
5.015873016
8.605895692
11.546122449
13.128344671
15.915918367
21.035102041
23.183673469
25.410793651
28.647619048
31.387573696
33.017687075
35.825850340
40.995555556
43.086077098
45.080272109
46.717823129
48.450612245
50.305668934
51.927437642
53.389387755
54.751201814
56.263401361
57.849251701
59.694421769
61.408979592
63.212698413
65.077551020
66.926984127
69.116734694
70.573333333
72.314195011
74.041904762
76.578412698
78.309297052
79.992380952
80.806530612
82.508571429
84.134240363
85.748752834
86.512653061
88.095873016
89.695011338
91.240272109
91.971111111
93.537233560
94.281269841
95.836371882
97.345306122
98.940226757
100.468027211
102.069659864
103.070476190
103.973151927
104.822857143
105.638095238
106.747210884
108.096326531
111.419501134
113.277097506
116.055510204
117.790476190
120.737959184
123.181859410
125.799183673
128.346122449
130.493061224
132.933877551
135.089795918
137.722448980
139.980045351
142.139591837
144.222040816
146.784943311
149.336235828
151.469569161
153.342040816
155.219591837
156.860952381
158.468571429
160.021768707
162.206984127
164.199546485
166.323809524
168.517551020
170.610612245
172.834829932
176.190068027
178.062222222
180.506122449
182.961632653
187.257324263
189.544489796
192.777868481
196.576507937
198.262857143
202.951111111
205.568979592
208.881632653
212.610612245
214.404353741
220.081632653
227.158095238