0.457687
3.306032
6.135873
9.145896
11.353061
12.888345
15.755918
20.095102
22.807347
25.630794
28.387619
30.587574
32.137687
35.305850
40.315556
43.006077
45.680272
47.297823
49.630612
51.725669
53.367438
55.149388
56.591202
58.143401
59.769252
61.754422
63.548980
65.372698
67.157551
68.986984
70.596735
72.093333
73.634195
75.361905
77.278413
78.869297
80.392381
81.126531
82.608571
84.334240
85.648753
86.352653
87.835873
89.315011
90.780272
91.511111
92.997234
93.701270
95.196372
96.565306
98.160113
99.588027
101.149660
102.110476
102.993152
103.742857
104.598095
105.707211
107.156327
110.599501
112.737098
115.875510
117.650476
120.717959
122.801859
125.659184
129.982857
134.073061
136.773878
139.489796
142.302449
144.760045
147.139592
149.462041
151.864943
153.836236
155.829569
157.522041
159.099796
160.600476
161.848571
163.201769
165.206984
167.279546
170.023810
172.377551
174.730612
177.134830
180.970068
183.082222
185.726122
188.281633
193.557324
196.884490
200.297868
204.136508
205.842857
212.231111
215.828980
219.421633
223.330612
225.344354
231.481633
239.978095
