1.017687
3.546032
6.695873
10.085896
12.961224
14.908345
18.095918
24.495102
27.223673
30.350794
33.547619
35.867574
37.337687
41.185850
47.455556
49.766077
52.220544
53.797823
55.891837
58.085669
59.527438
61.349388
62.851202
64.543401
66.609252
68.814422
70.708980
73.045397
75.037551
77.326984
78.816735
80.413333
82.014195
83.601905
85.478413
86.989297
88.532381
89.226531
90.668571
92.094240
93.568753
94.232653
95.655873
97.095011
98.580272
99.291111
100.577234
101.201270
102.616372
104.065306
105.460227
106.828027
108.209660
109.110476
109.877717
110.680571
111.418095
112.307211
113.396327
116.339501
119.317098
121.935510
123.476825
125.897959
128.301859
130.699184
134.646122
138.353061
141.373878
144.549796
147.462449
149.700045
151.899592
154.142041
156.504943
158.856236
161.249569
163.342041
165.339592
167.400952
169.328571
171.563537
174.706984
176.899546
179.255238
181.617551
184.030612
186.494830
190.410068
194.882222
198.378367
202.461633
206.997324
209.744490
213.777868
217.596508
220.202857
224.851111
227.568980
231.301803
235.190612
238.064354
244.021633
250.618095
