1.117687
3.066032
6.235873
9.082948
11.306122
12.948345
15.455918
18.935102
21.303673
23.850794
26.587619
28.747574
30.477687
32.905850
37.615556
38.686077
41.140272
42.857823
45.110612
47.345669
49.067438
51.089388
52.531202
54.403401
56.149252
58.194422
60.168980
62.325397
64.237551
65.986984
68.116122
69.486667
71.174195
72.941905
74.898413
76.569297
78.152381
78.966531
80.508571
82.134240
83.788753
84.552653
86.215873
87.870023
89.540272
90.371111
92.097234
92.901270
94.576372
96.201769
97.740227
99.328027
100.889660
101.970476
102.813152
103.862857
104.626349
105.507211
106.856327
110.059501
111.517098
113.798503
115.330159
117.917959
119.541859
121.539184
124.266122
127.093061
129.673878
132.229796
134.842449
137.240045
139.619592
142.042041
144.524943
146.796236
149.269569
151.242041
153.239592
155.080952
156.888571
158.641769
160.866984
162.939546
165.323810
167.557551
169.990612
172.314830
175.570068
177.362222
179.826122
183.021633
186.918662
189.504490
192.597868
195.956508
198.202857
202.531111
205.328980
208.561633
211.870612
213.784354
218.467211
225.258095
