0.957687
3.452063
6.935873
10.432948
12.786122
14.268345
17.175918
21.775102
24.431020
27.450794
30.807619
33.027574
34.497687
38.325850
43.895556
46.446077
49.500272
50.977823
53.050612
55.645669
57.127438
58.569388
59.491202
60.743401
62.706259
64.788844
66.708980
68.952698
71.037551
73.166984
75.456735
76.893333
78.574195
80.261905
81.978413
83.469297
84.912381
85.586531
87.048571
88.474240
90.008753
90.752653
92.195873
93.655011
95.080272
95.791111
97.277234
97.961270
99.416372
100.825306
102.220227
103.648027
105.044830
105.930476
106.705525
107.402857
108.052262
108.834721
109.578776
112.319501
117.217098
122.355510
124.410476
128.337959
131.941859
134.919184
138.926122
142.093061
144.573878
147.049796
149.362449
151.380045
153.419592
155.451020
157.464943
159.476236
161.429569
163.424082
165.599592
167.780952
169.948571
172.281769
174.926984
177.159546
181.423810
183.835102
186.290612
189.034830
193.570068
196.102222
199.146122
202.101633
207.457324
210.724490
214.308934
217.876508
219.442857
225.671111
229.208980
232.701633
237.050612
240.064354
247.201633
258.278095
