0.437687
2.963016
5.272646
7.865896
10.026122
11.588345
13.755918
17.095102
19.343673
21.690794
23.947619
26.007574
27.697687
29.965850
34.615556
35.626077
37.760272
39.497823
41.410612
43.305669
44.967438
46.729388
48.511202
50.243401
52.069252
53.814422
55.608980
57.332698
59.057551
60.786984
62.896735
64.406667
66.174195
67.981905
69.758413
71.269297
72.732381
73.446531
74.748571
76.274240
77.748753
78.332653
79.755873
81.195011
82.640272
83.371111
84.838617
85.541270
87.096372
88.505306
89.960227
91.468027
92.869660
93.750476
94.533152
95.502857
96.358095
97.447211
98.716327
101.514056
102.917098
105.115510
106.590476
109.058980
110.861859
112.699184
115.566122
117.953061
120.633878
123.389796
126.252245
128.260045
130.319592
132.162041
134.144943
135.996236
137.789569
139.682041
141.519592
143.600952
145.748571
147.745306
150.066984
151.939546
153.823810
155.837551
157.830612
159.934830
163.322313
165.422222
168.786122
171.761633
176.957324
179.704490
182.737868
185.884563
187.502857
192.911111
196.208980
198.923090
202.550612
204.224354
208.620544
216.738095
