0.717687
3.066032
6.195873
8.925896
11.006122
12.368345
15.655918
20.775102
23.663673
26.770794
29.787619
32.007574
33.437687
36.545850
41.155556
43.938231
46.960272
48.477823
51.090612
53.831338
55.347438
57.529388
58.791202
60.623401
62.009252
63.674422
65.348980
66.952698
68.537551
70.086984
71.956735
73.193333
74.774195
76.381905
78.098413
79.469297
80.832381
81.486531
82.988571
84.454240
85.908753
86.612653
87.995873
89.455011
90.880272
91.491111
92.937234
93.521270
94.976372
96.345306
97.720227
99.048027
100.469660
101.410476
102.193152
103.022857
103.738095
104.787211
105.659784
108.679501
113.437098
117.675510
120.031429
124.159592
127.461859
130.619184
135.132245
139.053061
142.113878
145.409796
149.182449
151.620045
153.939592
156.222041
158.764943
160.948707
163.389569
165.542041
167.539592
169.240952
170.888571
172.601769
175.126984
177.419546
180.343810
182.837551
185.090612
187.397415
191.430068
193.462222
196.246122
199.601633
205.797324
209.764490
213.657868
217.736508
219.502857
226.291111
229.948980
234.101633
240.810612
242.744354
250.286531
258.458095
