0.897687
3.146032
5.397989
7.745896
9.878367
11.888345
14.515918
18.075102
20.127347
22.370794
24.707619
26.907574
29.137687
31.765850
35.355556
37.366077
39.540272
41.657823
43.750612
45.805669
47.947438
50.149388
52.251202
54.463401
56.229252
59.014422
61.248980
63.392698
65.637551
67.846984
70.033469
72.153333
74.054195
76.121905
78.149206
79.709297
81.172381
81.886531
83.308571
84.854240
86.408753
87.052653
88.555873
90.215011
91.720272
92.491111
94.037234
94.801270
96.436372
97.945306
99.500227
101.048027
102.557415
103.570476
104.473152
105.482857
106.235619
107.247211
108.416327
111.379501
113.397098
116.715510
118.610476
121.577959
123.721859
125.999184
128.792245
131.093061
133.413878
136.049796
138.742449
141.260045
143.699592
146.162041
148.784943
151.316236
153.889569
156.082041
158.419592
161.040952
163.528571
166.281769
169.026984
171.359546
173.943810
176.337551
178.970612
181.414830
184.570068
186.362222
188.786122
191.001633
194.359108
196.704490
199.637868
203.056508
205.402857
208.931111
211.388980
214.901633
217.170612
219.624354
225.461633
231.738095
