1.577687
4.366032
7.235873
10.205896
12.366122
13.828345
16.835918
20.775102
23.683673
26.270794
29.047619
31.307574
32.777687
35.705850
40.717778
41.986077
44.540272
46.077823
48.570612
50.605669
52.167438
53.989388
55.171202
56.403401
57.864626
60.154422
62.708980
64.912698
66.897551
68.606984
69.996735
71.613333
73.174195
74.741905
77.938413
79.609297
81.192381
82.006531
83.588571
85.374240
86.748753
87.512653
89.055873
90.635011
92.180272
92.891111
94.397234
95.101270
96.636372
98.125306
99.620227
101.108027
102.549660
103.490476
104.393152
105.182857
105.878095
106.743934
107.816327
111.079501
115.937098
119.975510
122.050476
125.557959
127.741859
130.119184
133.106122
135.933061
138.553878
141.209796
144.222449
146.500045
148.699592
150.902041
153.064943
155.316236
157.329569
159.202041
160.999592
162.500952
163.888571
165.360177
166.766984
168.659546
170.583810
172.397551
174.190612
176.294830
180.290068
182.162222
184.606122
187.101633
190.997324
193.744490
197.357868
201.394603
203.262857
207.931111
211.028980
214.361633
217.990612
220.124354
225.081633
232.438095
