0.597687
3.344127
6.575873
9.925896
12.446122
14.028345
16.295918
20.675102
23.703673
26.770794
30.087619
32.627574
34.357687
36.505850
40.595556
43.346077
46.000272
47.797823
50.090612
52.265669
53.987438
55.649388
57.191202
58.763401
60.489252
62.774422
64.777959
66.712698
68.697551
70.646984
72.770748
74.213333
76.054195
77.961905
80.378413
82.089297
83.752381
84.526531
86.148571
87.814240
89.508753
90.272653
91.935873
93.695011
95.380272
96.171111
97.917234
98.701270
100.436372
102.105306
103.800227
105.424014
107.049660
108.090476
109.073152
110.002857
110.918095
111.967211
113.316327
117.239501
120.877098
124.995510
127.210476
131.297959
133.701859
137.179184
141.346122
144.633061
147.813878
150.849796
154.082449
156.420045
158.619592
160.842041
163.444943
166.156236
168.989569
171.342041
173.739592
176.360952
178.848571
181.181769
183.986984
187.199546
190.923810
194.397551
198.210612
202.334830
208.050068
210.302222
213.226122
216.021633
220.577324
223.384490
226.777868
230.096508
231.942857
238.031111
241.168980
244.741633
247.950612
250.304354
256.161633
263.378095
