1.297687
4.046032
6.915873
10.005896
12.226122
13.768345
16.855918
20.875102
23.531020
26.210794
28.893810
30.987574
32.597687
35.505850
39.515556
42.026077
44.480816
46.337823
48.681224
50.945669
52.687438
54.878776
56.531202
58.386803
59.969252
61.954422
63.768980
65.792698
67.597551
69.326984
71.013469
72.653333
74.434195
76.181905
78.358413
80.109297
81.832381
82.606531
84.248571
85.974240
87.708753
88.472653
90.295873
92.075011
93.740272
94.511111
96.177234
96.921270
98.676372
100.365306
102.080227
103.748027
105.409660
106.470476
107.393152
108.322857
108.898095
109.987211
111.176327
114.199501
116.437098
119.589252
121.010476
123.917959
125.461859
127.919184
130.586122
132.913061
135.693878
138.309796
141.002449
143.200045
145.259592
147.382041
149.584943
151.516236
153.529569
155.502041
157.319592
159.180952
161.068571
162.961769
165.446984
167.899546
171.343810
173.497551
175.510612
177.334830
180.273759
181.902222
184.426122
186.901633
191.157324
193.604490
196.637868
199.516508
201.182857
206.511111
209.608980
212.801633
215.750612
217.637415
224.341633
233.278095
