0.437687
2.968254
5.975873
9.265896
11.726122
13.188345
15.075918
19.515102
22.183673
24.790794
27.827619
30.327574
31.897687
33.997551
38.655556
41.186077
43.520544
45.197823
47.230612
49.305669
50.907438
52.489388
53.891202
55.403401
57.009252
59.297687
61.768980
63.912698
65.897551
68.026984
70.296735
71.893333
73.854195
75.681905
78.258413
79.869297
81.372381
82.106531
83.648571
85.234240
86.748753
87.492653
89.055873
90.615011
92.120272
92.851111
94.417234
95.141270
96.656372
98.185306
99.740227
101.308027
102.889660
103.890476
104.853152
105.722857
106.598095
107.967211
109.636327
113.399501
117.157098
120.835510
122.710476
125.997959
128.241859
130.779184
133.806122
137.453061
140.453878
144.409796
148.962449
150.980045
152.999592
154.982041
156.964943
159.368707
161.809569
163.882041
165.799592
167.880952
169.668571
171.421769
174.586984
177.259546
180.083810
182.717551
185.190612
187.734830
192.590068
195.022222
198.506122
201.221633
206.277324
209.564490
213.357868
216.518836
218.122857
223.091111
226.328980
230.921633
234.450612
237.284354
243.301633
250.198095
