0.957687
3.832063
7.315873
10.545896
12.482375
13.888345
15.735918
20.255102
22.898367
25.950794
28.587619
30.507574
32.057687
33.750731
38.075556
40.066077
42.720272
44.257823
46.610612
49.025669
50.587438
52.709388
54.211202
56.050204
58.049252
60.552109
63.208980
65.192698
67.217551
68.426984
70.596735
72.053333
73.834195
75.641905
77.978413
79.609297
81.152381
81.866531
83.388571
84.974240
86.508753
87.212653
88.635873
90.135011
91.580272
92.231111
93.677234
94.321270
95.856372
97.325306
98.800227
100.288027
101.749660
102.750476
103.633152
104.322857
105.014524
106.007211
107.196327
110.879501
113.197098
116.035510
117.850476
120.817959
123.041859
125.459184
128.812245
132.753061
135.433878
138.229796
141.022449
143.220045
145.479592
147.642041
149.804943
152.176236
154.609569
156.642041
158.859592
161.100952
163.688571
165.475918
168.486984
170.519546
173.803810
176.487755
178.910612
181.614830
185.350068
187.222222
189.606122
192.041633
197.897324
201.924490
206.217868
210.286893
211.682857
216.691111
220.348980
224.761633
228.890612
230.804354
236.341633
244.438095
