0.557687
3.046032
6.095873
9.085896
11.026122
12.608345
15.355918
18.955102
21.454694
24.130794
26.787619
28.827574
30.457687
32.785850
36.395556
38.606077
41.020272
42.677823
44.990612
47.225669
48.867438
50.849388
52.451202
54.343401
55.989252
58.886531
60.808980
63.450794
65.417551
67.526984
69.472245
70.833333
72.454195
74.101905
75.998413
77.509297
78.972381
79.666531
81.108571
82.554240
83.928753
84.672653
86.135873
87.635011
89.000272
89.731111
91.117234
91.821270
93.236372
94.605306
95.980227
97.368027
98.689660
99.555238
100.193152
101.022857
101.699048
102.567211
103.636327
106.619501
108.817098
111.715510
113.370476
116.137959
118.101859
120.179184
122.946122
125.693061
128.193878
130.529796
132.822449
134.840045
136.859592
138.847347
140.944943
142.836236
144.609569
146.402041
148.179592
149.960952
151.696190
153.661769
155.766984
157.599546
159.971429
162.197551
164.830612
167.094830
170.210068
172.042222
174.906122
177.401633
181.737324
184.144490
187.477868
190.376508
191.982857
196.451111
198.893796
201.960031
204.230612
206.164354
212.141633
218.858095
