2.637687
4.606032
7.675873
10.445896
12.806122
14.354172
16.575918
20.675102
22.807347
25.550794
28.087619
30.367574
31.957687
34.245850
38.195556
40.146077
42.340272
44.057823
45.950612
48.045669
49.767438
51.429388
52.631202
54.043401
55.569252
57.734422
59.608980
61.612698
63.377551
65.126984
66.856735
68.533333
70.254195
72.061905
74.078413
75.669297
77.492381
78.286531
79.888571
81.494240
83.048753
83.772653
85.335873
86.990023
88.560816
89.351111
90.977234
91.781270
93.416372
95.045306
96.640227
98.268027
99.769660
100.770476
101.631051
102.582857
103.398095
104.362404
105.316327
108.279501
112.577098
115.975510
118.270476
121.297959
124.313016
126.819184
130.746122
133.173061
136.153878
139.569796
142.982449
145.400045
147.839592
150.282041
152.964943
155.396236
157.889569
160.062041
162.479592
164.960952
167.348571
169.641769
172.806984
175.379546
177.843810
180.257551
183.350612
186.294830
191.490068
194.842222
198.526122
201.641633
206.237324
208.464490
211.957868
215.216508
217.082857
221.231111
223.668980
227.201633
230.590612
233.164354
238.601633
243.918095
