1.097687
3.778095
7.655873
11.465896
14.386122
16.228345
19.195918
24.175102
27.134694
30.424762
34.127619
37.027574
38.997687
41.925850
46.895556
49.752154
52.700544
54.637823
58.170612
61.145669
63.187438
66.749388
68.882404
71.863401
74.049252
77.354422
80.188980
83.412698
85.897551
88.166984
90.336735
92.293333
94.374195
96.381905
98.458413
99.949297
101.492381
102.206531
103.608571
105.214240
106.828753
107.492653
108.975873
110.475011
111.940272
112.651111
114.097234
114.841270
116.376372
117.865306
119.380227
120.868027
122.329660
123.350476
124.333152
125.342857
126.118095
127.227211
128.316327
131.239501
133.557098
136.975510
138.890476
142.337959
144.581859
147.638367
151.268980
154.813061
157.933878
161.209796
164.642449
167.180045
169.539592
171.962041
174.644943
177.116236
179.509569
181.788163
183.859592
185.860952
187.848571
189.601769
191.686984
193.939546
196.043810
198.157551
200.230612
202.334830
205.070068
207.062222
209.986122
212.801633
216.957324
219.804490
223.303156
226.996508
228.782857
235.391111
238.428980
242.381633
246.390612
248.852245
255.501633
262.998095
