1.277687
3.826032
7.535873
11.185896
14.163061
15.548345
19.475918
24.935102
27.507347
30.670794
33.667619
36.387574
37.917687
41.765850
47.095556
49.686077
52.300272
53.997823
56.210612
58.545669
60.167438
61.849388
63.231202
64.743401
66.649252
68.574422
70.288980
71.952698
73.677551
75.286984
77.156735
78.973333
80.674195
82.341905
84.338413
85.989297
87.572381
88.306531
89.868571
91.454240
92.988753
93.706327
95.215873
96.775011
98.480272
99.191111
100.857234
101.581270
103.236372
104.765306
106.360227
107.928027
109.529660
110.550476
111.453152
112.282857
113.144524
114.167211
115.259388
117.990975
119.157098
121.295510
122.570476
124.857959
126.281859
128.219184
131.106122
133.753061
136.413878
138.899592
143.102449
145.660045
147.979592
150.362041
152.833177
155.076236
157.469569
159.402041
161.259592
163.220952
164.928571
166.481769
168.346984
169.899546
172.143810
174.265850
176.330612
178.654830
182.090068
183.942222
186.446122
189.341633
194.557324
197.384490
200.857868
204.596508
207.362857
213.671111
217.608980
221.581633
227.910612
229.884354
236.081633
245.138095
