1.857687
4.006032
6.195587
8.405896
10.246122
11.888345
14.155918
17.895102
20.083673
22.350794
24.307619
26.207574
27.857687
30.145850
33.935556
35.866077
37.940272
39.657823
41.370612
43.105669
44.727438
46.149388
47.471202
48.983401
50.549252
53.012109
54.897959
56.892698
58.777551
60.566984
62.376735
63.973333
65.634195
67.161905
69.238413
70.989297
72.712381
73.526531
75.228571
76.894240
78.548753
79.312653
80.935873
82.615011
84.280272
85.071111
86.717234
87.501270
89.116372
90.785306
92.460227
94.094014
95.729660
96.730476
97.551051
98.362857
99.019048
99.947211
100.719873
103.599501
105.198549
107.735510
109.430476
111.637959
113.621859
115.679184
118.206122
120.053061
122.253878
124.209796
126.482449
128.400045
130.319592
132.102041
134.080989
135.976236
137.889569
139.762041
141.579592
143.640952
145.608571
147.561769
149.926984
151.799546
153.803810
155.677551
157.630612
159.574830
162.970068
164.782222
167.186122
169.521633
173.057324
175.304490
177.877868
180.376508
182.122857
185.951111
188.348980
191.181633
193.790612
195.884354
202.541633
209.518095
