0.957687
3.606032
6.268968
9.065896
11.246122
12.728345
16.195918
21.355102
23.783673
26.070794
28.567619
30.667574
33.097687
35.925850
41.495556
43.606077
45.620272
47.257823
49.430612
51.145669
52.767438
54.609388
56.111202
57.563401
59.069252
61.014422
62.748980
64.552698
66.277551
68.066984
69.906939
71.573333
73.354195
75.161905
76.978413
78.541859
80.092381
80.786531
82.308571
83.874240
85.388753
86.092653
87.655873
89.235011
90.700272
91.451111
92.977234
93.701270
95.236372
96.665306
98.120227
99.588027
101.009660
101.950476
102.853152
103.722857
104.489048
105.587211
106.796327
110.819501
113.657098
116.475510
118.070476
121.097959
123.161859
125.459184
128.926122
133.353061
137.293878
140.289796
144.102449
146.520045
148.839592
151.302041
153.844943
156.192472
158.649569
160.822041
163.179592
165.480952
167.788571
170.012381
172.686984
174.939546
177.143810
179.557551
182.030612
184.994830
191.250068
193.422222
196.706122
199.841633
204.537324
206.944490
210.317868
213.436508
215.162857
219.811111
222.688980
226.120327
229.650612
232.404354
237.161633
253.178095
