0.817687
3.026032
6.215873
9.145896
11.031901
12.408345
15.035918
18.895102
21.183673
24.110794
27.133810
29.267574
30.957687
32.909170
37.335556
39.686077
42.280544
43.997823
46.670612
49.085669
50.787438
52.758776
53.991202
55.283401
56.709252
58.594422
60.468980
62.532698
64.337551
66.137397
68.236735
69.953333
71.854195
73.641905
75.538413
77.149297
78.632381
79.326531
80.888571
82.474240
84.048753
84.752653
86.255873
87.815011
89.340272
90.111111
91.617234
92.361270
93.896372
95.385306
96.920227
98.348027
99.909660
100.870476
101.833152
102.682857
103.498095
104.487211
105.376327
108.699501
112.817098
115.815510
117.750476
120.637959
122.801859
125.459184
132.246122
134.893061
137.993878
141.589796
145.002449
147.400045
149.799592
152.162041
154.744943
156.936236
159.249569
161.362041
163.359592
165.460952
167.248571
169.118367
172.286984
174.299546
176.947619
179.857551
182.470612
185.728980
190.530068
193.422222
197.352245
201.001633
208.557324
211.664490
215.637868
220.296508
221.971429
226.791111
230.348980
234.921633
238.770612
241.088707
247.261633
254.618095
