1.037687
3.406032
5.856848
8.665896
10.633061
12.008345
14.617959
19.215102
21.474694
24.070794
26.793810
28.767574
30.177687
32.665850
36.835556
38.866077
40.780272
42.197823
43.825306
45.445669
46.867438
48.137347
49.265601
50.583401
52.229252
54.294422
56.108980
58.232698
59.977551
61.506984
63.376735
64.773333
66.314195
67.761905
69.558413
71.369297
73.052381
73.826531
75.488571
77.128481
78.688753
79.452653
80.995873
82.595011
84.180272
84.951111
86.497234
87.241270
88.816372
90.365306
91.920227
93.448027
94.989660
95.970476
96.753152
97.551429
98.314524
99.327211
100.376327
103.479501
105.537098
108.115510
109.445238
111.777959
113.301859
115.139184
117.526122
119.693061
122.073878
124.189796
126.922449
129.000045
130.979592
132.894014
135.024943
137.176236
139.269569
141.242041
143.219592
145.240952
147.308571
149.081769
151.566984
153.739546
156.263810
158.637551
160.810612
163.134830
166.930068
168.662222
171.126122
173.461633
177.257324
179.704490
182.437868
185.164127
186.422857
190.831111
193.688980
196.821633
199.610612
201.364354
207.261633
214.818095
