0.157687
2.646032
6.235873
9.305896
11.586122
13.148345
15.015918
19.775102
22.583673
25.110794
27.787619
30.007574
31.657687
33.405850
38.235556
40.846077
43.160272
44.857823
46.910612
48.725669
50.347438
52.089388
53.651202
55.263401
57.209252
59.643265
62.108980
64.272698
66.157551
68.006984
69.996735
71.553333
73.234195
74.881905
76.858413
78.449297
79.952381
80.586531
82.128571
83.594240
85.108753
85.812653
87.255873
88.735011
90.180272
90.911111
92.337234
93.041270
94.476372
95.825306
97.240227
98.508027
99.869660
100.770476
101.453152
102.331429
103.029683
103.907211
105.236327
108.259501
110.277098
113.355510
115.090476
117.937959
119.661859
121.919184
124.312245
126.853061
129.553878
132.429796
135.282449
137.260045
139.279592
141.162041
143.164943
145.076236
146.929569
148.742041
150.559592
152.500952
154.288571
156.181769
158.286984
160.459546
162.823810
164.977551
167.190612
169.394830
172.910068
174.782222
177.286122
179.501633
183.397324
186.504490
190.297868
193.596508
195.402857
200.671111
204.048980
207.821633
211.330612
213.864354
219.581633
226.338095
