1.177687
3.546032
6.053587
8.725896
10.926122
12.268345
14.775918
18.975102
21.307347
23.850794
26.427619
28.607574
30.017687
32.565850
36.635556
38.806077
40.940272
42.397823
44.190612
46.045669
47.507438
48.949388
50.115601
51.523401
53.369252
55.634422
57.788980
59.552698
61.297551
62.863492
64.636735
65.853333
67.294195
68.701905
70.418413
71.989297
73.532381
74.246531
75.714286
77.194240
78.728753
79.412653
80.835873
82.375011
83.880272
84.591111
86.138617
86.841270
88.296372
89.745306
91.200227
92.628027
94.089660
95.010476
95.753152
96.460714
97.169048
97.989442
99.036327
101.859501
103.937098
106.535510
108.110476
110.517959
112.281859
114.299184
116.881224
119.113061
121.353878
123.349796
126.002449
127.940045
129.819592
131.602041
133.664943
135.756236
137.709569
139.562041
141.439592
143.320952
145.188571
147.001769
149.188995
151.199546
153.543810
155.737551
157.850612
160.054830
163.590068
165.422222
167.686122
169.881633
173.297324
175.624490
178.558934
180.979612
182.462857
186.551111
189.188980
192.270816
194.870612
196.724354
202.801633
210.118095
