0.977687
3.506032
6.415873
9.605896
11.766122
13.328345
15.835918
19.855102
22.256735
25.050794
28.127619
30.367574
31.955374
34.206463
37.795556
40.066077
42.680272
44.357823
46.770612
49.025669
50.727438
52.329388
53.671202
55.103401
56.789252
58.960952
60.908980
62.992698
64.857551
66.886984
69.056735
70.893333
73.034195
74.781905
76.958413
78.669297
80.332381
81.066531
82.728571
84.394240
86.068753
86.832653
88.395873
90.055011
91.660272
92.471111
94.077234
94.861270
96.516372
98.165306
99.760227
101.468027
103.089660
104.210476
105.193152
106.162857
106.958095
108.107211
108.859265
111.879501
115.117098
118.355510
120.270476
123.797959
126.121859
128.639184
132.326122
135.393061
138.033878
140.809796
143.682449
145.780045
147.979592
150.122041
152.204943
154.358745
156.489569
158.302041
160.359592
162.440952
164.448571
166.214150
169.026984
171.019546
173.283810
175.557551
177.750612
179.774830
183.650068
185.742222
188.526122
191.221633
195.797324
198.604490
202.437868
205.956508
207.702857
213.351111
216.448980
220.121633
224.030612
227.144354
233.181633
241.878095
