0.632698
1.518685
2.238776
3.036190
3.778730
4.606667
5.439365
6.237551
7.085079
7.871247
8.601224
9.426122
10.211111
10.994286
11.804535
12.630612
13.402177
14.171247
14.945941
15.721224
16.516871
17.283673
18.116961
18.854921
19.663673
20.482721
21.267891
22.057460
22.934875
23.734376
24.520635
25.328571
26.142812
26.923265
27.739365
28.550794
29.390476
30.172426
31.001224
31.795873
33.011066
33.919274
34.867483
35.905850
37.061780
38.042041
39.018912
40.716281
44.897551
45.729388
46.616599
47.489796
48.350884
49.228163
50.016961
50.915918
51.757506
52.627755
53.413878
54.166395
54.944762
55.699819
56.482857
57.277506
58.036735
58.804898
59.562041
60.331565
61.079184
61.796644
62.558141
63.375873
64.318776
65.048254
65.863492
66.606440
67.407528
68.218367
69.045306
69.841633
70.642857
71.430794
72.162449
72.903084
73.714014
74.462857
75.208798
75.960136
76.756190
77.483492
78.209388
79.005079
79.797460
80.567937
81.357052
82.191837
83.490612
84.271746
84.978005
85.801633
86.605714
87.422857
88.228163
89.008027
89.990612
90.769161
91.584082
92.406122
93.260816
94.093968
94.951655
95.784898
96.627937
97.437551
98.271157
99.052653
99.875238
100.679592
101.455510
102.263129
103.067937
103.900680
104.738957
105.511429
106.361859
107.177687
107.985714
108.787347
109.598367
110.395918
111.173469
112.042948
112.784898
113.635873
114.399184
115.169796
116.031429
117.211746
118.066213
119.177642
120.494286
121.185306
122.118640
123.071587
124.786440
125.586984
126.518821
127.579592
130.782222
131.568798
132.354286
133.307755
134.107347
135.027347
135.827755
136.656871
137.609524
138.381995
139.251066
140.029342
140.835193
141.612698
142.430930
143.227302
144.004082
144.844444
145.658685
146.422041
147.171020
147.981315
148.749841
149.540408
150.728118
151.563333
152.272698
153.084535
153.844671
154.577687
155.376327
156.147302
156.945397
157.745488
158.546667
159.311156
160.146168
160.888390
161.647936
162.421315
163.203492
163.976326
164.775782
165.534286
166.349841
167.114331
167.874286
168.599184
170.018503
170.901225
171.701406
172.582721
173.359682
174.156508
174.970340
175.797551
176.621814
177.426531
178.159048
178.969206
179.767347
180.542358
181.342540
182.179320
182.967891
183.733424
184.517098
185.308843
186.099093
186.865306
187.645034
188.416780
189.208617
190.055102
190.830476
191.636735
192.497959
193.283492
194.095510
194.888254
195.700091
196.493832
197.281587
198.097551
198.935601
199.739002
200.551882
201.340635
202.580091
203.477551
204.489297
205.538594
206.880952
207.860318
208.933878
210.906531
214.069460
