0.452698
1.318685
2.098776
2.956190
3.698730
4.546667
5.379365
6.217551
7.125079
8.031247
8.781224
9.686122
10.491111
11.334286
12.142268
13.010612
13.862177
14.691247
15.425941
16.221224
17.056871
17.843673
18.656961
19.454921
20.283673
21.102721
21.887891
22.777460
23.674875
24.534376
25.400635
26.228571
27.122812
27.943265
28.759365
29.530794
30.350476
31.132426
31.961224
32.655175
33.851066
35.019274
36.047483
37.085850
38.167120
39.262041
40.251782
41.996281
47.377551
48.309388
49.236599
50.089796
50.990884
51.828163
52.636961
53.615918
54.368753
55.407755
56.193878
57.086395
57.904762
58.819819
59.642857
60.497506
61.356735
62.184898
63.022041
63.831565
64.699184
65.556644
66.358141
67.215873
68.418776
69.228254
70.043492
70.866440
71.687528
72.518367
73.345306
74.161633
75.002857
75.850794
76.642449
77.483084
78.314014
79.142857
79.948798
80.760136
81.576190
82.443492
83.229796
84.065079
84.894921
85.747937
86.537052
87.451837
88.729796
90.291746
91.178005
91.981633
92.905714
93.762857
94.628163
95.522676
96.490612
97.309161
98.144082
99.046122
99.900816
100.753968
101.603885
102.454694
103.387937
104.237551
105.091156
105.892653
106.715238
107.539592
108.335510
109.103129
109.867936
110.660680
111.418957
112.251429
113.141859
113.977687
114.825714
115.707347
116.538367
117.395918
118.193469
118.982948
119.784898
120.595873
121.399592
122.189796
123.311429
124.411746
125.286213
126.457642
127.554286
128.585306
129.558639
130.643175
133.566440
134.826984
135.798821
137.279592
141.582222
142.448798
143.274286
144.387755
145.227347
146.287347
147.127755
148.016871
149.109524
150.041995
150.931066
151.829342
152.675193
153.492698
154.330930
155.207302
156.024082
156.844444
157.658685
158.482041
159.311020
160.121315
160.949841
161.800408
163.248118
164.063333
164.912698
165.784535
166.644671
167.477687
168.316327
169.147302
169.985397
170.885488
171.706667
172.491156
173.306168
174.088390
174.827936
175.621315
176.403492
177.216327
178.015782
178.874286
179.574921
180.354331
181.114286
181.673197
183.718503
184.661225
185.421406
186.342721
187.159682
187.996508
188.810340
189.717551
190.581814
191.486531
192.239048
193.209206
194.027347
194.902358
195.701270
196.619320
197.407891
198.213424
198.997097
199.828843
200.679093
201.485306
202.285034
203.116780
203.908617
204.755102
205.530476
206.416735
207.337959
208.203492
209.075510
209.928254
210.800091
211.573832
212.401587
213.157551
213.955601
214.759002
215.551882
216.340635
217.420272
218.557551
219.649297
220.738594
221.800952
223.040317
224.073878
226.106531
230.767302
