2.085397
3.038685
3.838776
4.736190
5.518730
6.366667
7.219365
8.037551
8.885079
9.771247
10.501224
11.426122
12.231111
13.054286
13.902268
14.690612
15.502177
16.351247
17.205941
18.021224
18.836871
19.683673
20.476961
21.274921
22.083673
22.942721
23.727891
24.534921
25.454875
26.274376
27.100635
27.928571
28.762812
29.523265
30.359365
31.130794
31.950476
32.737279
33.561224
34.315873
35.491066
36.639274
37.727483
38.805850
39.967120
41.082041
42.238912
44.016281
48.899510
49.798776
50.716599
51.489796
52.410884
53.188163
54.036961
54.975918
55.797506
56.627755
57.353878
58.146395
58.924762
59.719819
60.462857
61.257506
62.056735
62.844898
63.642041
64.431565
65.219184
66.016644
66.798141
67.715873
68.592925
69.388254
70.223492
71.006440
71.827528
72.658367
73.485306
74.261633
75.062857
75.850794
76.622449
77.403084
78.214014
79.022857
79.828798
80.600136
81.376190
82.143492
82.889796
83.685079
84.477460
85.287937
86.097052
86.951837
88.050612
89.091746
89.898005
90.761633
91.685714
92.482857
93.328163
94.168027
95.090612
95.969161
96.864082
97.704490
98.680816
99.513968
100.371655
101.164898
102.107937
102.957551
103.751157
104.532653
105.375238
106.199592
106.955510
107.743129
108.487937
109.300680
110.098957
110.871429
111.721859
112.577687
113.385714
114.207347
115.018367
115.815918
116.593469
117.402948
118.224898
119.015873
119.779592
120.549796
121.491429
122.591746
123.406213
124.457642
125.794286
126.886530
127.958639
129.143175
131.506440
132.383492
133.258821
134.479592
138.342222
139.248798
140.034286
141.067755
141.775782
142.667347
143.447755
144.276871
145.189524
145.961996
146.851066
147.629342
148.415193
149.232698
150.010930
150.827302
151.624082
152.444444
153.257370
154.022041
154.791020
155.601315
156.349841
157.140408
158.208118
159.003333
159.812698
160.684535
161.524671
162.277687
163.088980
163.927302
164.765397
165.565488
166.386667
167.171156
168.006168
168.788390
169.587937
170.361315
171.123492
171.996327
172.735782
173.534286
174.309841
175.054331
175.844762
176.399184
177.858503
178.761224
179.521406
180.442721
181.239682
182.036508
182.850340
183.697551
184.521814
185.406531
186.139048
187.029206
187.847347
188.662358
189.521270
190.339320
191.127891
191.933424
192.757097
193.528843
194.359093
195.185306
195.965034
196.736780
197.548617
198.395102
199.170476
199.956735
200.857959
201.663492
202.455510
203.248254
204.020091
204.793832
205.621587
206.417551
207.255601
208.038005
208.851882
209.620635
210.840272
211.917551
213.338594
214.738594
216.100952
217.580318
219.013878
221.346531
225.867302
