0.412698
1.298685
2.058776
2.976190
3.778730
4.646667
5.519365
6.317551
7.185079
8.071247
8.861224
9.746122
10.511111
11.354286
12.182268
12.990612
13.762177
14.551247
15.305941
16.061224
16.856871
17.583673
18.376961
19.114921
19.843673
20.622721
21.387891
22.137460
22.954875
23.677188
24.420635
25.228571
25.951406
26.703265
27.459365
28.190794
28.950476
29.712426
30.481224
31.235873
32.291066
33.279274
34.347483
35.445850
36.507120
37.562041
38.678912
40.716281
45.637551
46.649388
47.458299
48.309796
49.150884
49.968163
50.716961
51.615918
52.397506
53.207755
53.933878
54.686395
55.444762
56.219819
56.951429
57.718753
58.496735
59.264898
60.042041
60.811565
61.559184
62.251329
62.978141
63.795873
64.738776
65.428254
66.203492
66.986440
67.787528
68.598367
69.425306
70.260816
71.022857
71.790794
72.522449
73.263084
74.074014
74.802857
75.508798
76.260136
77.016190
77.803492
78.489796
79.285079
80.057460
80.787937
81.557052
82.371837
83.630612
84.851746
85.658005
86.461633
87.325714
88.122857
88.928163
89.722676
90.570612
91.489161
92.324082
93.246122
94.100816
94.913968
95.771655
96.644898
97.447937
98.257551
99.011156
99.772653
100.535238
101.359592
102.095510
102.803129
103.587936
104.380680
105.158957
105.831429
106.661859
107.477687
108.265714
109.047347
109.858367
110.615918
111.393469
112.162948
112.924898
113.695873
114.459592
115.229796
116.171429
117.191746
117.986213
118.817642
120.154286
121.185306
122.098639
123.123175
125.526440
126.466984
127.419607
128.899942
132.602222
133.428798
134.214286
135.147755
135.947347
136.847347
137.647755
138.496871
139.369524
140.121995
140.991066
141.789342
142.615193
143.392698
144.190930
145.007302
145.784082
146.604444
147.398685
148.162041
148.951020
149.741315
150.509841
151.300408
152.288118
153.143333
153.852698
154.664535
155.484671
156.217687
157.032653
157.847302
158.625397
159.445488
160.246667
161.011156
161.786168
162.548390
163.287937
164.041315
164.803492
165.596327
166.335782
167.114286
167.874921
168.674331
169.434286
169.612410
171.398503
172.261224
173.021406
173.922721
174.719682
175.536508
176.350340
177.197551
178.061814
178.946531
179.679048
180.549206
181.387347
182.182358
182.981270
183.799320
184.627891
185.413424
186.177098
186.908843
187.699093
188.465306
189.245034
189.996780
190.748617
191.515102
192.311429
193.096735
193.877959
194.623492
195.395510
196.148254
196.920091
197.673832
198.421587
199.177551
199.955601
200.719002
201.491882
202.280635
203.500272
204.317551
205.369297
206.498594
207.640952
208.860159
209.993878
212.646531
216.195913
