0.652698
1.618685
2.438776
3.276190
4.058730
4.886667
5.719365
6.537551
7.385079
8.251247
9.021224
9.846122
10.671111
11.474286
12.282268
13.130612
13.962177
14.751247
15.545941
16.341224
17.176871
17.943673
18.796961
19.614921
20.403673
21.242721
22.027891
22.837460
23.754875
24.614376
25.420635
26.228571
27.062812
27.883265
28.699365
29.490794
30.310476
31.132426
31.941224
32.755873
33.951066
34.879274
35.947483
37.025850
38.367120
39.322041
40.458912
42.156281
46.179388
47.038776
47.896599
48.729796
49.570884
50.388163
51.216961
52.155918
52.897506
53.767755
54.553878
55.386395
56.204762
56.999819
57.862857
58.677506
59.496735
60.324898
61.142041
61.991565
62.819184
63.636644
64.418141
65.275873
66.449466
67.068254
67.866984
68.666440
69.547528
70.378367
71.205306
72.041633
72.862857
73.650794
74.402449
75.183084
76.014014
76.842857
77.588798
78.360272
79.156190
79.943492
80.689796
81.525079
82.317460
83.107937
83.897052
84.711837
86.330612
87.243492
88.098005
88.981633
89.805714
90.762857
91.568163
92.462676
93.330612
94.169161
95.004082
95.826122
96.660816
97.453968
98.271655
99.104898
99.947937
100.817551
101.611157
102.412653
103.235238
104.079592
104.855510
105.683129
106.447936
107.340680
108.118957
108.931429
109.861859
110.717687
111.531429
112.367347
113.218367
114.075918
114.913469
115.762948
116.564898
117.415873
118.239592
119.069796
120.191429
121.151746
122.026213
123.039214
124.074286
124.805306
125.638639
126.670794
128.686440
129.506984
130.418821
131.458639
134.200556
134.548798
135.334286
136.287755
137.067347
138.027347
138.807755
139.636871
140.629524
141.381995
142.291066
143.089342
143.935193
144.732698
145.550930
146.347302
147.124082
147.984444
148.758685
149.542041
150.291020
151.081315
151.869841
152.660408
153.748118
154.623333
155.372698
156.204535
157.044671
157.797687
158.616327
159.427302
160.265397
161.105488
161.906667
162.711156
163.506168
164.288390
165.055873
165.861315
166.643492
167.456327
168.195782
168.974286
169.754921
170.534331
171.354286
172.009932
174.458503
175.381225
176.201406
177.042721
177.839682
178.636508
179.470340
180.297551
181.161814
182.026531
182.779048
183.629206
184.447347
185.262358
186.081270
186.919320
187.747891
188.533424
189.337097
190.148843
190.939093
191.745306
192.565034
193.393560
194.168617
195.015102
195.800952
196.636735
197.537959
198.403492
199.215510
200.008254
200.840091
201.673832
202.481587
203.257551
204.095601
204.939002
205.711882
206.520635
207.700272
208.697551
209.869297
211.118594
212.440952
213.620317
214.793878
216.616855
220.707302
