0.492698
1.378685
2.138776
2.996190
3.838730
4.686667
5.539365
6.317551
7.185079
8.031247
8.801224
9.666122
10.471111
11.294286
12.122268
12.950612
13.802177
14.611247
15.445941
16.261224
17.116871
17.943673
18.816961
19.594921
20.383673
21.202721
22.027891
22.837460
23.714875
24.534376
25.340635
26.148571
27.002812
27.823265
28.619365
29.461587
30.290476
31.152426
32.001224
32.755873
34.071066
35.159274
36.447483
37.525850
38.747120
40.062041
41.298912
43.216281
47.897551
48.809388
49.676599
50.529796
51.390884
52.248163
53.016961
53.935918
54.737506
55.687755
56.453878
57.306395
58.104762
58.979819
59.762857
60.577506
61.376735
62.184898
62.982041
63.791565
64.619184
65.436644
66.218141
67.175873
68.518776
69.148254
69.983492
70.826440
71.627528
72.478367
73.305306
74.141633
74.962857
75.841587
76.582449
77.343084
78.234014
79.182857
79.977596
80.760136
81.536190
82.423492
83.169796
83.985079
84.797460
85.627937
86.417052
87.511837
89.482449
90.991746
91.798005
92.601633
93.425714
94.302857
95.148163
96.042676
96.970612
97.769161
98.624082
99.506122
100.380816
101.253968
102.131655
102.924898
103.767937
104.617551
105.451156
106.292653
107.115238
107.979592
108.815510
109.623129
110.467936
111.320680
112.178957
113.031429
113.941859
114.777687
115.625714
116.467347
117.318367
118.275918
119.093469
119.942948
120.744898
121.655873
122.399592
123.209796
124.331429
125.431746
126.246213
127.197642
128.494286
129.565306
130.498639
131.583175
134.166440
135.106984
136.038821
137.619592
140.882222
141.788798
142.574286
143.527755
144.327347
145.294694
146.087755
146.896871
147.889524
148.601995
149.531066
150.289342
151.095193
151.872698
152.690930
153.487302
154.304082
155.144444
155.918685
156.762041
157.531020
158.381315
159.209841
160.080408
161.628118
162.546667
163.445397
164.344535
165.324671
166.157687
167.096327
168.027302
168.925397
169.845488
170.726667
171.591156
172.466168
173.328390
174.147936
175.001315
175.806984
176.716327
177.515782
178.434286
179.254921
180.114331
180.974286
181.839184
184.238503
185.121225
185.861406
186.682721
187.519682
188.356508
189.170340
189.977551
190.841814
191.706531
192.479048
193.329206
194.167347
194.982358
195.801270
196.619320
197.487891
198.253424
199.077098
199.868843
200.719093
201.510612
202.345034
203.156780
203.948617
204.775102
205.610476
206.416735
207.317959
208.123492
208.935510
209.708254
210.520091
211.367664
212.241587
213.037551
213.855601
214.679002
215.531882
216.320635
217.540272
218.777551
220.249297
221.558594
223.200952
224.660317
226.073878
228.666531
233.167302
