1.232698
2.458685
3.238776
4.036190
4.838730
5.666667
6.499365
7.357551
8.205079
9.071247
9.841224
10.706122
11.531111
12.374286
13.184535
14.070612
14.942177
15.771247
16.605941
17.481224
18.276871
19.183673
20.096961
20.874921
21.723673
22.622721
23.467891
24.312381
25.294875
26.114376
26.940635
27.748571
28.602812
29.423265
30.259365
31.090794
31.970476
32.809705
33.661224
34.475873
35.871066
36.999274
38.307483
39.665850
40.947120
42.282041
43.758912
45.996281
51.797551
52.608163
53.716599
54.529796
55.530884
56.448163
57.356961
58.375918
59.197506
60.127755
60.893878
61.766395
62.564762
63.419819
64.182857
65.017506
65.856735
66.664898
67.502041
68.331565
69.139184
69.956644
70.778141
71.667937
72.858776
73.688254
74.383492
75.266440
76.046882
76.998367
77.685306
78.541633
79.362857
80.150794
81.062449
81.863084
82.754014
83.582857
84.408798
85.240408
86.156190
86.990476
87.809796
88.665079
89.497460
90.391746
91.217052
92.151837
93.281224
95.251746
96.058005
96.921633
97.765714
98.742857
99.568163
100.402676
101.410612
102.269161
103.184082
104.106122
105.080816
106.013968
106.891655
108.004898
108.807937
109.657551
110.591156
111.372653
112.335238
113.099592
113.915510
114.743129
115.587936
116.440680
117.318957
118.231429
119.141859
120.037687
120.925714
121.827347
122.718367
123.847755
124.713469
125.382948
126.184898
127.015873
127.899592
128.729796
129.931429
131.411746
132.726213
134.017642
135.554286
136.905306
138.218639
139.543175
142.666440
143.766984
144.937642
147.039592
151.202222
152.028798
152.894286
153.987755
154.767347
155.714694
156.567755
157.476871
158.489524
159.341995
160.295329
161.149342
162.035193
162.852698
163.730930
164.607302
165.444082
166.324444
167.213424
168.022041
168.871020
169.761315
170.559683
171.460408
172.748118
173.683333
174.512698
175.444535
176.384671
177.257687
178.156327
179.074603
179.965397
180.885488
181.766667
182.651156
183.526168
184.396780
185.255873
186.046576
186.963492
187.876327
188.755782
189.574286
190.434921
191.274331
192.154286
193.099184
195.138503
196.061225
196.841406
197.722721
198.539682
199.476508
200.310340
201.197551
202.061814
202.966531
203.759048
204.649206
205.567347
206.422358
207.281270
208.179320
209.027891
209.873424
210.737098
211.588843
212.478186
213.305306
214.175102
214.993560
216.128617
216.775102
217.590476
218.416735
219.397959
220.263492
221.135510
221.928254
222.800091
223.633832
224.481587
225.297551
226.155601
226.998005
227.851882
228.620635
229.980272
231.097551
232.289297
233.538594
234.980952
236.620317
238.153878
240.466531
244.647302
