0.692698
1.658685
2.458776
3.416190
4.298730
5.206667
6.159365
7.077551
8.065079
9.031247
9.841224
10.746122
11.671111
12.514286
13.342268
14.250612
15.124354
15.971247
16.785941
17.681224
18.516871
19.383673
20.276961
21.014921
21.863673
22.662721
23.527891
24.377460
25.274875
26.174376
27.000635
27.888571
28.742812
29.623265
30.459365
31.270794
32.130476
32.952426
33.841224
34.775873
36.491066
37.619274
38.867483
40.245850
41.727120
42.982041
44.278912
46.216281
51.357551
52.476327
53.516599
54.569796
55.750884
56.648163
57.656961
58.735918
59.657506
60.687755
61.553878
62.466395
63.344762
64.259819
65.162857
66.057506
66.976735
67.844898
68.762041
69.711565
70.759184
71.716644
72.658141
73.975873
75.718776
76.608254
77.537460
78.486440
79.447528
80.438367
81.325306
82.341633
83.302857
84.230794
85.109796
86.023084
87.054014
87.962857
88.868798
89.820136
90.756190
91.803492
92.689796
93.705079
94.797460
95.707937
96.657052
97.831837
100.170612
101.591746
102.458005
103.401633
104.445714
105.282857
106.268163
107.122676
108.170612
108.969161
109.884082
110.846122
111.740816
112.713968
113.631655
114.544898
115.527937
116.437551
117.331157
118.172653
119.055238
119.899592
120.755510
121.523129
122.367936
123.220680
124.098957
124.951429
125.881859
126.797687
127.625714
128.527347
129.398367
130.311837
131.213469
132.022948
132.824898
133.715873
134.559592
135.709796
137.491429
138.591746
139.586213
141.037642
142.514286
144.005306
145.278639
146.743175
149.426440
150.926984
152.078821
154.219592
158.502222
159.468798
160.394286
161.447755
162.287347
163.387347
164.267755
165.336871
166.469524
167.321995
168.311066
169.209342
170.175193
171.072698
171.990930
172.927302
173.924082
174.824444
175.758685
176.742041
177.771020
178.661315
179.669841
180.840408
182.288118
183.223333
184.105397
185.084535
186.004671
186.917687
187.752653
188.767302
189.665397
190.645488
191.546667
192.451156
193.386168
194.348390
195.207936
196.081315
197.023492
197.972653
198.855782
199.774286
200.674921
201.614331
202.514286
203.559184
205.778503
206.761224
207.541406
208.502721
209.339682
210.336508
211.250340
212.197551
213.161814
214.106531
214.939048
215.869206
216.687347
217.622358
218.521270
219.439320
220.367891
221.246848
222.097097
223.008843
223.839093
224.705306
225.525034
226.336780
227.128617
228.035102
228.930476
229.816735
230.717959
231.643492
232.535510
233.368254
234.280091
235.133832
235.961587
236.777551
237.675601
238.479002
239.351882
240.300635
241.860272
243.237551
244.629297
246.158594
247.780952
249.380317
250.773878
253.406531
257.867302
