0.885397
1.818685
2.518776
3.416190
4.178730
5.006667
5.759365
6.497551
7.235026
8.031247
8.701224
9.586122
10.371111
11.174286
12.022268
12.830612
13.621088
14.371247
15.105941
15.861224
16.723374
17.423673
18.276961
19.034921
19.783673
20.562721
21.387891
22.137460
22.994875
23.774376
24.520635
25.288571
26.042812
26.783265
27.559365
28.270794
29.030476
29.752426
30.501224
31.255873
32.442766
33.379274
34.427483
35.625850
36.827120
37.982041
39.338912
41.396281
45.917551
46.709388
47.536599
48.369796
49.230884
50.068163
50.916961
51.795918
52.677506
53.627755
54.418469
55.266395
56.064762
56.919819
57.751429
58.557506
59.416735
60.204898
61.062041
61.831565
62.719184
63.536644
64.318141
64.853587
66.432925
66.968254
67.763492
68.546440
69.347528
70.138367
70.985306
71.750816
72.562857
73.350794
74.162449
74.943084
75.734014
76.622857
77.388798
78.200136
78.996190
79.863492
80.649388
81.505079
82.357460
83.207937
83.997052
84.991837
86.361224
87.451746
88.238005
89.021633
89.845714
90.582857
91.348163
92.122676
92.970612
93.769161
94.564082
95.386122
96.240816
97.073968
97.931655
98.724898
99.567937
100.377551
101.191157
101.972653
102.735238
103.539592
104.335510
105.083129
105.847937
106.640680
107.418957
108.171429
108.921859
109.737687
110.565714
111.327347
112.138367
112.895918
113.653469
114.422948
115.184898
115.875873
116.619592
117.289796
118.091429
119.171746
120.066213
121.117642
122.114286
123.185306
124.119320
125.143175
127.686440
128.646984
129.678821
131.059592
134.682222
135.108798
135.837143
136.727755
137.527347
138.327347
139.107755
139.913741
140.789524
141.561995
142.451066
143.209342
144.035193
144.812698
145.610930
146.427302
147.204082
148.004444
148.798685
149.582041
150.371020
151.141315
151.909841
152.700408
153.772029
154.503333
155.332698
156.184535
156.944671
157.697687
158.496327
159.267302
160.065397
160.845488
161.623333
162.351157
163.106168
163.848390
164.567937
165.301315
166.063492
166.836327
167.555782
168.314286
169.114921
169.854331
170.674286
171.343387
172.958503
173.821224
174.581406
175.462721
176.279682
177.076508
177.890340
178.717551
179.481814
180.286531
180.999048
181.869206
182.667347
183.482358
184.301270
185.139320
185.907891
186.673424
187.457098
188.208843
188.999093
189.785306
190.565034
191.336780
192.108617
192.895102
193.670476
194.436735
195.277959
196.063492
196.855510
197.568254
198.340091
199.113832
199.861587
200.617551
201.375601
202.119002
202.871882
203.600635
204.740272
205.677551
206.869297
208.138594
209.360952
210.680318
212.233878
214.586531
218.087302
