0.665397
1.598685
2.338776
3.176190
3.958730
4.806667
5.599365
6.397551
7.265079
8.131247
8.941224
9.806122
10.631111
11.454286
12.262268
13.150612
13.982177
14.851247
15.665941
16.481224
17.316871
18.083673
18.956961
19.694921
20.503673
21.282721
22.107891
22.897460
23.814875
24.674376
25.520635
26.368571
27.222812
28.023265
28.919365
29.690794
30.570476
31.352426
32.241224
32.975873
34.171066
34.999274
35.947483
36.965850
38.167120
38.922041
39.898912
41.196281
43.899748
44.449388
45.376599
46.129796
47.010884
47.808163
48.616961
49.515918
50.299169
51.107755
51.893878
52.686395
53.484762
54.259819
55.062857
55.837506
56.616735
57.384898
58.202041
58.971565
59.779184
60.596644
61.378141
62.375873
63.938776
64.568254
65.383492
66.166440
67.027528
67.838367
68.705306
69.601633
70.502857
71.330794
72.142449
73.023084
73.834014
74.662857
75.448798
76.220136
77.076190
77.903492
78.729796
79.525079
80.397460
81.107937
81.957052
82.831837
84.330612
85.231746
86.058005
86.881633
87.685714
88.622857
89.468163
90.262676
91.110612
91.889161
92.724082
93.572245
94.480816
95.313968
96.171655
97.024898
97.867937
98.737551
99.571157
100.432653
101.235238
102.059592
102.935510
103.763129
104.567937
105.520680
106.278957
107.151429
108.101859
108.977687
109.837143
110.727347
111.598367
112.435918
113.273469
114.122948
114.944898
115.715873
116.599592
117.389796
118.371429
119.471746
120.406213
121.517642
122.574286
123.545306
124.338639
125.363175
126.786440
127.706984
128.618821
129.919592
133.182222
133.548798
134.334286
135.227755
136.007347
136.834694
137.627755
138.496871
139.489524
140.341995
141.311066
142.129342
143.070385
143.892698
144.810930
145.667302
146.504082
147.404444
148.294739
149.122041
149.991020
150.821315
151.729841
152.520408
153.908118
154.783333
155.532698
156.384535
157.144671
157.917687
158.716327
159.507302
160.345397
161.165488
161.966667
162.751156
163.586168
164.368390
165.167936
165.902630
166.743492
167.576327
168.335782
169.154286
169.974921
170.754331
171.594286
172.579184
174.238503
175.141224
175.901406
176.782721
177.579682
178.476508
179.290340
180.177551
181.081814
182.006531
182.859048
183.729206
184.607347
185.502358
186.441270
187.319320
188.155782
189.033424
189.877097
190.748843
191.579093
192.465306
193.305034
194.133560
194.928617
195.835102
196.750476
197.553469
198.477959
199.323492
200.215510
201.068254
201.840091
202.733832
203.621587
204.397551
205.295601
206.139002
206.951882
207.760635
208.900030
209.877551
210.989297
212.038594
213.240952
214.390159
215.513878
217.146531
220.577460
