0.592698
1.499342
2.218776
3.076190
3.918730
4.746667
5.559365
6.357551
7.205079
8.031247
8.761224
9.586122
10.391111
11.174286
11.942268
12.730612
13.534059
14.291247
15.085941
15.821224
16.596871
17.383673
18.176961
18.934921
19.683673
20.502721
21.287891
22.057460
22.874875
23.654376
24.460635
25.248571
26.042812
26.803265
27.599365
28.361587
29.170476
29.992426
30.781224
31.575873
33.111066
34.239274
35.647483
37.205850
38.467120
39.922041
41.398912
43.976281
50.577551
51.549388
52.396599
53.169796
53.950884
54.688163
55.456961
56.315918
57.157506
57.967755
58.713878
59.506395
60.244762
61.019819
61.802857
62.577506
63.356735
64.144898
64.962041
65.791565
66.579184
67.496644
68.278141
69.215873
70.698776
71.448254
72.223492
72.946440
73.727528
74.518367
75.265306
76.041633
76.862857
77.630794
78.422449
79.163084
79.934014
80.745714
81.488798
82.260136
82.996190
83.743492
84.489796
85.245079
85.957460
86.767937
87.557052
88.451837
89.808571
91.271746
92.058005
92.881633
93.725714
94.662857
95.528163
96.322676
97.290612
98.049161
98.884082
99.706122
100.540816
101.373968
102.231655
103.044898
103.893968
104.697551
105.451156
106.232653
107.035238
107.879592
108.615510
109.423129
110.167936
111.000680
111.818957
112.591429
113.430930
114.237687
114.985714
115.787347
116.598367
117.355918
118.113469
118.902948
119.644898
120.495873
121.199592
122.149796
123.271429
124.591746
125.606213
126.657642
128.514286
130.105306
131.138639
132.449841
135.706440
136.746984
137.778821
139.299592
143.422222
144.248798
145.014286
145.927755
146.767347
147.627347
148.447755
149.316871
150.369524
151.121995
152.051066
152.809342
153.635193
154.412698
155.230930
156.067302
156.844082
157.684444
158.497370
159.282041
160.051020
160.861315
161.649841
162.460408
163.608118
164.443333
165.165397
165.984535
166.824671
167.537687
168.316327
169.147302
169.985397
170.805488
171.606667
172.411156
173.206168
173.988390
174.755873
175.522630
176.303492
177.136326
177.875782
178.654286
179.454921
180.194331
180.954286
182.131312
184.318503
185.201224
185.881406
186.742721
187.559682
188.356508
189.090340
189.937551
190.781814
191.606531
192.359048
193.229206
194.067347
194.842358
195.661270
196.479320
197.267891
198.073424
198.817097
199.588843
200.359093
201.145306
201.925034
202.676780
203.428617
204.215102
205.010476
205.756735
206.617959
207.383492
208.175510
208.948254
209.700091
210.487664
211.261587
212.017551
212.835601
213.579002
214.351882
215.140635
216.720272
217.977551
219.389297
220.998594
222.600952
223.960318
225.353878
227.966531
232.507302
