0.832698
1.798685
2.578776
3.516190
4.338730
5.226667
6.119365
6.977551
8.005079
8.971247
9.761224
10.646122
11.491111
12.414286
13.262268
14.150612
14.942177
15.771247
16.545941
17.381224
18.216871
18.983673
19.836961
20.594921
21.383673
22.182721
23.047891
23.817460
24.714875
25.534376
26.320635
27.108571
27.882812
28.683265
29.459365
30.230794
31.030476
31.832426
32.641224
33.415873
34.631066
35.659274
36.727483
37.785850
38.940712
39.822041
40.818912
42.296281
47.057551
47.849388
48.676599
49.529796
50.350884
51.268163
52.076961
52.915918
53.737506
54.607755
55.373878
56.146395
56.904762
57.699819
58.481429
59.277506
60.076735
60.844898
61.641020
62.391565
63.179184
63.976644
64.678141
65.055175
66.558776
67.328254
68.163492
68.966440
69.787528
70.638367
71.465306
72.361633
73.182857
73.970794
74.722449
75.463084
76.314014
77.142857
77.908798
78.720136
79.576190
80.363492
81.109796
81.925079
82.717460
83.567937
84.377052
85.211837
86.391837
87.751746
88.538005
89.441633
90.285714
91.122857
91.948163
92.842676
93.730612
94.569161
95.444082
96.326122
97.200816
98.053968
98.971655
99.804898
100.667937
101.477551
102.332789
103.092653
103.895238
104.739592
105.515510
106.323129
107.107936
107.940680
108.718957
109.531429
110.341859
111.197687
112.005714
112.827347
113.618367
114.455918
115.333469
116.082948
116.844898
117.695873
118.439592
119.289796
120.351429
121.391746
122.205243
123.197642
124.694286
125.785306
126.778639
127.983175
130.526440
131.546984
132.458821
133.719864
136.442222
137.228798
138.054286
139.027755
139.827347
140.807347
141.667755
142.536871
143.529524
144.341995
145.322132
146.149342
147.015193
147.872698
148.710930
149.647302
150.424082
151.344444
152.218685
153.042041
153.891020
154.741315
155.589841
156.360408
157.528118
158.363333
159.212698
160.084535
160.944671
161.697687
162.596327
163.447302
164.285397
165.125488
165.966667
166.791156
167.646168
168.468390
169.307937
170.082630
170.923492
171.816327
172.615782
173.494286
174.314921
175.214331
176.034286
176.719184
178.398503
179.281225
180.061406
180.942721
181.799682
182.656508
183.450340
184.337551
185.261814
186.246531
187.059048
187.929206
188.787347
189.642358
190.481270
191.359320
192.207891
193.013424
193.817097
194.628843
195.439093
196.250612
197.025034
197.853560
198.648617
199.515102
200.310476
201.130204
202.017959
202.783492
203.575510
204.388254
205.180091
206.013832
206.801587
207.597551
208.375601
209.159002
209.991882
210.760635
211.920272
212.877551
213.969297
215.058594
216.280952
217.260317
218.373878
220.326531
223.483651
