0.512698
1.398685
2.158776
3.016190
3.718730
4.546667
5.359365
6.157551
7.005079
7.811247
8.561224
9.386122
10.111111
10.914286
11.702268
12.490612
13.342177
14.131247
14.911882
15.721224
16.516871
17.323673
18.116961
18.874921
19.623673
20.422721
21.227891
22.029841
22.934875
23.714376
24.520635
25.348571
26.142812
26.943265
27.739365
28.490794
29.290476
30.052426
30.881224
31.675873
32.971066
34.259274
35.387483
36.555283
37.703560
38.782041
39.978912
41.916281
46.577551
47.509388
48.376599
49.229796
50.090884
50.988163
51.756961
52.755918
53.757506
54.667755
55.453878
56.266395
57.044762
57.879819
58.662857
59.477506
60.293469
61.084898
61.902041
62.691565
63.499184
64.336644
65.158141
66.115873
67.004694
67.748254
68.523492
69.326440
70.167528
70.958367
71.765306
72.590816
73.402857
74.230794
75.042449
75.823084
76.634014
77.482857
78.308798
79.080136
79.916190
80.703492
81.529796
82.365079
83.197460
83.987937
84.837052
85.651837
86.590612
87.451746
88.258005
89.101633
89.925714
90.762857
91.668163
92.502676
93.470612
94.269161
95.124082
96.046122
96.880816
97.753968
98.671655
99.524898
100.387937
101.277551
102.111157
102.932653
103.755238
104.659592
105.395510
106.183129
107.007936
107.820680
108.698957
109.491429
110.381859
111.177687
112.005714
112.807347
113.618367
114.415918
115.213469
116.062948
116.824898
117.615873
118.439592
119.309796
120.431429
121.531746
122.346213
123.317642
124.634286
125.685306
126.619546
127.703175
129.766440
130.866984
132.078821
133.419592
137.042222
137.948798
138.714286
139.727755
140.547347
141.447347
142.327755
143.216871
144.329524
145.101995
146.011066
146.809342
147.655193
148.452698
149.270930
150.127302
150.924082
151.744444
152.618685
153.442041
154.251020
155.041315
155.869841
156.660408
157.928118
158.763333
159.612698
160.524535
161.404671
162.317687
163.132653
164.027302
164.845397
165.925488
166.786667
167.651156
168.526168
169.368390
170.167936
171.003946
171.863492
172.736327
173.535782
174.394286
175.229841
176.054331
176.874286
177.539864
179.098503
179.981224
180.721406
181.582721
182.319682
183.116508
183.910340
184.737551
185.581814
186.386531
187.119048
187.949206
188.707347
189.502358
190.281270
191.099320
191.907891
192.713424
193.494195
194.288843
195.099093
195.905306
196.685034
197.436780
198.188617
199.015102
199.790476
200.610204
201.517959
202.283492
203.115510
203.928254
204.720091
205.513832
206.321587
207.077551
207.875601
208.639002
209.451882
210.280635
211.620272
212.837551
213.949297
215.118594
216.320476
217.480317
218.593878
220.366531
224.267302
