0.652698
1.677370
2.477551
3.436190
4.318730
5.186667
6.159365
7.057551
7.905079
8.831247
9.641224
10.606122
11.511111
12.374286
13.302268
14.210612
15.142177
16.011247
16.937823
17.821224
18.764354
19.543673
20.476961
21.374921
22.223673
23.102721
24.267891
24.897460
25.834875
26.754376
27.700635
28.568571
29.502812
30.343265
31.239365
32.070794
32.970476
33.812426
34.761224
35.595873
36.811066
37.899274
39.387483
40.765850
42.047120
43.262041
44.478912
46.396281
51.397551
52.317551
53.256599
54.189796
55.150884
56.028163
56.976961
57.995918
59.077506
59.987755
60.833878
61.666395
62.504762
63.419819
64.262857
65.177506
66.036735
66.884898
67.742041
68.611565
69.419184
70.276644
71.118141
71.975873
72.958776
73.768254
74.583492
75.386440
76.207528
76.998367
77.825306
78.661633
79.522857
80.350794
81.142449
82.003084
82.914014
83.742857
84.588798
85.460136
86.296190
87.143492
87.989796
88.825079
89.657460
90.507937
91.377052
92.231837
93.410612
95.091746
95.958005
96.821633
97.845714
98.822857
99.708163
100.562676
101.310612
102.189161
103.084082
104.046122
105.000816
105.933968
106.851655
107.724898
108.727937
109.717551
110.651156
111.532653
112.515238
113.399592
114.315510
115.103129
115.967936
116.860680
117.798957
118.591429
119.521859
120.477687
121.385714
122.307347
123.198367
124.267755
125.193469
125.942948
126.764898
127.555873
128.459592
129.349796
130.631429
131.451746
132.366213
133.377642
134.794286
135.865306
136.918639
138.083175
140.686440
141.766984
142.818821
144.779592
148.422222
149.328798
150.114286
151.107755
151.907347
152.847347
153.647755
154.516871
155.529524
156.381995
157.264263
158.089342
158.995193
159.772698
160.650930
161.447302
162.284082
163.224444
164.038685
164.882041
165.731020
166.561315
167.369841
168.180408
169.288118
170.263333
171.092698
172.044535
172.944671
173.777687
174.696326
175.547302
176.505397
177.390975
178.266667
179.111156
180.026168
180.888390
181.727936
182.561315
183.406984
184.316327
185.135782
186.074286
186.934921
187.774331
188.654286
189.739184
191.658503
192.641224
193.441406
194.362721
195.179682
196.096508
196.950340
197.857551
198.721814
199.626531
200.419048
201.329206
202.167347
203.102358
203.961270
204.859320
205.787891
206.673424
207.537097
208.468843
209.359093
210.265306
211.125034
211.896780
212.808617
213.655102
214.630476
215.396735
216.277959
217.183492
218.095510
218.948254
219.820091
220.673832
221.541587
222.357551
223.235601
224.059002
224.931882
225.820635
227.280272
228.397551
229.649297
230.638594
232.360952
233.580318
234.733878
236.546531
240.687302
