0.552698
1.558685
2.418776
3.336190
4.138730
5.106667
5.999365
6.857551
7.705079
8.631247
9.501224
10.506122
11.351111
12.334286
13.282268
14.170612
15.082177
15.971247
16.797823
17.681224
18.516871
19.423673
20.356961
21.234921
22.083673
23.022721
23.867891
24.714921
25.614875
26.434376
27.320635
28.128571
29.022812
29.843265
30.739365
31.530794
32.410476
33.252426
34.121224
34.915873
36.131066
37.019274
38.047483
39.145850
40.227120
41.162041
42.538912
44.696281
51.268776
52.148163
53.116599
54.069796
55.010884
55.888163
56.736961
57.723673
58.557506
59.367755
60.113878
60.966395
61.784762
62.599819
63.402857
64.257506
65.073469
65.884898
66.742041
67.551565
68.379184
69.196644
69.938141
70.855873
72.018776
72.748254
73.563492
74.439320
75.287528
76.178367
77.005306
77.861633
78.682857
79.530794
80.342449
81.223084
81.954014
82.682857
83.708798
84.500136
85.356190
86.223492
87.049796
87.925079
88.737460
89.623810
90.497052
91.591837
92.450612
93.351746
94.278005
95.181633
96.045714
97.102857
97.928163
98.962676
99.990612
100.789161
101.804082
102.626122
103.620816
104.553968
105.491655
106.404898
107.307937
108.177551
109.071157
109.912653
110.895238
111.859592
112.875510
113.703129
114.487937
115.280680
116.058957
116.891429
117.821859
118.735374
119.625714
120.527347
121.358367
122.215918
123.033469
124.102948
124.844898
125.615873
126.379592
127.149796
128.271429
129.371746
130.446213
131.597642
132.914286
133.985306
135.038639
136.283175
139.246440
140.326984
141.736463
143.359592
147.162222
148.208798
149.074286
150.195510
151.087347
152.187347
153.107755
154.053741
155.089524
156.041995
157.013197
157.809342
158.795193
159.632698
160.550930
161.407302
162.244082
163.164444
164.112109
164.922041
165.771020
166.642630
167.469841
168.300408
169.388118
170.203333
171.078095
171.944535
172.804671
173.577687
174.468980
175.307302
176.145397
177.045488
177.926667
178.771156
179.686168
180.528390
181.407937
182.181315
183.123492
183.976326
184.735782
185.834286
186.574921
187.434331
188.234286
189.119184
189.978503
190.941225
191.761406
192.722721
193.599682
194.436508
195.450340
196.337551
197.261814
198.206531
199.039048
199.969206
200.869388
201.782358
202.721270
203.639320
204.507891
205.333424
206.197097
207.068843
207.899093
208.825306
209.665034
210.516780
211.388617
212.335102
213.170476
214.073469
214.977959
215.903492
216.775510
217.588254
218.460091
219.453832
220.280198
220.895102
221.775601
222.539002
223.431882
224.240635
225.460272
226.317551
227.289297
228.378594
229.562993
230.680318
231.913878
234.226531
239.767302
