0.492698
1.358685
2.118776
2.976190
3.778730
4.646667
5.459365
6.257551
7.105079
7.931247
8.701224
9.506122
10.311111
11.114286
11.882268
12.670612
13.502177
14.331247
15.045941
15.841224
16.576871
17.343673
18.116961
18.854921
19.623673
20.382721
21.207891
21.917460
22.814875
23.574376
24.320635
25.088571
25.862812
26.643265
27.419365
28.250794
29.070476
29.812426
30.621224
31.435873
32.711066
33.899274
34.987483
36.025850
37.227120
38.342041
39.538912
41.476281
46.296259
47.137551
48.036599
48.809796
49.610884
50.528163
51.216961
52.155918
52.977506
53.847755
54.533878
55.266395
56.004762
56.779819
57.494286
58.197506
58.936735
59.704898
60.407347
61.091565
61.819184
62.616644
63.383628
63.929484
65.258776
66.008254
66.803492
67.586440
68.367528
69.158367
69.905306
70.681633
71.362857
72.150794
72.822449
73.663084
74.574014
75.202857
75.748798
76.500136
77.216190
77.903492
78.569796
79.288360
79.998730
80.747937
81.477052
82.311837
83.263673
84.211746
84.998005
85.821633
86.705714
87.502857
88.368163
89.202676
90.090612
90.849161
91.664082
92.486122
93.300816
94.013968
94.931655
95.724898
96.567937
97.357551
98.190231
98.892653
99.715238
100.519592
101.295510
102.063129
102.827936
103.640680
104.418957
105.191429
106.161859
106.977687
107.765714
108.567347
109.378367
110.175918
110.933469
111.782948
112.524898
113.355873
114.119592
115.009796
116.231429
117.331746
118.186213
119.237642
120.554286
121.525306
122.558639
123.743175
127.338639
128.766984
129.877642
132.019592
137.362222
138.168798
139.014286
139.967755
140.727347
141.662041
142.487755
143.316871
144.389524
145.181995
146.071066
146.829342
147.665578
148.432698
149.250930
150.047302
150.824082
151.604444
152.397370
153.202041
153.971020
154.761315
155.549841
156.360408
157.428118
158.283333
158.992698
159.884535
160.644671
161.457687
162.296327
163.127302
163.965397
164.965488
165.766667
166.631156
167.446168
168.288390
169.067937
169.862630
170.703492
171.556327
172.335782
173.194286
174.004762
174.834331
175.654286
176.099184
177.778503
178.661225
179.421406
180.282721
181.119682
181.876508
182.710340
183.537551
184.421814
185.226531
185.999048
186.809206
187.667347
188.462358
189.261270
190.079320
190.967891
191.753424
192.477097
193.268843
193.999093
194.765306
195.545034
196.296780
197.068617
197.855102
198.610476
199.376735
200.317959
201.063492
201.795510
202.488254
203.260091
204.053832
204.821587
205.617551
206.395601
207.179002
207.931882
208.740635
209.960272
211.157551
212.189297
213.318594
214.620952
215.780317
216.913878
219.506531
223.067302
