0.792698
1.758685
2.537551
3.456190
4.318730
5.146667
6.158730
7.017551
7.885079
8.791247
9.581224
10.466122
11.291111
12.174286
13.042268
13.890612
14.742177
15.591247
16.385941
17.222449
18.056871
18.823673
19.736961
20.494921
21.343673
22.122721
23.015782
23.797460
24.594875
25.474376
26.360635
27.168571
28.262812
29.043265
29.839365
30.610794
31.270476
32.012426
32.841224
33.695873
35.091066
36.219274
37.467483
38.825850
40.087120
41.302041
42.598912
44.116281
49.057551
49.889388
50.853197
51.709796
52.570884
53.528163
54.336961
55.323673
56.157506
56.927755
57.713878
58.526395
59.284762
60.079819
60.862857
61.657506
62.436735
63.224898
64.022041
64.831565
65.609592
66.416644
67.198141
68.035873
69.138776
70.068254
70.906984
71.726440
72.567528
73.438367
74.265306
75.141633
75.962857
76.810794
77.544898
78.343084
79.154014
80.122857
80.768798
81.540136
82.396190
83.183492
83.939592
84.785079
85.597460
86.487937
87.257052
88.231837
89.430612
90.351746
91.158005
92.041633
92.845714
93.882857
94.728163
95.542676
96.530612
97.369161
98.404082
99.126122
99.940816
100.933968
101.791655
102.744898
103.587937
104.457551
105.311156
106.092653
106.935238
107.759592
108.555510
109.383129
110.127937
110.960680
111.798957
112.551429
113.401859
114.277687
115.111429
115.947347
117.018367
117.775918
118.660408
119.502948
120.284898
121.115873
121.859592
122.649796
123.891429
125.031746
126.186213
127.377642
128.874286
129.965306
131.038639
132.243175
134.326440
135.481905
136.758821
138.739592
141.922222
142.828798
143.627143
144.467755
145.227347
146.027347
146.767755
147.616871
148.549524
149.341995
150.193197
150.989342
151.795193
152.612698
153.470930
154.327302
155.104082
155.964444
156.778685
157.562041
158.351020
159.161315
159.909841
160.720408
162.028118
162.823333
163.572698
164.364535
165.344671
166.157687
167.036327
167.907302
168.765397
169.705488
170.566667
171.411156
172.326168
173.188390
174.047936
174.901315
175.763492
176.712653
177.515782
178.354286
179.234921
180.074331
180.974286
182.099184
184.098503
185.021225
185.821406
186.742721
187.619682
188.516508
189.430340
190.317551
191.161814
192.046531
192.859048
193.709206
194.567347
195.442358
196.301270
197.179320
198.007891
198.793424
199.637097
200.448843
201.279093
202.045306
202.925034
203.676780
204.488617
205.255102
206.090476
206.856735
207.737959
208.583492
209.395510
210.168254
211.260091
212.033832
212.861587
213.617551
214.195601
214.979002
215.771882
216.720635
218.140272
219.357551
220.609297
222.038594
223.240952
224.680318
225.953878
227.926531
231.487302
