1.701587
2.698685
3.398776
4.236190
4.978730
5.846667
6.699365
7.557551
8.402540
9.191247
9.941224
10.766122
11.571111
12.434286
13.242268
14.010612
14.802177
15.591247
16.325941
17.141224
17.916871
18.663673
19.476961
20.214921
20.943673
21.742721
22.547891
23.297460
24.114875
24.894376
25.660635
26.428571
27.182812
27.943265
28.739365
29.470794
30.250476
31.012426
31.781224
32.575873
34.031066
35.039274
36.187483
37.425850
38.627120
39.822041
41.178912
43.016281
48.197551
48.989388
49.856599
50.649796
51.450884
52.208163
52.976961
53.875918
54.757506
55.567755
56.313878
57.106395
57.884762
58.659819
59.422857
60.217506
60.996735
61.744898
62.522041
63.291565
64.059184
64.816644
65.532714
66.161587
67.398776
68.208254
69.003492
69.766440
70.567528
71.378367
72.125306
72.941633
73.682857
74.470794
75.202449
75.963084
76.734014
77.482857
78.208798
78.980136
79.716190
80.503492
81.249796
82.045079
82.837460
83.627937
84.377052
85.191837
86.270612
87.131746
87.819335
88.581633
89.325714
90.182857
90.948163
91.742676
92.550612
93.329161
94.164082
94.886122
95.660816
96.473968
97.285828
98.064898
98.907937
99.737551
100.531157
101.312653
102.075238
102.879592
103.635510
104.383129
105.147937
105.940680
106.718957
107.471429
108.301859
109.137687
109.925714
110.727347
111.578367
112.295918
113.066939
113.842948
114.624898
115.415873
116.159592
117.049796
118.171429
119.291746
120.226213
121.277642
122.758095
123.785306
124.778639
125.923175
128.726440
129.626984
130.618821
131.859592
134.142222
134.968798
135.734286
136.767755
137.447347
138.287347
139.087755
139.876871
140.829524
141.601995
142.511066
143.309342
144.115193
144.912698
145.770930
146.607302
147.384082
148.184444
148.998685
149.822041
150.651020
151.481315
152.249841
153.040408
154.368118
155.223333
155.992698
156.864535
157.644671
158.417687
159.268980
160.107302
160.925397
161.785488
162.606667
163.431156
164.246168
165.048390
165.827936
166.661315
167.463492
168.316327
169.135782
169.914286
170.794921
171.574331
172.394286
173.112200
174.598503
175.441225
176.201406
176.962721
177.799682
178.596508
179.490340
180.317551
181.101814
181.946531
182.699048
183.529206
184.327347
185.182358
186.022540
186.879320
187.667891
188.473424
189.177098
190.088843
190.879093
191.625306
192.425034
193.176780
193.948617
194.795102
195.590476
196.396735
197.277959
198.043492
198.835510
199.608254
200.360091
201.113832
201.901587
202.657551
203.455601
204.199002
205.011882
205.880635
207.180272
208.297551
209.469297
210.838594
212.040952
213.460318
214.693878
216.806531
222.327302
