0.592698
1.518685
2.278776
3.196190
4.018730
4.906667
5.859365
6.697551
7.605079
8.551247
9.421224
10.286122
11.213333
12.074286
12.966803
13.870612
14.782177
15.631247
16.505941
17.321224
18.156871
19.043673
19.936961
20.734921
21.563673
22.422721
23.307891
24.117460
25.034875
25.934376
26.780635
27.688571
28.522812
29.463265
30.379365
31.130794
32.070476
32.964853
33.881224
34.695873
35.951066
37.039274
38.287483
39.625850
41.087120
42.262041
43.538912
45.356281
50.397551
51.169388
52.036599
53.009796
54.010884
55.008163
55.876961
56.915918
57.997506
59.035510
59.853878
60.786395
61.684762
62.579819
63.482857
64.437506
65.356735
66.264898
67.182041
68.131565
69.039184
69.976644
70.878141
71.875873
73.018776
74.028254
75.051429
75.966440
76.927528
77.838367
78.845306
79.901633
80.922857
81.850794
82.782449
83.623084
84.534014
85.342857
86.388798
87.200136
88.176190
89.063492
89.849796
90.965079
91.897460
92.727937
93.697052
94.651837
95.670612
96.651746
97.518005
98.461633
99.265714
100.302857
101.228163
102.142676
103.190612
104.018322
105.104082
105.926122
107.000816
107.813968
108.731655
109.664898
110.687937
111.597551
112.571157
113.392653
114.335238
115.259592
116.135510
117.043129
117.847937
118.780680
119.618957
120.511429
121.461859
122.413061
123.257143
124.207347
125.138367
126.175918
126.933469
127.822948
128.604490
129.615873
130.479592
131.269796
132.391429
133.471746
134.466213
135.437642
136.734286
137.685306
138.698639
139.723175
142.366440
143.366984
144.378821
145.759796
149.102222
150.108798
150.994286
152.187755
153.127347
154.207347
155.127755
156.236871
157.629524
158.381995
159.328526
160.229342
161.295193
162.072698
163.050930
163.907302
164.744082
165.704444
166.690794
167.542041
168.451020
169.381315
170.169841
171.020408
172.408118
173.210000
174.150794
175.044535
176.084671
176.875374
177.876327
178.847302
179.685397
180.745488
181.646667
182.631156
183.486168
184.428390
185.247937
186.181315
187.003492
187.961633
188.835782
189.834286
190.654921
191.694331
192.534286
193.539184
195.478503
196.361225
197.141406
198.122721
198.979682
199.936508
200.870340
201.777551
202.721814
203.666531
204.519048
205.429206
206.362041
207.242358
208.141270
209.119320
209.987891
210.853424
211.677098
212.608843
213.419093
214.405306
215.205034
216.036780
216.988617
217.895102
218.770476
219.636735
220.537959
221.503492
222.355510
223.188254
224.160091
225.073832
225.941587
226.797551
227.675601
228.616009
229.531882
230.340635
231.560272
232.697551
234.029297
235.318594
236.880952
238.121270
239.553878
241.403878
244.447302
