0.932698
1.798685
2.498776
3.396190
4.178730
4.986667
5.819365
6.617551
7.545079
8.391247
9.101224
9.886122
10.711111
11.534286
12.322268
13.130612
13.962177
14.751247
15.465941
16.301224
17.096871
17.843673
18.556961
19.254921
19.963673
20.722721
21.467891
22.157460
23.014875
23.774376
24.540635
25.308571
26.062812
26.863265
27.619365
28.330794
29.110476
29.872426
30.561224
31.295873
32.391066
33.459274
34.547483
35.465850
36.827120
37.942041
39.058912
40.696281
44.877551
45.669388
46.416599
47.089796
47.810884
48.528163
49.178481
49.935918
50.677506
51.507755
52.173878
52.926395
53.644762
54.379819
55.102857
55.837506
56.556735
57.304898
58.062041
58.831565
59.579184
60.278322
60.959380
61.855873
62.849878
63.588254
64.383492
65.166440
65.967528
66.798367
67.625306
68.421633
69.242857
70.041587
70.802449
71.523084
72.354014
73.122857
73.868798
74.640136
75.416190
76.183492
76.929796
77.765079
78.477460
79.227937
79.977052
80.771837
82.250612
83.291746
84.018005
84.781633
85.545714
86.342857
87.128163
87.862676
88.690612
89.429161
90.224082
91.006122
91.840816
92.673968
93.431655
94.204898
95.027937
95.817551
96.611157
97.332653
98.095238
98.879592
99.595510
100.343129
101.087936
101.860680
102.578957
103.331429
104.181859
104.957687
105.685714
106.427347
107.218367
107.975918
108.733469
109.522948
110.224898
111.035873
111.759592
112.529796
113.411429
114.471746
115.386213
116.097642
117.394286
118.525306
119.478639
120.825732
122.906440
123.926984
124.898821
126.439592
129.722222
130.488798
131.254286
132.147755
132.867347
133.667347
134.467755
135.256871
136.249524
137.101995
137.991066
138.849342
139.695193
140.432698
141.210930
142.087302
142.824082
143.644444
144.458685
145.262041
146.111020
146.901315
147.729841
148.520408
149.748118
150.583333
151.312698
152.164535
152.884671
153.637687
154.456327
155.347302
156.205397
157.105488
157.926667
158.711156
159.486168
160.248390
161.007936
161.741315
162.543492
163.336327
164.095782
164.894286
165.634921
166.374331
167.214286
168.299184
170.998503
171.821224
172.501406
173.362721
174.179682
174.976508
175.830340
176.657551
177.621814
178.446531
179.199048
180.029206
180.827347
181.722358
182.521270
183.339320
184.187891
184.993424
185.717097
186.548843
187.339093
188.145306
188.885034
189.676780
190.428617
191.195102
191.950476
192.676735
193.537959
194.323492
195.095510
195.848254
196.640091
197.433832
198.221587
198.957551
199.755601
200.519002
201.251882
202.000635
203.360272
204.477551
205.709297
206.738594
208.300952
209.640317
210.913878
212.946531
216.527302
