2.412698
3.337370
4.138776
5.036190
5.898730
6.786667
7.756825
8.697551
9.605079
10.551247
11.341224
12.266122
13.111111
14.054286
14.962268
15.890612
16.882177
17.731247
18.605941
19.462449
20.296871
21.183673
22.196961
22.934921
23.723673
24.662721
25.787891
26.637460
27.534875
28.454376
29.340635
30.208571
31.022812
31.923265
32.839365
33.650794
34.510476
35.402132
36.321224
37.215873
38.751066
39.919274
41.227483
42.565850
43.967120
45.102041
46.418912
47.996281
52.217551
53.109388
54.216599
55.189796
56.070884
57.008163
57.896961
58.795918
59.617506
60.667755
61.453878
62.346395
63.144762
64.019819
64.842857
65.717506
66.596735
67.384898
68.222041
69.091565
69.939184
70.756644
71.558141
72.555873
73.458776
74.268254
75.113968
75.946440
76.807528
77.658367
78.485306
79.361633
80.182857
81.030794
81.822449
82.663084
83.494014
84.462857
85.168798
86.020136
86.836190
87.703492
88.529796
89.425079
90.297460
91.187937
91.977052
92.911837
93.970612
95.071746
95.898005
96.821633
97.765714
98.662857
99.628163
100.444082
101.430612
102.389161
103.384082
104.246122
105.100816
106.073968
107.011655
107.904898
108.907937
109.817551
110.731156
111.572653
112.475238
113.319592
114.155510
114.983129
115.807936
116.642041
117.658957
118.451429
119.261859
120.157687
121.025714
121.867347
122.698367
123.635918
124.453469
125.342948
126.129796
126.995873
127.899592
128.729796
129.831429
130.951746
131.842071
132.649410
133.914286
135.065306
136.078640
137.283175
139.521610
140.446984
141.318821
142.556599
144.622222
145.368798
146.154286
147.107755
147.907347
148.807347
149.607755
150.396871
151.309524
152.081996
152.991066
153.869342
154.675193
155.512698
156.310930
157.167302
158.044082
158.884444
159.698685
160.602041
161.411020
162.241315
163.029841
163.840408
165.028118
165.723333
166.472698
167.364535
168.124671
168.897687
169.716327
170.627302
171.385397
172.245488
173.046667
173.831156
174.666168
175.468390
176.227936
177.041315
177.803492
178.632653
179.375782
180.174286
180.974921
181.714331
182.494286
183.239184
184.438503
185.321224
186.141406
187.002721
187.899682
188.876508
189.730340
190.617551
191.541814
192.426531
193.259048
194.138413
195.007347
195.902358
196.781270
197.699320
198.607891
199.513424
200.357098
201.168843
202.039093
202.905306
203.805034
204.676780
205.448617
206.315102
207.490476
208.136735
208.997959
209.863492
210.755510
211.528254
212.340272
213.167664
214.021587
214.837551
215.675601
216.499002
217.311882
218.240635
219.500272
220.737551
221.969297
223.378594
224.620952
226.040317
227.253878
229.143790
231.927302
