1.152698
2.118685
2.898776
3.856190
4.718730
5.606667
6.479365
7.357551
8.245079
9.191247
9.961224
10.906122
11.771111
12.694286
13.522268
14.430612
15.362177
16.251247
17.065941
17.881224
18.756871
19.523673
20.336961
21.154921
21.963673
22.782721
23.627891
24.457460
25.354875
26.154376
26.960635
27.768571
28.602812
29.423265
30.239365
31.010794
31.830476
32.632426
33.441224
34.195873
35.511066
36.619274
37.727483
38.965850
40.187120
41.482041
42.698912
44.656281
49.517551
50.569388
51.516599
52.529796
53.461769
54.388163
55.296961
56.395918
57.497506
58.467755
59.273878
60.146395
61.004762
61.879819
62.722857
63.597506
64.456735
65.344898
66.242041
67.111565
68.059184
69.036644
69.838141
70.815873
72.178776
73.028254
73.923492
74.786440
75.707528
76.598367
77.525306
78.421633
79.322857
80.261587
81.042449
81.843084
82.654014
83.511429
84.368798
85.180136
86.076190
86.883492
87.709796
88.585079
89.397460
90.267937
91.137052
92.051837
93.210612
94.191746
95.058005
95.981633
96.865714
97.802857
98.788163
99.682676
100.870612
101.749161
102.584082
103.546122
104.440816
105.293968
106.171655
107.364898
108.207937
109.077551
109.931157
110.772653
111.695238
112.539592
113.375510
114.143129
114.967936
115.840680
116.738957
117.551429
118.481859
119.337687
120.185714
120.987347
121.838367
122.635918
123.553469
124.382948
125.204898
126.035873
126.839592
127.649796
128.731429
129.831746
130.646213
131.517642
133.131429
134.385306
135.398640
136.603175
139.126440
140.146984
141.198821
142.519592
146.062222
147.128798
148.074286
149.127755
150.047347
151.127347
152.067755
153.036871
154.389524
155.281995
156.306395
157.148027
158.095193
158.992698
159.930930
160.867302
161.684082
162.644444
163.496054
164.422041
165.291020
166.221315
167.089841
167.980408
169.388118
170.323333
171.245397
172.164535
173.084671
173.957687
174.936327
175.907302
176.806984
177.745488
178.726667
179.571157
180.566168
181.428390
182.327936
183.162630
184.063492
185.036327
185.875782
186.734286
187.754921
188.714331
189.554286
190.579184
192.817007
193.801225
194.661406
195.642721
196.539682
197.436508
198.370340
199.297551
200.261814
201.226531
201.999048
202.969206
203.947347
204.822358
205.701270
206.699320
207.687891
208.533424
209.397098
210.188843
211.019093
211.885306
212.705034
213.536780
214.328617
215.210204
216.050476
216.876735
217.777959
218.603492
219.455510
220.288254
221.160091
221.993832
222.881587
223.637551
224.555601
225.359002
226.191882
227.000635
228.380272
229.497551
230.609297
231.919297
233.100952
234.340317
235.493878
237.504422
240.727302
