0.552698
1.658685
2.457551
3.456190
4.278730
5.186667
6.099365
6.917551
7.765079
8.731247
9.521224
10.426122
11.371111
12.174286
13.002268
13.910612
14.822177
15.631247
16.445941
17.241224
18.136871
18.963673
19.816961
20.594921
21.463673
22.302721
23.127891
24.017460
24.974875
25.854376
26.720635
27.568571
28.522812
29.303265
30.159365
30.990794
31.830476
32.692426
33.541224
34.355873
35.751066
36.859274
38.147483
39.345850
40.927120
41.982041
43.438912
45.816281
50.677347
51.529388
52.513197
53.369796
54.210884
55.048163
55.856961
56.775918
57.777506
58.607755
59.413878
60.246395
61.084762
61.939819
62.742857
63.577506
64.456735
65.304898
66.162041
66.971565
67.779184
68.596644
69.418141
70.295873
71.478776
72.168254
73.023492
73.846440
74.727528
75.578367
76.425306
77.281633
78.122857
79.043175
79.822449
80.703084
81.534014
82.442857
83.268798
84.120136
84.976190
85.823492
86.729796
87.605079
88.537460
89.415873
90.317052
91.211837
92.170612
93.123492
93.998005
94.881633
95.685714
96.754286
97.668163
98.562676
99.490612
100.349161
101.184082
102.146122
103.120816
103.953968
104.851655
105.674694
106.767937
107.717551
108.611157
109.452653
110.295238
111.219592
112.095510
112.883129
113.727936
114.620680
115.498957
116.431429
117.361859
118.237687
119.105714
119.967347
120.858367
121.715918
122.613469
123.525896
124.364898
125.195873
126.119592
127.029796
128.231429
129.391746
130.466213
131.657642
132.954286
134.085306
135.198639
136.403175
138.766440
139.826984
140.938821
142.757085
147.462222
148.297596
149.174286
150.227755
151.027347
151.987347
152.855510
153.816871
154.889524
155.801996
156.788526
157.629342
158.555193
159.392698
160.310930
161.187302
162.004082
162.924444
163.858685
164.642041
165.551020
166.421315
167.269841
168.140408
169.328118
170.163333
171.032698
171.944535
172.844671
173.637687
174.548980
175.427302
176.265397
177.185488
178.086667
178.911156
179.826168
180.616780
181.467937
182.301315
183.143492
184.036327
184.855782
185.674286
186.554921
187.454331
188.314286
189.419184
191.778503
192.741225
193.521406
194.502721
195.379682
196.276508
197.150340
198.057551
198.921814
199.906531
200.699048
201.649206
202.627347
203.462358
204.381270
205.299320
206.227891
207.033424
207.837097
208.728843
209.659093
210.485306
211.285034
212.156780
212.988617
213.855102
214.720952
215.553469
216.497959
217.383492
218.235510
219.108254
219.980091
220.833832
221.661587
222.517551
223.395601
224.259002
225.151882
225.980635
227.320272
228.397551
229.649297
230.978594
232.340952
233.580318
234.833878
237.106531
240.787302
