0.113016
1.164898
1.832245
2.574286
3.209796
3.931429
4.636735
5.350204
6.106939
6.769796
7.568571
8.525306
9.368163
10.127302
10.831020
11.565533
12.167800
12.893605
13.576508
14.270385
14.951837
15.601995
16.545034
17.382041
18.203220
18.967619
19.614694
20.331293
21.022585
21.736599
22.403628
23.095986
23.791837
24.501497
25.156735
25.845034
26.510748
27.198639
27.899592
28.582041
29.356735
30.229342
31.086531
31.818413
32.498957
33.215646
33.882540
34.605306
35.306984
36.009841
36.702540
37.367937
38.056508
38.729206
39.427619
40.105714
40.829206
41.479365
42.278730
43.209796
44.056190
44.811429
45.484444
46.217778
46.887937
47.581270
48.315238
48.980952
49.684444
50.392698
51.098413
51.776825
52.497460
53.198095
53.893061
54.580408
55.267619
55.971111
56.669524
57.350159
58.058413
58.779365
59.513333
60.397143
61.174286
61.932245
62.601224
63.293469
64.002041
64.733469
65.428980
66.152789
66.858095
67.546168
68.322585
69.024989
69.758367
70.454966
71.191247
71.944943
72.612517
73.337506
74.053787
74.764263
75.492154
76.214240
77.123719
78.046349
78.822993
79.539592
80.283946
80.974422
81.638776
82.408095
83.125850
83.801497
84.535238
85.420544
86.451701
87.303129
88.176961
88.877188
89.577415
90.537551
91.466893
92.292517
92.942449
93.747483
94.490612
95.207302
95.973741
96.737279
97.444762
98.222721
99.015102
99.788707
100.757778
101.771111
105.757143
106.626893
107.389932
108.051701
108.818594
109.505034
110.362721
111.188254
112.089660
112.869796
113.534286
114.291020
115.049660
115.817279
116.585057
117.358912
118.181361
118.914966
119.685170
120.458730
121.292834
121.992698
122.821088
123.539456
124.345306
125.112381
125.836871
126.606667
127.472245
128.210476
129.558413
130.799048
132.854966
133.720952
134.557370
135.215737
136.035692
136.696327
137.606757
138.379546
139.228707
140.052381
140.725351
141.490884
142.280227
143.078503
143.813243
144.640454
145.418730
146.195147
146.978821
147.729841
148.529796
149.306213
150.089887
150.822766
151.588299
152.390068
153.106621
153.806667
154.799048
155.575238
156.543946
158.305170
160.236712
161.194921
161.840635
162.566984
163.242857
164.071111
164.963810
165.710159
166.401587
167.080454
167.519048
168.306032
169.062540
169.800000
170.558413
171.266349
171.993016
172.709841
173.391746
174.098095
174.944444
175.701270
176.472698
177.096032
177.680317
178.351746
179.099365
179.822222
180.595238
181.322540
182.145397
183.000000
184.036508
184.813651
185.474603
186.235873
186.942857
187.695238
188.462540
189.179683
189.911111
190.602540
191.293968
192.010454
192.752063
193.424739
194.207596
194.929773
195.656508
196.378413
197.115238
197.801270
198.673333
199.289841
200.041587
200.672381
201.429206
202.160635
202.853333
203.551111
204.332948
205.131111
205.943810
206.926032
208.187302
209.098776
209.916735
210.658571
211.455918
212.144490
213.095397
213.904490
214.617143
215.548571
216.292245
217.141633
217.962857
218.711020
219.604490
220.424898
221.249388
222.107755
222.999592
223.708163
224.488254
225.221224
226.042268
227.282132
228.007755
228.948844
229.776553
230.563129
231.522766
232.336599
233.432834
234.407302
235.218549
236.247937
237.153333
238.038413
238.891429
239.680635
240.693968
241.504762
242.505397
243.299365
244.334921
245.357143
246.190159
247.153061
248.028639
248.949093
249.803265
250.803673
251.677551
252.525805
253.579184
254.532698
255.379592
256.290068
257.246077
258.122630
259.147574
260.147460
261.357551
262.122358
262.826395
263.516553
264.194467
264.915918
265.611565
266.327528
267.020272
267.713333
268.449615
269.226213
269.954422
270.644898
271.323764
271.976825
272.640862
273.371020
274.012472
274.702630
275.415374
276.185850
276.872653
277.705805
278.680726
279.423764
280.111338
280.813424
281.486485
282.176961
282.888073
283.563719
284.233560
284.967574
285.609342
286.323039
287.016417
287.698186
288.244104
288.259738
288.388841
288.500998
289.197014
289.313298
289.591429
289.612234
289.650311
289.755159
289.844329
289.876794
289.898652
290.163367
290.321625
290.430905
290.445551
290.457967
290.467734
290.476781
290.576914
290.859456
291.666032
292.435193
293.139864
293.873560
294.566939
295.343855
296.031429
296.707392
297.441406
298.140272
298.859456
299.547029
300.277506
301.019909
301.695873
302.417642
303.148118
303.838912
304.558095
305.248571
305.976463
306.782086
307.495465
308.406531
309.223764
309.998095
310.682766
311.416463
312.115646
312.855147
313.560454
314.280680
314.977279
315.700408
316.464762
317.178776
317.902721
318.588844
319.341497
320.102449
320.771156
321.523810
322.209796
322.931701
323.659184
324.396190
325.293333
326.278095
327.028889
327.746939
328.457823
329.177415
329.832653
330.607483
331.292245
332.011837
332.732608
333.569932
334.645986
335.435646
336.341633
337.101769
337.853605
338.742857
339.443810
340.373469
341.233810
341.945034
342.697279
343.472109
344.206939
344.955646
345.641361
346.426667
347.240816
348.061905
349.035646
349.830204
351.935238
