1.213016
1.964898
2.632245
3.274286
3.889796
4.551429
5.236735
5.910204
6.586939
7.369796
8.108571
8.885306
9.588163
10.367302
11.011020
11.645533
12.247800
12.913605
13.616508
14.290385
14.931837
15.681995
16.525034
17.302041
17.983220
18.683810
19.334694
20.051293
20.682585
21.396599
22.043628
22.735986
23.371837
24.101497
24.716735
25.385034
26.050748
26.738639
27.459592
28.142041
28.956735
29.669342
30.366531
31.069206
31.738957
32.415646
33.082540
33.765306
34.426984
35.129841
35.782540
36.487937
37.136508
37.769206
38.427619
39.105714
39.838413
40.539365
41.358730
42.069796
42.756190
43.471429
44.144444
44.837778
45.487937
46.161270
46.875238
47.540952
48.224444
48.892698
49.558413
50.176825
50.877460
51.538095
52.186531
52.820408
53.487619
54.151111
54.789524
55.470159
56.158413
56.859365
57.593333
58.237143
58.954286
59.692245
60.341224
61.013469
61.662041
62.393469
63.028980
63.752789
64.398095
65.063084
65.702585
66.384989
66.998367
67.674966
68.291247
68.944943
69.572517
70.237506
70.873787
71.524263
72.212154
72.874240
73.663719
74.423175
75.062993
75.779592
76.443946
77.114422
77.738776
78.428095
79.125850
79.801497
80.475238
81.320136
82.071701
82.743129
83.516961
84.237188
85.037415
85.817551
86.706893
87.432517
88.067347
88.787483
89.470612
90.087302
90.696871
91.337279
91.944762
92.582721
93.187872
93.848707
94.617778
95.311111
97.917143
98.786893
99.549932
100.391701
101.278594
101.965034
102.982721
103.876508
104.709660
105.569796
106.374286
107.237007
108.069660
108.877279
109.745057
110.578912
111.521361
112.334966
113.205170
114.098730
114.952834
115.732698
116.641088
117.479456
118.392653
119.264762
120.036871
120.886667
121.792245
122.720952
124.078413
125.279048
126.614966
127.500952
128.377370
129.187211
130.235692
130.936327
131.986757
132.899546
133.686122
134.712381
135.465351
136.390884
137.300227
138.198503
138.933243
139.860454
140.718730
141.615147
142.478821
143.369841
144.269796
145.106213
146.009887
146.822766
147.868299
148.750068
149.539864
150.386667
151.419048
152.375238
153.323946
154.568390
156.076712
157.074921
157.940635
158.806984
159.582857
160.511111
161.403810
162.170159
162.941587
163.783175
164.619048
165.446032
166.302540
167.160000
168.058413
169.146349
169.893016
170.609841
171.383492
172.318095
173.044444
173.901270
174.732698
175.504127
176.340317
177.171746
178.059365
178.902222
179.835238
180.682540
181.605397
182.540000
183.556508
184.373651
185.274603
186.135873
186.902857
187.815238
188.622540
189.519683
190.251111
191.142540
192.033968
192.830454
193.704127
194.504739
195.427596
196.229773
197.056508
197.878413
198.775238
199.701270
200.473333
201.449841
202.201587
203.092381
203.849206
204.620635
205.433333
206.251111
207.232948
208.091111
208.903810
209.826032
210.987302
211.918776
212.716735
213.557143
214.415918
215.284490
216.355397
217.164490
218.037143
219.048571
219.832245
220.701633
221.662857
222.371020
223.346939
224.264898
225.069388
226.146939
227.019592
227.948163
228.884762
229.781224
230.682268
231.842132
232.607755
233.668844
234.539320
235.363129
236.262766
237.056599
238.352834
239.187302
240.198549
241.247937
242.333333
243.149206
243.971429
244.860635
245.733968
246.724762
247.565397
248.299365
249.414921
250.457143
251.590159
252.613061
254.012313
255.089093
256.143265
257.283673
258.257551
259.225805
260.359184
261.366349
262.399592
263.474014
264.626077
265.702630
266.727574
267.847460
268.917551
269.762358
270.446395
271.136553
271.814467
272.435918
273.071565
273.667528
274.240272
274.813333
275.429615
276.066213
276.694422
277.324898
277.983764
278.616825
279.220862
279.871020
280.512472
281.162630
281.855374
282.665850
283.336327
284.085805
285.000726
285.703764
286.371338
287.053424
287.706485
288.376961
289.068073
289.723719
290.353560
291.055147
291.689342
292.343039
293.036417
293.698186
294.460590
295.148481
295.917007
296.720998
297.482086
298.152562
298.831429
299.525125
300.155283
300.854785
301.536871
302.198322
302.856871
303.593469
304.209751
304.888934
305.559728
306.230204
307.015510
307.712109
308.529025
309.239456
310.021005
310.695193
311.359864
312.053560
312.726939
313.463855
314.131429
314.787392
315.501406
316.160544
316.859456
317.507029
318.157506
318.859909
319.495873
320.157642
320.828118
321.478912
322.118095
322.788571
323.476463
324.222086
324.915465
325.573265
326.283764
326.998095
327.662766
328.336463
328.995646
329.677574
330.360454
331.040680
331.717279
332.420408
333.044762
333.698776
334.362721
335.028844
335.670748
336.362449
337.011156
337.643810
338.309932
338.971701
339.659184
340.336190
341.096667
341.958095
342.548889
343.226939
343.877823
344.537415
345.172653
345.847483
346.512245
347.231837
347.876304
348.569932
349.385986
350.057823
350.941633
351.681769
352.407211
353.222857
353.923810
354.653469
355.393810
356.065034
356.737279
357.372109
357.986939
358.595646
359.201361
359.806667
360.520816
361.101905
361.855646
362.610204
364.315238
