0.193016
0.944898
1.672245
2.334286
3.029796
3.711429
4.416735
5.050204
5.753878
6.469796
7.208571
8.005306
8.856327
9.647302
10.331020
11.045533
11.695601
12.433605
13.116508
13.810385
14.531837
15.301995
16.045034
16.922041
17.723220
18.423810
19.114694
19.831293
20.485170
21.236599
21.943628
22.575986
23.271837
24.061497
24.716735
25.405034
26.090748
26.818639
27.559592
28.242041
28.976735
29.829342
30.646531
31.409206
32.118957
32.815646
33.505079
34.245306
34.946984
35.649841
36.362540
37.071746
37.796508
38.489206
39.187619
39.885714
40.649206
41.339365
42.098730
42.909796
43.696190
44.451429
45.124444
45.817778
46.487937
47.181270
47.915238
48.600952
49.284444
50.012698
50.698413
51.396825
52.077460
52.778095
53.453061
54.140408
54.807619
55.491111
56.189524
56.870159
57.578413
58.319365
59.073333
59.877143
60.574286
61.312245
62.021224
62.673469
63.362041
64.073469
64.748980
65.472789
66.178095
66.843084
67.542585
68.264989
68.958367
69.654966
70.351247
71.024943
71.692517
72.377506
73.053787
73.724263
74.432154
75.134240
75.770207
76.503175
77.342993
78.039592
78.783946
79.474422
80.138776
80.848095
81.525850
82.161497
82.875238
83.740136
84.571701
85.386259
86.196961
86.957188
87.657415
88.397551
89.126893
89.932517
90.607347
91.387483
92.110612
92.807302
93.493741
94.177279
94.884762
95.582721
96.375102
96.988707
97.797778
98.571111
103.457143
104.626893
105.459728
106.358503
107.238594
108.005034
109.062721
110.024127
111.049660
112.069796
112.851429
113.754014
114.589660
115.397279
116.225057
117.258912
118.104082
119.054966
119.945170
120.858730
121.792834
122.612698
123.561088
124.339456
125.312653
126.272381
127.056871
127.906667
128.792245
129.600952
130.818413
132.419048
134.294966
135.400952
136.357370
137.227211
138.135692
138.816327
139.926757
140.859546
141.728707
142.792381
143.665351
144.550884
145.420227
146.334014
147.053243
148.080454
148.958730
149.935147
150.858821
151.649841
152.629796
153.526213
154.529887
155.322766
156.328299
157.190068
158.186621
158.966667
160.059048
160.991429
162.083946
163.728390
165.676712
166.754921
167.660635
168.446984
169.302857
170.271111
171.207619
172.150159
173.081587
173.963175
174.939048
175.786032
176.667619
177.700000
178.658413
179.546349
180.545079
181.329841
182.371746
183.258095
184.224444
185.021270
186.072698
187.004127
187.980317
188.875238
189.839365
190.742222
191.835238
192.882540
193.785397
194.740000
195.829524
196.833651
197.714603
198.615873
199.462857
200.375238
201.302540
202.279683
203.571111
204.442540
205.273968
206.010454
206.952063
207.904739
208.947596
209.809773
210.902540
211.838413
212.795238
213.721270
214.753333
215.569841
216.621587
217.372381
218.669206
219.380635
220.556667
221.591111
222.672948
223.751111
224.723810
225.726032
226.967302
228.198776
228.816735
229.637143
230.395918
231.124490
232.375397
233.264490
234.157143
235.188571
235.972245
236.901633
237.782857
238.591020
239.544490
240.344898
241.129388
242.266939
243.239592
244.168163
245.084762
246.001224
246.882268
247.882132
248.867755
249.886531
250.676553
251.623129
252.542766
253.436599
254.572834
255.627302
256.578549
257.683810
258.573333
259.849206
260.711429
261.560635
262.533968
263.424762
264.645397
265.919365
266.754921
267.537143
268.650159
269.533061
271.128639
272.289093
273.163265
274.163673
275.315102
276.625805
277.699184
278.986349
280.029796
281.154014
282.346077
283.802630
284.967574
287.167460
288.377551
289.222358
289.986395
290.736553
291.434467
292.135918
292.851565
293.575057
294.260272
294.973333
295.689615
296.406213
297.114422
298.024898
298.703764
299.416825
300.080862
300.751020
301.432472
302.102630
302.795374
303.505850
304.176327
304.945805
305.780726
306.527528
307.291338
308.033424
308.726485
309.473923
310.208073
310.883719
311.593560
312.427574
313.089342
313.823039
314.576417
315.238186
316.040590
316.748481
317.537007
318.400998
319.136417
319.154501
319.251429
319.965125
320.410849
320.452870
320.758435
321.151231
321.237897
321.293469
321.418992
321.679078
321.786775
321.798139
321.965102
321.978002
322.421921
322.431585
322.486032
322.530973
322.599864
322.853560
323.066939
323.765964
323.945824
324.247392
324.981406
325.660272
326.399456
327.087029
327.777506
328.519909
329.195873
329.857642
330.568118
331.258912
331.978095
332.648571
333.392925
334.222086
334.895465
335.786531
336.523764
337.258095
337.942766
338.636463
339.335646
340.055147
340.740454
341.440680
342.137279
342.840408
343.544762
344.258776
344.942721
345.628844
346.321497
347.042449
347.711156
348.383810
349.089932
349.771701
350.459184
351.156190
351.973333
352.778095
353.388889
354.106939
354.797823
355.477415
356.192653
356.867483
357.512245
358.211837
358.872608
359.649932
360.585986
361.295646
362.161633
362.900354
363.533605
364.102857
364.823810
365.606939
366.413810
367.165034
367.877279
368.584218
369.286939
369.955646
370.621361
371.326667
372.080816
372.841905
373.635646
374.470204
376.795238
