0.853016
2.044898
2.732245
3.394286
4.049796
4.731429
5.416735
6.070204
6.786939
7.489796
8.288571
9.145306
10.108163
10.847302
11.511020
12.205533
12.787800
13.493605
14.176508
14.850385
15.571837
16.301995
17.085034
18.142041
19.083220
19.783810
20.494694
21.191293
21.822585
22.516599
23.183628
23.835986
24.511837
25.261497
25.996735
26.700136
27.410748
28.098639
28.839592
29.522041
30.490612
31.409342
32.266531
32.989206
33.658957
34.335646
34.962540
35.665306
36.326984
36.989841
37.662540
38.367937
39.096508
39.789206
40.527619
41.205714
41.949206
42.599365
43.498730
44.529796
45.396190
46.131429
46.824444
47.517778
48.167937
48.861270
49.635238
50.320952
51.064444
51.792698
52.498413
53.196825
53.877460
54.598095
55.273061
55.920408
56.587619
57.271111
57.929524
58.575079
59.238413
60.059365
60.853333
62.217143
63.014286
63.772245
64.441224
65.133469
65.782041
66.513469
67.188980
67.892789
68.598095
69.303084
70.002585
70.684989
71.378367
72.034966
72.691247
73.344943
73.992517
74.677506
75.333787
76.004263
76.692154
77.434240
78.351156
79.443175
80.222993
80.959592
81.643946
82.314422
82.998776
83.668095
84.325850
84.961497
85.675238
86.360136
87.151701
88.035646
88.936961
89.797188
90.717415
91.557551
92.866893
93.592517
94.387347
95.207483
95.910612
96.567302
97.253741
97.937279
98.604762
99.282721
100.015102
100.725741
101.477778
102.371111
106.537143
108.488254
109.869932
110.786803
111.898594
112.745034
114.108163
115.164127
116.399320
117.509796
118.654286
119.977007
121.289660
122.397279
123.725057
124.896735
126.165442
127.274966
128.290340
129.358730
130.592834
131.632698
132.941088
134.019456
135.272653
136.472381
137.596871
138.666667
139.692245
140.940952
142.158413
143.819048
145.614966
146.980952
148.132109
149.175737
150.415692
151.256327
152.526757
153.539546
154.708027
156.044762
157.185351
158.290884
159.440227
160.692517
161.653243
162.902268
164.098730
165.235147
166.178821
167.269841
168.389796
169.506213
170.609660
171.742766
172.968299
174.130068
175.146621
176.146667
177.496190
178.595238
179.723946
180.968390
182.456712
184.214921
185.640635
186.773968
187.762857
189.022222
190.399048
191.770159
192.821587
194.203175
194.979048
196.506032
197.602540
198.800000
199.998413
201.166349
202.873016
203.949841
205.191746
206.578095
207.724444
208.881270
210.252698
210.984127
212.600317
213.831746
214.838730
216.182222
217.415238
218.702540
220.085397
221.300000
222.776508
224.273651
225.134603
226.291746
227.302857
228.415238
229.582540
230.938730
232.091111
233.162540
234.253968
235.550454
236.752063
238.024739
239.425578
240.769773
242.096508
243.078413
244.450476
245.621270
247.013333
248.209841
249.801587
250.712381
252.229206
253.460635
254.813333
256.551111
257.792948
259.851111
260.803810
262.006032
263.707302
264.838776
265.953469
267.077143
268.255510
269.244490
270.706190
271.524490
272.677143
273.948571
274.872245
276.177959
277.222857
278.291020
279.393878
280.604898
281.569388
282.806939
284.077143
284.868163
285.844762
286.981224
287.962268
289.282132
290.135510
291.448844
292.362766
293.323129
294.382766
295.396599
296.912834
297.947302
299.498549
300.727937
302.013333
303.589206
304.591429
305.740635
307.033968
308.409524
309.525397
310.919365
312.274921
313.237143
314.350159
315.893061
316.768639
319.189093
319.983265
320.943673
322.037551
323.285805
324.879184
326.484444
327.659592
329.418231
330.786077
332.342630
333.907574
334.967460
336.137551
338.622358
339.386395
340.176553
340.914467
341.735918
342.531565
343.347528
344.080272
344.826667
345.549615
346.266213
346.994422
347.724898
348.423764
349.096825
349.760862
350.431020
351.072472
351.742630
352.435374
353.145850
353.836327
354.665805
355.500726
356.243764
356.891338
357.573424
358.226485
358.936961
359.668073
360.343719
361.053560
361.810295
362.509342
363.232154
363.976417
364.678186
365.421179
366.148481
366.957007
367.980998
368.842086
369.512562
370.211429
370.885125
371.535283
372.234785
372.936871
373.598322
374.276871
375.053469
375.729751
376.488934
377.199728
377.870204
378.655510
379.472109
380.229025
381.259456
382.326032
383.035193
383.699864
384.413560
385.106939
385.863855
386.571429
387.267392
388.041406
388.740272
389.439456
390.107029
390.797506
391.519909
392.195873
392.857642
393.528118
394.218912
394.918095
395.588571
396.316463
397.182086
398.035465
399.286531
400.263764
401.018095
401.702766
402.396463
403.075646
403.775147
404.480454
405.200680
405.897279
406.640408
407.284762
407.998776
408.642721
409.328844
410.001497
410.702449
411.371156
412.023810
412.689932
413.351701
414.099184
414.836190
415.773333
416.838095
417.708889
418.406939
419.117823
419.777415
420.452653
421.127483
421.772245
422.471837
423.132608
423.940993
424.625986
425.415646
426.341633
427.201769
427.913605
428.642857
429.625714
430.753469
431.573810
432.305034
433.057279
433.732109
434.406939
435.055646
435.681361
436.366667
437.100816
437.761905
438.595646
439.390204
441.463810
