0.953016
1.864898
2.644490
3.334286
4.009796
4.731429
5.433469
6.110204
6.906939
7.689796
8.528571
9.305306
10.268163
11.047302
11.811020
12.545533
13.207800
13.953605
14.676508
15.290385
16.111837
16.901995
17.765034
18.602041
19.503220
20.243810
20.974694
21.671293
22.362585
23.096599
23.823628
24.475986
25.191837
25.961497
26.656735
27.365034
28.130748
28.838639
29.559592
30.384082
31.156735
31.989342
32.866531
33.589206
34.338957
35.015646
35.702540
36.445306
37.166984
37.829841
38.562540
39.287937
39.996508
40.689206
41.427619
42.091429
42.869206
43.639365
44.458730
45.369796
46.216190
46.951429
47.644444
48.357778
49.047937
49.741270
50.495238
51.200952
51.964444
52.672698
53.418413
54.136825
54.817460
55.538095
56.253061
56.940408
57.627619
58.351111
59.069524
59.770159
60.518413
61.298095
62.053333
62.917143
63.694286
64.452245
65.141224
65.833469
66.542041
67.253469
67.948980
68.672789
69.378095
70.103084
70.822585
71.544989
72.238367
72.954966
73.631247
74.304943
74.992517
75.697506
76.393787
77.108526
77.872154
78.594240
79.463719
80.303175
81.042993
81.759592
82.523946
83.214422
83.918776
84.668095
85.365850
86.021497
86.775238
87.620272
88.491701
89.246259
90.216961
90.957188
91.677415
92.537551
93.826893
94.552517
95.267347
96.107483
96.830612
97.534603
98.253741
98.957279
99.664762
100.402721
101.255102
102.008707
102.957778
104.031111
108.497143
109.586893
110.409932
111.251701
112.198594
113.065034
114.102721
115.084127
116.209660
117.209796
117.954286
118.854014
119.769660
120.657279
121.545057
122.478912
123.614966
124.534966
125.485170
126.498730
127.352834
128.272698
129.221088
130.259456
131.272653
132.292381
133.170612
134.106667
135.132245
135.960952
137.238413
138.679048
140.634966
141.520952
142.497370
143.415737
144.491383
145.176327
146.206757
147.159546
148.138367
149.312381
150.085351
150.990884
151.920227
152.858503
153.693243
154.660907
155.638730
156.715147
157.618821
158.569524
159.549796
160.432426
161.419773
162.442766
163.544898
164.570068
165.306621
166.246667
167.337143
168.315238
169.563946
170.988390
173.036712
174.009841
174.940635
175.886984
176.822857
177.691111
178.723810
179.550159
180.481587
181.343175
182.239048
183.146032
184.142540
185.180000
186.138413
187.066349
188.046032
188.889841
189.771746
190.898095
191.664444
192.681270
193.592698
194.444127
195.400317
196.271746
197.219365
198.242222
199.235238
200.142540
201.145397
202.160000
203.156508
204.133651
204.874603
205.795873
206.722857
207.655238
208.582540
209.499683
210.751111
211.642540
212.473968
213.210454
214.212063
215.144739
216.107596
216.909773
217.876508
218.698413
219.675238
220.601270
221.553333
222.509841
223.461587
224.452381
225.489206
226.360635
227.373333
228.551111
229.492948
230.411111
231.383810
232.346032
233.507302
234.458776
235.353469
236.317143
237.291429
238.044490
239.255397
240.064490
240.877143
241.977143
242.872245
243.801633
244.828571
245.671020
246.764490
247.604898
248.429388
249.533878
250.539592
251.448163
252.524762
253.281224
254.102268
255.682132
256.567755
257.548844
258.516553
259.423129
260.462766
261.436599
262.492834
263.367302
264.578549
265.547937
266.893333
267.929206
268.711429
269.700635
270.673968
271.744762
272.705397
273.519365
274.554921
275.597143
276.790159
278.033061
279.285918
280.249093
281.323265
282.403673
283.377551
284.345805
285.499184
286.618095
287.769796
288.876054
290.244308
291.202630
292.427574
293.887460
294.977551
295.842358
296.706395
297.536553
298.294467
299.075918
299.851565
300.607528
301.360272
302.093333
302.889615
303.666213
304.374422
305.304898
305.983764
306.716825
307.380862
308.091020
308.772472
309.422630
310.135374
310.805850
311.476327
312.265805
313.180726
313.923764
314.611338
315.313424
316.006485
316.716961
317.468073
318.123719
318.813560
319.587574
320.289342
321.003039
321.776417
322.438186
323.220590
324.048481
324.817007
325.660998
326.542086
327.272562
327.971429
328.665125
329.355283
330.074785
330.796871
331.438322
332.176871
332.933469
333.609751
334.328934
335.059728
335.730204
336.515510
337.272109
338.089025
338.939456
339.826032
340.575193
341.279864
341.993560
342.706939
343.463855
344.131429
344.847392
345.641406
346.320272
347.059456
347.767029
348.437506
349.159909
349.875873
350.557642
351.268118
351.958912
352.698095
353.388571
354.156463
354.982086
355.675465
356.566531
357.323764
358.098095
358.762766
359.476463
360.155646
360.895147
361.580454
362.280680
363.037279
363.760408
364.464762
365.178776
365.882721
366.568844
367.261497
367.962449
368.631156
369.343810
370.049932
370.771701
371.539184
372.256190
373.133333
373.998095
374.708889
375.446939
376.177823
376.857415
377.612653
378.327483
379.032245
379.711837
380.452608
381.229932
382.185986
383.015646
383.901633
384.641769
385.462449
386.262857
387.223810
387.993469
389.004603
389.785034
390.477279
391.204218
391.926939
392.615646
393.301361
394.026667
394.900816
395.741905
396.615646
397.390204
399.835238
