0.433016
1.324898
1.952245
2.654286
3.269796
4.011429
4.696735
5.370204
6.046939
6.769796
7.608571
8.465306
9.356327
10.227302
10.871020
11.525533
12.207800
12.933605
13.636508
14.270385
14.971837
15.701995
16.585034
17.422041
18.303220
19.043810
19.694694
20.431293
21.062585
21.776599
22.463628
23.135986
23.811837
24.522993
25.196735
25.865034
26.650748
27.338639
28.099592
28.842041
29.656735
30.589342
31.426531
32.169206
32.878957
33.575646
34.242540
34.945306
35.666984
36.349841
37.082540
37.767937
38.476508
39.149206
39.907619
40.585714
41.369206
42.079365
42.938730
43.889796
44.776190
45.531429
46.244444
46.977778
47.667937
48.381270
49.155238
49.860952
50.604444
51.332698
52.038413
52.756825
53.497460
54.238095
54.993061
55.720408
56.427619
57.171111
57.869524
58.610159
59.338413
60.119365
60.993333
61.997143
62.854286
63.612245
64.361224
65.053469
65.802041
66.533469
67.228980
67.992789
68.718095
69.403084
70.182585
70.904989
71.598367
72.294966
72.971247
73.724943
74.412517
75.177506
75.853787
76.572789
77.312154
78.014240
79.094875
80.043175
80.862993
81.619592
82.283946
83.014422
83.658776
84.388095
85.045850
85.701497
86.357619
87.200136
88.111701
88.983129
89.636961
90.457188
91.217415
91.977551
92.706893
93.592517
94.347347
95.187483
95.950612
96.667302
97.413741
98.157279
98.924762
99.782721
100.575102
101.308707
102.417778
103.191111
106.897143
107.746893
108.629932
109.331701
110.378594
111.065034
112.022721
112.844127
113.689660
114.689796
115.374286
116.314014
117.089660
117.877279
118.865057
119.678912
120.481361
121.354966
122.225170
122.978730
123.912834
124.692698
125.561088
126.359456
127.265306
128.092381
128.956871
129.806667
130.712245
131.640952
132.838413
134.139048
135.694966
136.580952
137.357370
138.175737
139.135692
139.916327
140.886757
141.699546
142.588707
143.672381
144.385351
145.290884
146.180227
146.938503
147.953243
148.780454
149.578730
150.515147
151.398821
152.209841
153.109796
153.946213
154.799773
155.702766
156.568299
157.570068
158.306621
159.146667
160.199048
161.335238
162.423946
164.148390
165.816712
167.134921
167.760635
168.606984
169.382857
170.371111
171.303810
172.190159
173.081587
173.983175
174.899048
175.826032
176.662540
177.740000
178.618413
180.106349
180.853016
181.609841
182.391746
183.298095
184.244444
185.181270
186.132698
187.068254
188.080635
188.931746
189.899365
190.922222
192.015238
193.022540
193.965397
194.940000
195.956508
197.053651
197.754603
198.591746
199.502857
200.395238
201.302540
202.559683
203.331111
204.102540
204.873968
205.750454
206.652063
207.584739
208.555193
209.529773
210.256508
211.158413
212.255238
213.021270
213.993333
214.869841
215.881587
216.694286
217.729206
218.520635
219.553333
220.511111
221.492948
222.551111
223.383810
224.366032
225.367302
226.318776
226.996735
227.737143
228.615918
229.324490
230.375397
231.204490
231.917143
232.808571
233.532245
234.363265
235.182857
235.911020
236.744490
237.524898
238.289388
239.186939
240.139592
240.848163
241.724762
242.501224
243.322268
244.182132
244.991020
245.848844
246.636553
247.446259
248.322766
249.196599
250.192834
251.247302
252.198549
253.107937
254.173333
255.129206
255.911429
256.740635
257.673968
258.584762
259.585397
260.339365
261.214921
262.317143
263.210159
264.013061
265.028639
266.129093
267.163265
267.943673
268.657551
269.425805
270.339184
271.306349
272.199184
273.102041
273.966077
274.905261
275.907574
276.847460
278.057551
278.962358
279.626395
280.416553
281.128934
281.875918
282.571565
283.387528
284.160272
284.893333
285.729615
286.566213
287.434422
288.164898
288.863764
289.596825
290.180862
290.831020
291.472472
291.941691
291.947550
291.953758
291.959966
292.165805
292.365091
292.620418
292.660603
292.673720
292.886485
293.356961
293.386950
293.393371
293.399733
293.860223
293.879687
293.895885
293.966514
293.976391
294.320118
294.453202
294.505669
295.260998
296.242086
296.952562
297.611429
298.345125
298.995283
299.714785
300.396871
301.038322
301.736871
302.493469
303.109751
303.797868
304.499728
305.170204
305.955510
306.712109
307.509025
308.359456
309.266032
310.035193
310.739864
311.473560
312.206939
312.983855
313.691429
314.387392
315.141406
315.880272
316.619456
317.307029
318.057506
318.819728
319.515873
320.217642
320.988118
321.698912
322.398095
323.148571
323.896463
324.682086
325.510930
326.606531
327.423764
328.238095
328.962766
329.676463
330.395646
331.155147
331.880454
332.600680
333.328639
334.080408
334.784762
335.518776
336.262721
336.968844
337.682993
338.402449
339.171156
339.863810
340.549932
341.271701
342.019184
342.776190
343.733333
344.858095
345.608889
346.386939
347.055646
347.757415
348.412653
349.147483
349.792245
350.471837
351.126304
351.849932
352.905986
353.615646
354.501633
355.243537
356.013605
356.742857
357.443810
358.253469
359.073810
359.870068
360.637279
361.392109
362.106939
362.835646
363.641361
364.506667
365.520816
366.321905
367.155646
367.950204
369.995238
