0.573016
1.384898
2.052245
2.734286
3.389796
4.051429
4.716735
5.410204
6.166939
6.849796
7.617143
8.445306
9.288163
10.067302
10.731020
11.425533
12.087800
12.793605
13.456508
14.150385
14.871837
15.641995
16.445034
17.302041
18.143220
18.883810
19.574694
20.291293
20.922585
21.656599
22.343628
22.975986
23.651837
24.401497
25.056735
25.725034
26.410748
27.118639
27.859184
28.622041
29.416735
30.289342
31.166531
31.909206
32.598957
33.306939
33.982540
34.685306
35.346984
36.009841
36.742540
37.447937
38.116508
38.769206
39.507619
40.205714
40.989206
41.699365
42.698730
43.649796
44.492381
45.197143
45.844444
46.537778
47.147937
47.827090
48.515238
49.200952
49.864444
50.552698
51.238413
51.916825
52.577460
53.238095
53.913061
54.580408
55.247619
55.911111
56.569524
57.250159
57.898413
58.618730
59.353333
60.217143
60.974286
61.712245
62.381224
63.053469
63.702041
64.393469
65.028980
65.692789
66.398095
67.083084
67.742585
68.444989
69.098367
69.794966
70.451247
71.104943
71.712517
72.357506
73.033787
73.708526
74.392154
75.054240
75.843719
76.723175
77.522993
78.199592
78.903946
79.554422
80.258776
80.948095
81.605850
82.241497
82.947619
83.800136
84.631701
85.535646
86.436961
87.288753
88.017415
89.030204
89.986893
90.712517
91.407347
92.187483
92.870612
93.527302
94.213741
94.877279
95.524762
96.202721
96.975102
97.708707
98.517778
99.371111
103.917143
105.086893
105.969932
106.811701
107.758594
108.525034
109.602721
110.624127
111.569660
112.769796
113.494286
114.637007
115.529660
116.397279
117.192528
118.238912
119.261361
120.394966
121.205170
122.078730
123.172834
124.016190
124.961088
125.779456
126.932653
128.052381
128.876871
129.886667
130.912245
131.720952
132.898413
134.319048
135.994966
136.920952
137.977370
138.855737
139.895692
140.656327
141.506757
142.599546
143.543537
144.569524
145.525351
146.561769
147.540227
148.378503
149.213243
150.340454
151.258730
152.255147
153.218821
154.149841
155.229796
156.051066
157.009887
158.142766
159.128299
160.150068
160.926621
161.786667
162.879048
164.035238
165.003946
166.608390
168.376712
169.354921
170.100635
170.846984
171.662857
172.611111
173.523810
174.370159
175.241587
176.123175
176.899048
177.826032
178.622540
179.560000
180.358413
181.446349
182.193016
182.949841
183.951746
184.798095
185.604444
186.461270
187.332698
188.104127
189.060317
189.911746
190.839365
191.686667
192.635238
193.502540
194.425397
195.400000
196.376508
197.233651
198.074603
199.015873
199.882857
200.695238
201.542540
202.359683
203.424444
204.382540
205.093968
205.830454
206.692063
207.584739
208.507596
209.289773
210.136508
210.978413
212.055238
212.961270
213.733333
214.729841
215.541587
216.452381
217.309206
218.181270
219.133333
219.991111
220.972948
221.951111
222.843810
223.866032
225.047302
225.978776
226.816735
227.597143
228.475918
229.204490
230.375397
231.184490
231.937143
232.888571
233.792245
234.721633
235.622857
236.351020
237.304490
238.284898
239.169388
240.126939
241.019592
241.888163
242.864762
243.741224
244.722268
245.822132
246.858776
247.888844
248.676553
249.583129
250.562766
251.436599
252.752834
253.827302
254.658549
256.135873
257.233333
258.129206
258.911429
259.780635
260.893968
261.784762
262.725397
263.459365
264.234921
265.017143
265.850159
266.233790
266.888639
267.409093
268.163265
271.843673
272.797551
273.745805
275.139184
276.411746
277.468980
278.634014
279.866077
280.922630
282.007574
283.607460
284.677551
285.582358
286.266395
287.016553
287.694467
288.395918
289.131565
289.787528
290.440272
291.113333
291.789615
292.486213
293.194422
293.904898
294.563764
295.236825
295.860862
296.511020
297.172472
297.802630
298.515374
299.185850
299.956327
300.665805
301.580726
302.303764
302.991338
303.713424
304.366485
305.056961
305.768073
306.311524
306.733560
306.820133
306.823330
306.826681
306.829934
306.833131
306.836525
306.839848
306.848936
306.859244
306.870755
306.903141
307.071429
307.150663
307.315283
307.646087
307.959759
308.083263
308.123454
308.135675
308.449751
309.137868
309.839728
310.510204
311.275510
311.972109
312.849025
313.739456
314.606032
315.375193
316.039864
316.773560
317.446939
318.203855
318.871429
319.527392
320.341406
321.000272
321.719456
322.427029
323.097506
323.819909
324.495873
325.157642
325.848118
326.538912
327.218095
327.888571
328.576463
329.342086
330.015465
330.866531
331.583764
332.278095
332.922766
333.576463
334.255646
334.915147
335.610227
336.280680
336.997279
337.720408
338.364762
339.078776
339.745442
340.448844
341.121497
341.802449
342.431156
343.063810
343.749932
344.411701
345.099184
345.756190
346.533333
347.418095
348.208889
348.886939
349.517823
350.177415
350.832653
351.487483
352.132245
352.791837
353.432608
354.189932
355.125986
356.055646
356.961633
357.901769
358.633605
359.642857
360.903810
361.613469
362.493810
363.205034
363.897279
364.552109
365.226939
365.855646
366.521361
367.226667
368.040816
368.801905
369.615646
370.410204
372.515238
