0.453016
1.224898
1.952245
2.594286
3.249796
3.931429
4.576735
5.270204
5.966939
6.629796
7.328571
8.035102
8.748163
9.507302
10.191020
10.805533
11.487800
12.193605
12.836508
13.550385
14.231837
14.901995
15.645034
16.382041
17.103220
17.823810
18.534694
19.271293
19.902585
20.676599
21.343628
21.995986
22.751837
23.501497
24.156735
24.865034
25.530748
26.278639
26.999592
27.662041
28.336735
29.069342
29.826531
30.549206
31.258957
31.975646
32.642540
33.365306
34.086984
34.809841
35.522540
36.267937
36.976508
37.689206
38.367619
39.105714
39.829206
40.479365
41.158730
41.969796
42.716190
43.471429
44.144444
44.837778
45.487937
46.181270
46.915238
47.580952
48.284444
48.972698
49.678413
50.376825
51.057460
51.758095
52.433061
53.120408
53.787619
54.451111
55.129524
55.810159
56.458413
57.139365
57.873333
58.577143
59.194286
59.992245
60.661224
61.353469
62.042041
62.773469
63.374490
64.092789
64.798095
65.443084
66.102585
66.784989
67.458367
68.154966
68.811247
69.464943
70.132517
70.817506
71.493787
72.144263
72.812154
73.454240
74.203719
74.983175
75.662993
76.339592
77.023946
77.674422
78.338776
79.028095
79.705850
80.341497
81.035238
81.845734
82.451701
83.063129
83.856961
84.557188
85.257415
86.037551
86.846893
87.612517
88.307347
89.107483
89.830612
90.527302
91.213741
91.897279
92.604762
93.322721
94.047020
94.728707
95.437778
96.191111
99.237143
100.126893
100.929932
101.691701
102.558594
103.365034
104.322721
105.144127
106.049660
106.969796
107.654286
108.477007
109.229660
110.077279
110.825057
111.738912
112.641361
113.474966
114.325170
115.138730
116.072834
116.852698
117.641088
118.183901
118.212653
118.248931
118.258011
118.268083
118.279403
118.660952
119.138413
119.399048
120.092114
120.625238
120.857943
121.035737
121.463138
121.816327
121.998561
122.058977
122.728707
122.776246
122.865351
123.190320
123.340227
123.701094
123.709036
123.718227
123.978881
124.008731
124.033202
124.549841
124.899320
125.081553
125.789887
126.178433
126.628299
127.430068
127.498885
127.600123
127.619242
127.628486
127.639370
127.897854
129.216712
130.174921
131.123175
132.086984
132.782857
133.222323
133.226914
133.231018
133.235150
133.239340
133.386395
133.500132
133.502236
133.504514
133.506967
133.509332
133.511466
133.513628
133.515805
133.517880
133.519956
133.525491
133.530909
133.536327
133.760317
133.885826
133.893518
134.041111
134.279817
134.402502
134.604030
134.773333
134.976508
135.007043
135.013594
135.055873
135.359314
135.935048
136.358909
136.739937
137.491111
138.102540
138.953968
139.750454
140.492063
141.384739
142.427596
143.409773
144.616508
145.398413
146.195238
147.301270
148.073333
149.169841
149.901587
150.572381
151.729206
152.700635
153.653333
154.651111
155.652948
156.691111
157.783810
158.966032
160.107302
161.078776
161.936735
162.777143
163.635918
164.384490
165.375397
166.224490
167.037143
168.068571
168.852245
169.784898
170.682857
171.431020
172.351429
173.304898
174.109388
175.046939
175.919592
176.728163
177.644762
178.501224
179.342268
180.382132
181.347755
182.288844
183.236553
184.029388
184.925533
185.776599
186.712834
187.787302
188.698549
189.607937
190.493333
191.529206
192.311429
193.060635
193.913968
194.824762
195.645397
196.339365
196.994921
197.777143
199.940317
201.173061
202.168639
203.209093
203.983265
204.923673
205.697551
206.465805
207.499184
208.406349
209.249796
210.034014
210.866077
211.702630
212.527574
213.427460
214.557551
215.322358
215.946395
216.696553
217.334467
218.035918
218.711565
219.387528
220.060272
220.733333
221.449615
222.146213
222.854422
223.644898
224.303764
224.976825
225.640862
226.311020
227.052472
227.742630
228.455374
229.125850
229.836327
230.565805
231.340726
232.083764
232.751338
233.453424
234.126485
234.833923
235.548073
236.203719
236.893560
237.647574
237.918606
237.952675
237.985650
237.997468
238.083800
238.148481
238.399626
238.537285
239.084435
239.452562
239.560978
239.570481
239.579387
239.585457
239.591141
239.596486
239.680496
239.733469
239.990975
240.246786
240.274658
240.458041
241.115510
241.812109
242.429025
243.199456
243.966032
244.735193
245.419864
246.133560
246.806939
247.523855
248.211429
248.867392
249.601406
250.260272
250.979456
251.647029
252.317506
253.039909
253.695873
254.357642
255.028118
255.718912
256.378095
257.048571
257.736463
258.422086
259.095465
259.826531
260.543764
261.298095
261.962766
262.676463
263.335646
264.035147
264.700454
265.400680
266.077279
266.780408
267.424762
268.138776
268.802721
269.468844
270.141497
270.842449
271.491156
272.163810
272.829932
273.491701
274.179184
274.856190
275.613333
276.458095
277.108889
277.786939
278.477823
279.137415
279.812653
280.507483
281.172245
281.871837
282.532608
283.249932
284.085986
284.815646
285.541633
286.281769
287.047211
287.782857
288.543810
289.593469
290.493810
291.285034
291.997279
292.752109
293.446939
294.095646
294.781361
295.506667
296.270408
296.981905
297.735646
298.490204
300.475238
