0.533016
1.244898
1.832245
2.454286
3.089796
3.771429
4.396735
5.050204
5.686939
6.409796
7.108571
7.990612
8.868163
9.667302
10.291020
10.945533
11.627800
12.293605
12.956508
13.630385
14.291837
15.021995
15.825034
16.762041
17.743220
18.483810
19.134694
19.911293
20.562585
21.296599
22.023628
22.675986
23.351837
24.121497
24.796735
25.525034
26.210748
26.938639
27.659592
28.382041
29.136735
30.149342
31.066531
31.869206
32.538957
33.215646
33.922540
34.705306
35.386984
36.109841
36.822540
37.555873
38.236508
38.949206
39.667619
40.385714
41.089206
41.739365
42.598730
43.629796
44.616190
45.351429
46.044444
46.737778
47.407937
48.101270
48.835238
49.520952
50.244444
50.932698
51.618413
52.316825
52.997460
53.698095
54.393061
55.080408
55.727619
56.431111
57.129524
57.810159
58.518413
59.219365
59.973333
60.857143
61.634286
62.372245
63.021224
63.713469
64.402041
65.113469
65.788980
66.512789
67.178095
67.843084
68.542585
69.282494
69.898367
70.594966
71.231247
71.924943
72.572517
73.257506
73.913787
74.624263
75.332154
76.014240
76.847438
77.783175
78.542993
79.259592
79.943946
80.614422
81.318776
82.028095
82.725850
83.381497
84.095238
84.980136
85.771701
86.623129
87.536961
88.417188
89.337415
90.217551
91.206893
91.932517
92.607347
93.387483
94.090612
94.707302
95.393741
96.037279
96.724762
97.462721
98.215102
99.088707
100.077778
101.151111
106.057143
107.306893
108.169932
109.031701
110.098594
110.825034
112.022721
112.924127
113.919320
114.909796
115.674286
116.617007
117.449660
118.397279
119.345057
120.123782
121.121361
122.094966
123.025170
123.998730
125.012834
125.852698
126.841088
127.719456
128.612653
129.552381
130.456871
131.346667
132.272245
133.260952
134.358413
135.819048
138.134966
139.260952
140.172109
140.915737
142.095692
142.816327
143.726757
144.679546
145.508707
146.652381
147.525351
148.490884
149.400227
150.278503
151.233243
152.200907
153.018730
154.095147
155.038821
156.189841
157.049796
157.926213
158.949887
159.842766
160.808299
161.930068
162.686621
163.606667
164.739048
165.650476
166.923946
168.688390
171.176712
172.324762
173.140635
173.906984
174.922857
175.902222
177.123810
178.010159
178.881587
179.763175
180.598095
181.506032
182.322540
183.380000
184.640952
185.826349
186.573016
187.549841
188.251746
189.238095
190.044444
190.861270
191.792698
192.664127
193.520317
194.351746
195.259365
196.182222
197.095238
198.142540
199.085397
200.240000
201.696508
202.593651
203.434603
204.275873
205.202857
206.175238
207.362540
208.279683
209.082222
210.042540
210.873968
211.751361
212.672063
213.624739
215.067596
216.009773
216.956508
217.738413
218.695238
219.661270
220.473333
221.289841
222.241587
223.132381
223.909206
224.700635
225.673333
226.562222
227.452948
228.571111
229.523810
230.786032
232.427302
233.358776
234.296735
235.137143
236.115918
236.824490
237.935397
238.824490
239.617143
240.648571
241.492245
242.321633
243.142857
243.951020
244.844490
245.744898
246.569388
247.426939
248.379592
249.088163
250.004762
250.761224
251.582268
252.682132
253.587755
254.508844
255.356553
256.263129
257.202766
258.036599
259.252834
260.267302
261.018549
262.127937
263.053333
264.089206
264.891429
265.760635
266.673968
267.584762
268.545397
269.279365
270.114921
271.397143
272.610159
273.553061
274.608639
275.629093
276.383265
277.223673
278.037551
279.025805
279.999184
280.946349
281.769796
282.794014
283.706077
284.582630
285.507574
286.787460
287.897551
288.662358
289.286395
289.936553
290.534467
291.155918
291.791565
292.407528
293.040272
293.693333
294.389615
295.106213
295.814422
296.524898
297.163764
297.836825
298.460862
299.111020
299.772472
300.305332
300.455374
300.615024
300.896327
301.165805
301.348991
301.376299
301.565017
301.573762
301.686485
301.706083
301.712667
301.718553
301.763065
301.786686
301.849342
301.985213
301.991448
301.997576
302.030784
302.088023
302.557007
303.360998
304.582086
305.392562
306.051429
306.745125
307.455283
308.214785
308.896871
309.618322
310.316871
311.113469
311.789751
312.528934
313.239728
313.910204
314.655510
315.372109
316.149025
317.139456
318.186032
318.995193
319.659864
320.373560
321.086939
321.843855
322.531429
323.187392
323.921406
324.600272
325.299456
325.987029
326.697506
327.399909
328.095873
328.777642
329.488118
330.198912
330.878095
331.588571
332.276463
333.042086
333.795465
334.786531
335.543764
336.278095
336.942766
337.656463
338.355646
339.055147
339.780454
340.500680
341.197279
341.920408
342.564762
343.318776
343.982721
344.648844
345.321497
346.042449
346.691156
347.383810
348.049932
348.743401
349.459184
350.196190
351.053333
352.016190
352.808889
353.526939
354.177823
354.857415
355.572653
356.267483
356.952245
357.651837
358.372608
359.229932
360.365986
361.275646
362.481633
363.401769
364.433605
365.222857
366.023810
367.013469
367.973810
368.725034
369.417279
370.092109
370.746939
371.395646
372.081361
372.766667
373.580816
374.521905
375.595646
376.950204
379.075238
