0.853016
1.564898
2.212245
2.834286
3.449796
4.071429
4.716735
5.350204
6.006939
6.709796
7.428571
8.265306
9.068163
9.807302
10.451020
11.105533
11.727800
12.393605
13.076508
13.710385
14.391837
15.061995
15.825034
16.742041
17.583220
18.303810
18.934694
19.631293
20.242585
20.956599
21.583628
22.215986
22.851837
23.541497
24.136735
24.785034
25.350748
26.029320
26.679796
27.342041
28.076735
28.969342
29.826531
30.529206
31.178957
31.835646
32.482540
33.132653
33.766984
34.449841
35.062540
35.707937
36.336508
36.989206
37.607619
38.232857
38.929206
39.579365
40.358730
41.309796
42.116190
42.831429
43.464444
44.099259
44.727937
45.381270
46.038413
46.680952
47.344444
47.972698
48.598413
49.236825
49.897460
50.518095
51.173061
51.780408
52.447619
53.091111
53.689524
54.330159
54.938413
55.639365
56.313333
57.137143
57.894286
58.592245
59.221224
59.813469
60.471020
61.093469
61.728980
62.412789
62.999048
63.603084
64.242585
64.884989
65.518367
66.167483
66.771247
67.444943
68.032517
68.677506
69.293787
69.944263
70.592154
71.254240
72.043719
72.983175
73.768980
74.499592
75.163946
75.794422
76.478776
77.168095
77.845850
78.501497
79.215238
79.960136
80.891701
81.683129
82.476961
83.237188
83.937415
84.737551
85.446893
86.272517
86.967347
87.727483
88.430612
89.087302
89.773741
90.457279
91.164762
91.882721
92.675102
93.428707
94.317778
95.391111
99.797143
100.586893
101.269932
101.871701
102.594649
103.245034
104.062721
104.784127
105.489660
106.289796
106.814286
107.477007
108.169660
108.898639
109.565057
110.238912
111.001361
111.643741
112.345170
112.998730
113.712834
114.412698
115.061088
115.604983
115.679388
115.734921
115.744404
115.750585
115.757498
115.819134
116.258413
116.814739
117.068586
117.200317
117.418147
117.775737
118.075692
118.176009
118.204423
118.212075
118.219690
118.467238
118.825351
118.943966
119.120227
119.249104
119.327178
119.370032
119.858730
120.183903
120.199576
120.210577
120.238866
120.743895
121.120275
121.162766
121.308299
121.735034
122.266621
122.603358
122.611121
122.617107
122.717997
123.488390
124.936712
125.794921
126.380635
127.066984
127.702857
128.491111
129.183810
129.930159
130.601587
131.231587
131.694881
132.028677
132.082540
132.290500
132.323316
132.332515
132.343477
132.517989
132.771746
132.879762
132.949444
133.041270
133.242997
133.251034
133.258905
133.288286
133.299991
133.424620
133.430100
133.435280
133.485397
133.660000
134.176508
134.286604
134.293477
134.335873
134.682857
134.843646
134.854893
134.999841
135.188113
135.199723
135.341540
135.348057
135.354620
135.504739
135.647596
135.869657
135.916508
136.298413
137.035238
137.581270
138.293333
138.909841
139.581587
140.136190
140.849206
141.520635
142.173333
142.811111
143.492948
144.271111
144.963810
145.926032
146.887302
147.718776
148.436735
149.057143
149.675918
150.324490
151.235397
151.924490
152.499429
153.348571
153.912245
154.721633
155.322857
156.031020
156.821497
157.524898
158.209388
158.966939
159.739592
160.388163
161.124762
161.781224
162.602268
163.462132
164.187755
164.988844
165.596553
166.303129
167.102766
167.916599
168.872834
169.691825
170.418549
171.247937
172.033333
172.849206
173.471429
174.168127
174.953968
175.724762
176.465397
177.199365
178.374921
179.037143
179.870159
180.653061
181.428639
182.249093
182.823265
183.603673
184.237551
185.005805
185.679184
186.446349
187.249796
188.154014
188.986077
189.782630
190.607574
191.387460
192.338776
193.102358
193.686395
194.336553
194.934467
195.535918
196.171565
196.787528
197.400272
198.033333
198.689615
199.386213
200.094422
200.764898
201.383764
202.016825
202.600862
203.231020
203.872472
204.522630
205.195374
205.412940
205.459816
205.482902
205.680242
206.007412
206.351338
206.442040
206.466485
206.496023
206.527092
206.536723
206.580959
206.647574
206.867049
206.910253
207.014383
207.049698
207.680590
207.756720
207.827141
207.839703
208.522086
209.172562
209.791429
210.465125
211.075283
211.754785
212.396871
213.018322
213.656871
214.253469
214.869751
215.508934
216.099728
216.723401
217.395510
218.052109
218.749025
219.619456
220.426032
221.135193
221.759864
222.397853
223.026939
223.683855
224.291429
224.927392
225.561406
226.180272
226.799456
227.327029
228.017506
228.639909
229.255873
229.837642
230.508118
231.119456
231.758095
232.388571
233.016463
233.702086
234.315465
235.166531
235.903764
236.598095
237.241383
237.856463
238.455646
239.071716
239.700454
240.340680
240.937279
241.560408
242.184762
242.778776
243.442721
244.028844
244.641497
245.282449
245.911156
246.543810
247.149932
247.755850
248.419184
249.096190
249.893333
250.918095
251.728889
252.426939
253.077823
253.728707
254.372653
255.047483
255.692245
256.351837
257.032608
257.749932
258.685986
259.395646
260.261633
260.961769
261.673605
262.402857
263.123810
263.833469
264.576905
265.265034
265.937279
266.572109
267.226939
267.875646
268.521361
269.206667
269.966939
270.721905
271.635646
272.540408
274.855238
