0.113016
1.344898
1.792245
2.414286
2.909796
3.491429
4.076735
4.670204
5.306939
5.969796
6.568571
7.365306
8.068163
8.763651
9.291020
9.885533
10.387800
10.973605
11.576508
12.170385
12.791837
13.407332
14.145034
14.962041
15.643220
16.263810
16.814694
17.411293
17.922585
18.518299
19.063628
19.635986
20.271837
20.921497
21.536735
22.085034
22.630748
23.198639
23.879592
24.382041
25.116735
25.949342
26.633265
27.289206
27.818957
28.475646
28.942540
29.585306
30.146984
30.669841
31.382540
32.027937
32.556508
33.209206
33.783810
34.297143
34.949206
35.509683
36.178730
37.069796
37.796190
38.416429
38.984444
39.457778
40.007937
40.701270
41.495238
41.700952
42.324444
42.912698
43.418413
43.956825
44.577460
45.118095
45.653061
46.280408
46.747619
47.343704
47.889524
48.470159
49.018413
49.629894
50.293333
51.097143
51.714286
52.312245
52.881224
53.453469
53.980680
54.533469
55.108980
55.612789
56.178095
56.703084
57.402585
57.964989
58.538367
59.094966
59.631247
60.144943
60.692517
61.277506
61.816893
62.424263
62.952154
63.574240
64.263719
65.043175
65.617166
66.239592
66.841315
67.394422
67.959388
68.528095
69.165850
69.701497
70.395238
71.200136
71.971701
72.663129
73.456961
74.157188
74.637415
75.791020
76.526893
77.252517
77.927347
78.627483
79.310612
79.927302
80.533741
81.157279
81.784762
82.382721
82.995102
83.668707
84.377778
85.211111
90.117143
91.246893
92.029932
92.811701
93.618594
94.305034
95.402721
96.264127
97.049660
97.969796
98.674286
99.517007
100.289660
101.137279
101.985057
102.778912
103.581361
104.374966
105.265170
106.058730
106.772834
107.532698
108.421088
109.039456
109.852653
110.692381
111.536871
112.366667
113.224082
113.940952
114.898413
116.139048
117.554966
118.500952
119.357370
120.115737
120.935692
121.616327
122.786757
123.659546
124.448707
125.412381
126.205351
127.130884
127.920227
128.678503
129.633243
130.500907
131.298730
132.195147
133.038821
133.789841
134.609796
135.386213
136.149887
136.902766
137.728299
138.630068
139.333243
140.126667
141.079048
141.875238
142.843946
143.948390
145.316712
146.274921
147.160635
147.946984
148.662857
149.571111
150.407619
151.450159
152.281587
152.991587
153.619048
154.406032
155.162540
155.960000
156.898413
157.726349
158.696190
159.529841
160.171746
160.998095
161.788889
162.681270
163.472698
164.244127
165.100635
165.871746
166.739365
167.582222
168.435238
169.262540
170.105397
171.000000
172.036508
172.933651
173.714603
174.515873
175.382857
176.215238
177.182540
178.179683
178.971111
179.702540
180.357989
181.110454
181.932063
182.704739
183.667596
184.449773
185.256508
186.038413
186.795238
187.541270
188.433333
189.209841
190.061587
190.612381
191.649206
192.460635
193.313333
194.211111
195.012948
195.811111
196.583810
197.486032
198.907302
199.658776
200.336735
201.097143
202.055918
202.824490
203.815397
204.644490
205.377143
206.408571
207.112245
208.181633
209.022857
209.751020
210.744490
211.604898
212.368163
213.306939
214.159592
214.948163
215.804762
216.561224
217.442268
218.342132
219.155510
219.968844
220.749660
221.503129
222.231383
223.016599
223.872834
224.767302
225.519274
226.347937
227.173333
228.049206
228.771429
229.560635
230.453968
231.324762
232.165397
232.859365
233.834921
234.617143
235.530159
236.593061
237.588639
238.429093
239.063265
239.843673
240.617551
241.423220
242.439184
243.266349
244.029796
244.814014
245.586077
246.362630
247.147574
247.747460
248.797551
249.582358
250.186395
250.836553
251.434467
252.095918
252.771565
253.427528
254.060272
254.713333
255.349615
256.006213
256.618141
257.244898
257.803764
258.376825
258.940862
259.531020
260.172472
260.782630
261.415374
262.005850
262.658163
263.385805
264.320726
264.947921
265.511338
266.093424
266.626485
267.216961
267.808073
268.343719
268.973560
269.647574
270.249342
270.803039
271.336417
271.855637
272.500590
273.068481
273.777007
274.600998
275.262086
275.832562
276.391429
277.005125
277.495283
278.107392
278.616871
279.158322
279.796871
280.473469
280.969751
281.628934
282.179728
282.730204
283.375510
283.972109
284.649025
285.439456
286.206032
286.838798
287.419864
287.913560
288.406939
289.083855
289.551429
290.047392
290.681406
291.260272
291.859456
292.407029
292.937506
293.559909
294.075873
294.617642
295.222029
295.759637
296.298095
296.808571
297.416463
298.002086
298.675465
299.506633
300.123764
300.698095
301.242766
301.776463
302.373912
302.859029
303.560454
304.020680
304.717279
305.260408
305.844762
306.338776
306.962721
307.583205
308.041497
308.622449
309.131156
309.683810
310.249932
310.811701
311.359184
311.968027
312.673333
313.518095
314.068889
314.706939
315.257823
315.817415
316.392653
316.935828
317.532245
318.095918
318.752608
319.549932
320.365986
321.075646
321.881633
322.510884
323.133605
323.862857
324.863810
325.573469
326.333810
327.025034
327.677279
328.312109
328.906939
329.515646
330.121361
330.773333
331.380816
332.080635
332.775646
333.610204
335.655238
