0.837687
3.806032
7.175873
11.065896
13.766122
15.248345
17.695918
23.355102
26.343673
29.710794
33.227619
35.987574
37.537687
39.725850
45.715556
48.246077
51.420272
53.117823
55.570612
58.451338
60.167438
62.069388
63.431202
65.363401
67.249252
70.354422
72.628980
76.016190
79.437551
81.946984
84.176735
85.713333
88.314195
89.981905
92.078413
93.449297
95.119048
95.926531
97.448571
99.094240
100.728753
101.452653
103.075873
104.715011
106.260272
107.031111
108.617234
109.361270
110.956372
112.505306
114.080227
115.688027
117.229660
118.150476
119.053152
120.022857
120.778095
122.007211
123.432653
127.699501
131.557098
135.055510
136.930476
140.317959
142.771156
146.233469
151.166122
156.433061
159.793878
163.129796
166.764898
168.940045
170.839592
172.762041
175.004943
176.836236
178.989569
181.022041
183.099592
185.360952
187.408571
189.461769
192.286984
194.999546
198.323810
200.737551
203.390612
205.954830
210.410068
212.422222
215.086122
219.181633
224.637324
227.624490
231.517868
235.616508
237.882857
243.271111
247.008980
250.921633
254.790612
257.884354
265.301633
272.338095
