1.497687
3.766032
6.355873
8.985896
11.066122
12.688345
15.055918
18.375102
20.683673
23.550794
26.287619
28.487574
30.217687
32.565850
37.615556
38.806077
41.740272
43.517823
45.670612
48.025669
49.747438
51.589388
53.273605
54.963401
57.109252
59.174422
61.788980
63.792698
65.797551
67.906984
70.156735
72.353333
74.394195
76.581905
78.838413
80.509297
82.012381
82.766531
84.308571
85.814240
87.388753
88.072653
89.575873
91.175011
92.680272
93.411111
94.937234
95.641270
97.196372
98.765306
100.360227
101.988027
103.529660
104.570476
105.513152
106.482857
107.320000
108.267211
109.376327
112.719501
114.877098
118.495510
120.610476
123.837959
126.241859
128.999184
132.626122
135.473061
139.053878
142.149796
145.242449
147.760045
150.159592
152.702041
155.484943
158.056236
161.186984
163.562041
166.159592
168.860952
171.088571
173.521769
176.586984
179.359546
182.262857
185.512653
188.530612
191.854830
195.930068
198.182222
201.986122
205.681633
209.937324
212.404490
215.757868
219.696508
221.922857
226.271111
229.288980
232.501633
235.810612
238.204354
246.621633
254.398095
