1.017687
3.526032
6.695873
10.105896
13.030612
15.228345
18.115918
24.495102
27.223673
30.292381
33.567619
35.867574
37.337687
41.205850
47.455556
49.766077
52.220272
53.737823
55.973061
58.085669
59.547438
61.369388
62.851202
64.563401
66.629252
68.814422
70.708980
73.154286
75.037551
77.346984
78.836735
80.373333
82.014195
83.601905
85.478413
86.989297
88.552381
89.246531
90.648571
92.094240
93.568753
94.232653
95.655873
97.095011
98.580272
99.291111
100.617234
101.201270
102.616372
104.065306
105.460227
106.848027
108.209660
109.130476
109.953152
110.680000
111.418095
112.307211
113.396327
116.339501
119.317098
121.935510
123.470476
125.897959
128.305578
130.699184
134.646122
138.333061
141.373878
144.449796
147.462449
149.680045
151.899592
154.142041
156.584943
158.852472
161.269569
163.342041
165.339592
167.400952
169.328571
171.650612
174.726984
176.939546
179.303810
181.577551
184.030612
186.394830
190.430068
194.882222
198.506122
202.341633
206.977324
209.744490
213.757868
217.596508
220.202857
224.851111
227.568980
231.321633
235.190612
238.024354
244.121633
250.518095
