1.097687
3.294603
6.255873
9.105896
11.306122
12.948345
15.475918
18.955102
21.311020
23.850794
26.607619
28.747574
30.477687
33.005850
37.615556
38.706077
41.140272
42.857823
45.110612
47.365669
49.067438
51.069388
52.531202
54.403401
56.009252
58.194422
60.168980
62.332698
64.237551
65.966984
67.776735
69.473333
71.174195
72.941905
74.898413
76.589297
78.152381
78.966531
80.608571
82.254240
83.828753
84.572653
86.215873
87.875011
89.560272
90.371111
92.077234
92.901270
94.556372
96.200000
97.740227
99.328027
100.869660
101.970476
102.773152
103.782857
104.620000
105.507211
106.856327
110.080000
111.517098
113.915510
115.320000
117.917959
119.521859
121.579184
124.266122
127.100000
129.673878
132.189796
134.842449
137.240045
139.619592
142.062041
144.584943
146.796236
149.269569
151.242041
153.239592
155.080952
156.888571
158.661769
160.826984
162.939546
165.343810
167.557551
169.990612
172.314830
175.570068
177.382222
179.906122
182.881633
186.997324
189.404490
192.597868
196.101587
198.202857
202.551111
205.328980
208.561633
211.890612
213.784354
218.460000
225.378095
