0.417687
2.606032
5.375873
8.345896
10.506122
12.048345
13.815918
17.495102
19.563673
21.650794
24.487619
26.627574
28.277687
29.805850
33.335556
35.206077
37.000272
38.677823
40.210612
41.645669
43.187438
44.469388
45.471202
46.603401
48.246259
50.334422
52.168980
53.952698
55.737551
57.446984
59.276735
60.573333
62.274195
64.021905
66.478413
68.069297
69.572381
70.266531
71.848571
73.414240
75.028753
75.772653
77.315873
78.875011
80.380272
81.111111
82.697234
83.401270
84.936372
86.465306
88.080227
89.608027
91.169660
92.110476
92.933152
93.722857
94.518095
95.587211
96.816327
100.539501
103.057098
106.555510
108.290476
111.197959
113.521859
116.339184
119.606122
122.940000
125.633878
128.229796
131.662449
134.020045
136.239592
138.422041
140.924943
143.036236
145.389569
147.302041
149.399592
151.440952
153.428571
155.561769
158.726984
161.239546
164.263810
166.517551
168.810612
171.174830
175.370068
177.142222
179.286122
181.461633
185.577324
188.324490
191.577868
195.196508
196.820000
201.811111
205.028980
208.681633
212.710612
214.804354
220.561633
228.158095
