0.597687
3.198095
6.095873
9.105896
11.446122
12.928345
15.255918
19.595102
21.967347
24.550794
27.307619
29.507574
30.957687
33.445850
37.435556
39.752154
42.160272
43.637823
45.470612
47.645669
49.147438
50.769388
51.831202
53.383401
54.929252
57.054422
59.008980
61.432698
63.357551
65.286984
66.896735
68.473333
70.054195
71.521905
73.518413
75.149297
76.732381
77.426531
78.968571
80.654240
82.068753
82.752653
84.295873
85.855011
87.460272
88.151111
89.757234
90.461270
92.036372
93.505306
95.020227
96.488027
97.969660
99.030476
99.913152
100.742857
101.440000
102.227211
103.576327
106.679501
110.057098
112.975510
114.730476
117.557959
119.341859
121.676735
124.786122
127.273061
129.233878
131.489796
134.042449
136.040045
138.039592
139.962041
141.764943
143.676236
145.709569
147.602041
149.459592
151.200952
152.708571
154.081769
155.686984
157.739546
160.103810
162.177551
164.430612
166.614830
170.550068
172.442222
174.626122
176.901633
180.677324
183.044490
185.920000
189.036508
191.102857
195.731111
198.188980
201.761633
204.891837
206.704354
212.661633
219.918095
