1.037687
4.064762
8.095873
11.725896
14.406122
16.008345
19.035918
24.995102
27.803673
30.750794
33.887619
36.287574
38.050748
41.205850
47.155556
49.746077
52.600272
54.457823
56.930612
59.265669
60.927438
62.529388
63.891202
65.403401
67.029252
69.634422
71.693878
73.992698
75.897551
78.286984
80.336735
81.913333
84.014195
85.881905
87.978413
89.469297
90.872381
91.566531
92.988571
94.574240
96.168753
96.892653
98.315873
99.795011
101.240272
101.971111
103.437234
104.101270
105.516372
106.945306
108.340227
109.728027
111.109660
112.030476
112.913152
113.762857
114.578095
115.547211
116.416327
119.599501
122.157098
126.095510
127.970476
131.297959
133.621859
136.479184
140.606122
143.633061
146.453878
149.109796
151.802449
154.200045
156.619592
159.102041
161.684943
163.996236
166.509569
168.802041
171.079592
173.720952
176.108571
178.622993
181.646984
184.499546
187.483810
190.077551
192.870612
195.494830
199.810068
201.942222
205.346122
207.821633
213.697324
217.044490
221.157868
225.236508
227.002857
233.711111
237.928980
242.161633
246.690612
248.824354
256.341633
264.038095
