0.117687
2.926032
5.815873
8.885896
11.246122
12.668345
14.775918
18.775102
21.231020
24.070794
27.027619
29.207574
30.757687
32.885850
36.755556
39.192154
41.720272
43.257823
45.670612
47.745669
49.247438
51.009388
52.511202
54.103401
55.989252
58.054422
59.968980
62.312698
64.317551
66.186984
67.816735
69.333333
71.154195
72.961905
75.258413
76.869297
78.472381
79.140000
80.768571
82.374240
83.908753
84.672653
86.255873
87.835011
89.420272
90.131111
91.677234
92.381270
94.036372
95.685306
97.320000
98.968027
100.569660
101.590476
102.493152
103.322857
104.138095
105.467211
106.865306
110.680000
112.577098
115.635510
117.490476
120.457959
122.361859
124.639184
127.706122
130.380000
132.553878
134.589796
136.882449
138.880045
140.879592
142.762041
144.864943
146.856236
148.849569
150.742041
152.599592
154.500952
156.428571
158.320000
160.586984
162.639546
165.083810
167.377551
169.670612
171.934830
175.490068
177.102222
179.286122
181.461633
185.977324
188.944490
192.120000
195.056508
196.642857
203.691111
206.968980
209.961633
213.010612
215.084354
221.021633
228.578095
