0.497687
2.546032
4.860000
7.405896
9.646122
11.308345
14.055918
18.095102
20.343673
22.710794
25.307619
27.667574
29.357687
31.885850
35.935556
38.006077
40.320272
42.097823
44.050612
46.125669
47.827438
49.549388
51.131202
52.843401
54.701769
56.894422
58.928980
60.752698
62.597551
64.386984
66.150204
67.873333
69.674195
71.481905
73.358413
74.989297
76.612381
77.366531
79.048571
80.654240
82.268753
83.052653
84.655873
86.355011
87.980272
88.771111
90.417234
91.181270
92.796372
94.465306
96.160227
97.828027
99.469660
100.510476
101.380000
102.282857
103.078095
104.007211
104.976327
108.319501
110.317098
113.615510
115.430476
118.457959
120.341859
122.819184
125.706122
128.213061
130.853878
133.329796
136.162449
138.720045
141.219592
143.642041
146.324943
148.808707
151.289569
153.702041
156.259592
158.800952
161.608571
164.441769
167.766984
170.919546
174.083810
177.617551
180.990612
184.734830
188.870068
191.262222
194.326122
197.421633
202.377324
205.104490
208.240000
211.556508
213.242857
217.651111
220.788980
224.241633
227.690612
230.184354
237.221633
244.618095
