1.077687
3.646032
6.715873
9.865896
12.240000
13.648345
16.835918
21.115102
23.403673
25.910794
28.707619
31.087574
32.577687
35.585850
39.935556
42.046077
44.340272
45.857823
47.780000
49.385669
50.887438
52.389388
53.651202
55.063401
56.909252
58.874422
61.368980
63.112698
65.097551
66.886984
68.796735
70.013333
71.954195
73.781905
76.198413
78.069297
79.672381
80.526531
82.328571
83.934240
85.588753
86.372653
88.055873
89.795057
91.480272
92.271111
93.957234
94.741270
96.416372
98.125306
99.840227
101.508027
103.169660
104.170476
105.053152
105.942857
106.758095
107.967211
109.456327
113.559501
116.657098
119.935510
121.830476
125.277959
127.681859
129.899184
133.166122
136.473061
139.273878
142.229796
145.542449
147.680045
149.919592
152.042041
155.004943
157.196236
159.509569
161.742041
163.999592
166.680952
169.088571
171.741769
175.186984
177.719546
180.103810
182.877551
185.910612
188.954830
193.530068
195.662222
198.866122
201.521633
206.257324
209.024490
212.697868
216.336508
219.602857
225.051111
228.768980
232.701633
236.350612
238.364354
244.061633
250.578095
