1.177687
3.468254
6.675873
9.885896
12.666122
14.448345
17.075918
22.755102
25.183673
27.850794
30.947619
33.627574
35.317687
37.905850
43.735556
46.046077
48.720544
50.617823
52.861224
55.285669
57.027438
58.989388
60.591202
62.290204
63.949252
66.068844
68.068980
70.112698
72.137551
73.486984
75.676735
77.673333
79.454195
81.241905
83.218413
84.869297
86.572381
87.306531
89.028571
90.714240
92.468753
93.252653
94.955873
96.655011
98.300272
99.051111
100.717234
101.501270
103.196372
104.805306
106.480227
108.048027
109.729660
110.690476
111.593152
112.422857
113.178095
114.180000
115.096327
118.419501
122.097098
125.575510
127.630476
130.837959
133.101859
136.299184
139.606122
142.613061
145.033878
147.449796
150.042449
152.080045
154.159592
156.082041
158.144943
160.216236
162.289569
164.042041
165.859592
167.740952
169.528571
171.461769
173.646984
175.839546
177.983810
180.097551
182.350612
184.894830
189.470068
191.708889
195.146122
198.321633
203.457324
206.004490
209.417868
213.096508
214.862857
221.631111
224.488980
227.921633
231.250612
233.804354
240.021633
247.758095
