0.495374
3.126032
6.220000
9.765896
12.026122
13.308345
15.735918
19.615102
22.163673
25.390794
28.767619
31.047574
32.497687
35.265850
39.315556
41.806077
45.060272
46.477823
48.570612
51.225669
52.647438
54.149388
55.231202
56.763401
58.149252
60.094422
61.888980
63.912698
65.657551
67.586984
69.656735
71.633333
73.214195
74.541905
76.418413
78.029297
79.632381
80.386531
81.868571
83.474240
84.988753
85.732653
87.175873
88.715011
90.180272
90.931111
92.417234
93.161270
94.676372
96.165306
97.720227
99.208027
100.769660
101.670476
102.440000
103.102857
103.938095
104.807211
106.536327
111.339501
113.957098
118.015510
120.240000
123.557959
126.601859
128.819184
131.366122
134.160000
136.493878
138.769796
141.242449
143.240045
145.399592
147.462041
149.784943
151.596236
153.609569
155.702041
157.739592
160.070476
162.348571
164.787075
167.706984
169.899546
173.803810
176.437551
178.570612
180.894830
184.770068
186.922222
189.686122
192.461633
197.397324
200.304490
204.537868
208.616508
210.362857
215.251111
218.268980
222.261633
226.490612
229.024354
237.261633
246.518095
