0.497687
2.646032
5.215873
8.285896
10.586122
12.248345
15.355918
20.875102
23.063673
25.570794
28.447619
30.627574
32.437687
34.985850
40.495556
42.466077
44.840272
46.577823
49.150612
51.385669
53.087438
55.029388
56.371202
57.683401
59.109252
60.954422
62.768980
64.812698
66.577551
68.026984
70.196735
71.853333
73.714195
75.581905
77.478413
78.969297
80.452381
81.166531
82.548571
84.074240
85.588753
86.312653
87.775873
89.275011
90.760272
91.511111
92.937234
93.661270
95.176372
96.525306
98.060227
99.488027
100.949660
101.990476
102.893152
103.762857
104.578095
105.587211
106.936327
110.619501
113.657098
117.335510
119.170476
122.297959
124.701859
127.714286
131.246122
135.793061
138.493878
141.589796
144.522449
147.020045
149.439592
151.842041
154.484943
156.796236
159.429569
161.482041
163.679592
165.920952
167.828571
170.061769
172.946984
175.259546
178.543810
181.557551
184.370612
187.734830
191.910068
194.684444
198.026122
201.281633
207.197324
209.964490
213.437868
217.356508
219.082857
225.220000
228.188980
231.721633
235.910612
238.004354
243.881633
251.498095
