0.537687
2.766032
5.655873
8.345896
10.666122
12.748345
15.455918
20.255102
22.643673
25.190794
27.567619
29.827574
32.017687
34.825850
39.595556
41.766077
44.180272
46.295646
48.590612
50.825669
53.007438
54.989388
56.891202
58.883401
60.649252
62.574422
64.568980
66.872698
68.977551
71.166984
73.236735
75.013333
76.994195
78.881905
80.798413
82.389297
83.952381
84.700000
86.248571
87.834240
89.408753
90.172653
91.675873
93.235011
94.740272
95.511111
97.017234
97.781270
99.336372
100.845306
102.380227
103.888027
105.369660
106.410476
107.333152
108.262857
109.138095
110.067211
111.276327
114.079501
116.457098
119.675510
121.510476
124.597959
126.221859
128.579184
131.486122
135.553061
138.553878
141.629796
145.022449
147.760091
150.359592
153.042041
155.784943
158.773651
161.529569
163.902041
166.519592
169.180952
171.628571
174.181769
177.306984
179.999546
182.623810
185.417551
188.210612
191.054830
196.030068
198.782222
202.066122
205.321633
211.117324
213.904490
216.897868
220.116508
222.602857
227.291111
230.008980
233.580000
236.890612
239.924354
246.321633
254.218095
