0.957687
3.926032
7.335873
10.585896
12.480000
13.888345
15.715918
20.255102
22.883673
25.890794
28.587619
30.487574
32.057687
33.760000
38.095556
40.086077
42.720272
44.277823
46.630612
49.025669
50.607438
52.709388
54.167211
56.103401
57.989252
60.609796
63.208980
65.212698
67.137551
68.426984
70.596735
72.073333
73.814195
75.641905
77.978413
79.609297
81.152381
81.866531
83.388571
84.954240
86.508753
87.212653
88.635873
90.135011
91.580272
92.231111
93.697234
94.321270
95.856372
97.325306
98.820227
100.268027
101.749660
102.770476
103.633152
104.322857
105.000000
106.007211
107.256327
110.779501
113.197098
116.115510
117.850476
120.797959
123.041859
125.459184
128.806122
132.733061
135.433878
138.189796
141.022449
143.240045
145.499592
147.642041
149.804943
152.176236
154.609569
156.702041
158.819592
161.100952
163.648571
165.470612
168.506984
170.519546
173.803810
176.497551
178.930612
181.614830
185.350068
187.222222
189.626122
192.201633
197.897324
201.924490
206.177868
210.280000
211.700000
216.691111
220.368980
224.901633
228.890612
230.784354
236.341633
244.438095
