1.137687
3.556508
7.195873
10.365896
12.326122
13.708345
15.515918
20.435102
23.363673
26.350794
29.267619
31.307574
32.757687
34.485850
39.035556
41.806077
44.760272
46.177823
48.750612
51.205669
52.707438
54.289388
55.351202
56.843401
58.209252
59.954422
61.408980
62.932698
64.377551
66.006984
67.816735
69.153333
70.914195
72.661905
74.758413
76.329297
77.872381
78.546531
79.988571
81.574240
83.008753
83.672653
85.175873
86.695011
88.280272
88.991111
90.497234
91.201270
92.776372
94.325306
95.920227
97.468027
98.929660
99.890476
100.853152
101.682857
102.458095
103.427211
105.016327
108.199501
110.977098
114.395510
115.870476
118.357959
122.381859
124.799184
128.746122
132.413061
134.973878
137.409796
140.242449
142.840045
145.279592
147.542041
149.824943
152.036236
154.189569
156.182041
158.319184
160.600952
162.908571
165.241769
168.546984
171.279546
174.363810
177.217551
179.350612
181.874830
185.690068
188.642222
191.626122
194.581633
200.057324
203.084490
206.637868
210.056508
211.582857
216.951111
220.488980
224.341633
228.330612
230.804354
237.981633
247.498095
