2.637687
4.702540
7.635873
10.445896
12.806122
14.388345
16.495918
20.675102
22.849388
25.510794
28.107619
30.367574
31.957687
34.245850
38.195556
40.146077
42.320272
44.057823
45.970612
48.051338
49.767438
51.429388
52.631202
54.063401
55.569252
57.714422
59.608980
61.612698
63.397551
65.146984
66.856735
68.513333
70.254195
72.061905
74.078413
75.689297
77.492381
78.326531
79.868571
81.514240
83.048753
83.752653
85.335873
86.995011
88.560816
89.371111
90.977234
91.801270
93.416372
95.045306
96.640227
98.268027
99.769660
100.750476
101.620000
102.582857
103.398095
104.360000
105.316327
108.219501
112.577098
116.575510
118.290476
121.177959
124.381859
126.819184
130.726122
133.313061
136.153878
139.099592
142.982449
145.400045
147.839592
150.282041
152.964943
155.396236
157.909569
160.142041
162.479592
164.840952
167.348571
169.641769
172.806984
175.379546
177.843810
180.257551
183.370612
186.294830
191.470068
194.802222
198.526122
201.641633
206.177324
208.464490
211.957868
215.196508
217.082857
221.231111
223.668980
227.221633
230.590612
233.144354
238.461633
243.918095
