0.657687
3.090476
5.940000
8.665896
10.726122
12.168345
14.495918
18.255102
20.783673
23.130794
25.687619
27.727574
29.317687
31.994558
36.975556
38.106077
40.440272
42.077823
44.530612
46.665669
48.287438
49.769388
50.711202
52.063401
53.389252
55.394422
57.208980
59.372698
61.257551
63.206984
65.056735
66.813333
68.614195
70.361905
72.258413
73.769297
75.272381
75.966531
77.488571
79.294240
80.328753
80.932653
82.355873
83.835011
85.260272
85.951111
87.377234
88.041270
89.496372
90.925306
92.300227
93.788027
95.149660
96.110476
96.973152
97.822857
98.518095
99.480000
100.556327
103.779501
106.237098
108.975510
110.550476
113.317959
115.161859
117.399184
120.806122
123.733061
126.173878
128.629796
131.282449
133.220045
135.319592
137.262041
139.684943
141.576236
143.809569
145.672245
147.579592
149.680952
151.508571
153.521769
155.746984
157.859546
160.183810
162.357551
164.670612
166.974830
170.370068
172.362222
175.086122
177.621633
182.037324
184.684490
188.040000
191.036508
192.722857
198.991111
201.968980
205.420000
208.470612
210.620000
216.641633
225.098095
