1.806122
3.966032
6.180000
8.425896
10.246122
11.868345
14.235918
17.895102
20.103673
22.330794
24.307619
26.187574
27.837687
30.145850
33.955556
35.926077
37.920272
39.657823
41.370612
43.105669
44.707438
46.149388
47.471202
48.963401
50.549252
53.026531
54.928980
56.892698
58.777551
60.586984
62.376735
63.953333
65.634195
67.261905
69.218413
71.009297
72.732381
73.526531
75.248571
76.914240
78.568753
79.312653
80.935873
82.615011
84.280272
85.071111
86.717234
87.501270
89.116372
90.785306
92.440227
94.088027
95.729660
96.710476
97.540000
98.362857
99.020000
99.947211
100.716327
103.499501
105.197098
107.715510
109.490476
111.600000
113.621859
115.679184
118.206122
120.013061
122.253878
124.169796
126.502449
128.420045
130.319592
132.102041
134.104943
135.976236
137.889569
139.762041
141.679592
143.640952
145.608571
147.561769
149.926984
151.799546
153.803810
155.677551
157.630612
159.634830
162.990068
164.842222
167.286122
169.721633
173.037324
175.284490
177.840000
180.336508
182.122857
185.931111
188.348980
191.201633
193.790612
195.844354
202.421633
209.718095
