0.417687
2.666032
5.315873
8.845896
11.986122
13.568345
16.135918
21.275102
23.383673
25.670794
28.887619
31.847574
33.457687
36.365850
41.315556
43.246077
45.320272
46.977823
48.710612
50.565669
52.187438
53.809388
55.291202
56.886803
58.569252
60.734422
62.608980
64.412698
66.257551
68.006984
69.816735
71.513333
73.334195
75.021905
77.418413
79.149297
80.792381
81.566531
83.248571
84.894240
86.608753
87.352653
88.995873
90.675011
92.380272
93.131111
94.777234
95.541270
97.156372
98.785306
100.400227
102.028027
103.629660
104.690476
105.653152
106.642857
107.558095
108.987211
110.396327
114.119501
116.737098
120.495510
122.510476
125.697959
128.201859
130.919184
133.546122
135.893061
138.313878
140.549796
143.122449
145.300045
147.639592
149.782041
152.144943
154.536236
156.449569
158.242041
159.899592
161.600952
163.108571
164.561769
166.366984
168.359546
170.703810
173.057551
175.190612
177.334830
180.490068
182.382222
184.826122
187.261633
191.237324
193.564490
196.577868
200.296508
201.982857
207.171111
209.668980
212.621633
216.190612
218.024354
223.581633
230.238095
