0.537687
3.206032
6.755873
10.065896
12.426122
13.948345
16.475918
21.095102
24.103673
27.270794
30.547619
32.887574
34.497687
37.125850
41.675556
44.346077
47.080272
48.677823
51.050612
53.305669
54.887438
56.729388
58.171202
60.023401
62.109252
64.383265
66.308980
68.512698
70.477551
72.526984
74.636735
76.273333
77.974195
79.661905
81.558413
83.009297
84.392381
85.006531
86.408571
87.794240
89.268753
89.860000
91.215873
92.695011
94.020272
94.671111
95.997234
96.661270
98.036372
99.365306
100.820227
102.148027
103.589660
104.450476
105.233152
106.062857
106.838095
107.747211
109.096327
112.659501
115.037098
118.135510
119.940000
122.877959
125.181859
127.499184
130.666122
134.853061
137.693878
140.649796
144.082449
146.020045
147.899592
149.742041
151.884943
153.636236
155.649569
157.602041
159.479592
161.360952
163.228571
165.001769
167.206984
169.279546
171.723810
174.157551
176.910612
179.594830
184.010068
186.542222
189.546122
192.381633
197.437324
200.524490
204.797868
208.876508
210.502857
217.311111
221.548980
226.941633
231.710612
234.604354
241.040000
248.558095
