0.877687
3.446032
6.275873
9.265896
11.066122
12.428345
14.575918
18.695102
21.163673
23.670794
26.287619
27.987574
29.417687
31.545850
35.895556
38.172154
40.460272
41.897823
44.050612
46.165669
47.607438
49.289388
50.531202
52.043401
53.309252
55.054422
56.808980
58.532698
60.497551
62.126984
63.576735
64.773333
66.354195
68.161905
70.416825
72.109297
73.752381
74.546531
76.188571
77.774240
79.388753
80.132653
81.735873
83.415011
85.040272
85.851111
87.537234
88.341270
90.076372
91.645306
93.260227
94.888027
96.489660
97.510476
98.473152
99.342857
100.138095
101.147211
102.116327
105.199501
108.377098
111.795510
113.530476
116.097959
118.041859
120.439184
123.226122
126.133061
128.533878
130.729796
133.002449
134.920045
136.819592
138.682041
140.904943
142.756236
144.569569
146.282041
147.819592
149.580952
151.148571
152.961769
155.106984
157.519546
160.083810
162.717551
165.290612
167.674830
171.750068
173.642222
176.386122
179.101633
183.697324
186.384490
189.117868
191.676508
192.980000
198.391111
201.088980
203.841633
206.430612
208.044354
214.321633
221.498095
