0.695918
5.485714
10.721905
15.482993
20.494558
25.292653
30.886032
35.649388
40.594286
45.843175
51.791020
56.658776
61.887755
66.976735
72.423084
77.613424
82.861043
88.275238
93.804444
98.623175
103.552744
108.311338
113.172381
118.217460
122.993333
127.836191
132.527075
137.888571
142.907347
148.086440
153.542041
158.511655
163.550476
168.497460
173.425079
178.519410
183.746032
188.676553
193.372850
198.631020
203.882449
209.395601
215.345306
219.848980
224.996009
229.420181
234.349388
238.983673
243.920499
248.616780
253.428209
258.036644
262.637914
267.325034
271.967755
276.340998
280.763764
285.470249
290.265850
294.983039
299.948980
305.688435
310.241451
315.176780
320.174331
324.190975
328.538095
333.416327
338.393016
343.069524
347.652245
352.233288
356.777143
361.432290
365.719320
370.018639
374.661134
379.503900
384.162449
389.283265
394.388571
401.609252
407.208163
413.162721
419.161769
425.082993
430.756009
436.705714
441.814921
449.115646
454.168571
459.091429
463.865986
469.195238
474.840408
480.003469
486.983265
495.900816
