1.035918
5.545714
10.300952
14.962993
19.734558
24.593878
29.646032
34.249388
38.994286
43.943175
48.695510
53.498776
58.347755
63.196735
68.283084
73.413424
78.341043
83.415238
88.444444
93.043175
97.632744
102.191338
106.952381
111.997460
116.513333
121.136190
125.847075
130.488571
135.227347
139.926440
144.682041
149.491655
154.230476
158.977460
163.585079
168.739410
173.646032
178.196553
183.478549
188.511020
193.182449
198.435601
203.293061
207.728980
212.256009
216.720181
221.409388
226.103673
230.800499
235.436780
240.324104
244.856644
249.377914
253.805034
258.487755
263.060998
267.463764
271.750249
276.125850
280.463038
284.888980
289.648435
294.321451
298.856780
303.322993
308.110975
312.806032
317.536327
322.553016
327.409524
331.892245
336.393288
340.777143
345.492290
349.919320
354.338639
358.801134
363.463900
368.062449
372.583265
377.168571
382.169252
386.748163
391.522721
396.361769
401.761497
406.456009
411.725714
416.234921
421.455646
425.928571
430.731429
435.212993
440.175238
445.760408
450.654976
457.283265
464.301301
