0.535918
4.765714
9.361905
13.722993
18.074558
22.693878
27.446032
32.029388
36.434286
41.163175
45.975510
50.598776
55.107755
59.676735
64.563084
69.293424
73.941043
78.715238
83.804444
88.203175
92.792744
97.091338
101.712381
106.617460
110.933333
115.276190
119.767075
124.228571
128.927347
133.726440
139.102041
143.591655
147.870476
152.157460
156.485079
161.059410
165.506032
169.836553
174.398549
179.011020
183.622449
188.335601
193.673061
197.968980
202.616009
206.920181
211.389388
215.803674
220.460499
225.456780
230.108209
234.416644
238.537914
242.605034
246.987755
251.380998
255.723764
259.890249
264.165850
268.443039
272.768980
278.248435
282.601451
286.916780
291.162993
295.510975
299.906032
304.456326
309.313016
314.049524
318.132245
322.273288
326.217143
330.712290
335.119320
339.478639
343.841134
348.243900
352.522449
356.963265
361.508571
367.769252
372.728163
377.682721
382.741769
388.122993
393.136009
398.445714
403.194921
408.955646
413.988571
419.291429
424.245986
429.775238
436.460408
442.174694
450.403265
457.560816
