1.955918
6.685714
11.801905
16.482993
21.054558
25.867755
31.046032
35.849388
40.534286
45.443175
50.495510
55.398776
60.327755
65.116735
69.957583
74.673424
79.341043
84.035238
88.904444
93.583175
98.092744
102.711338
107.132381
111.817460
116.333333
120.996190
125.527075
130.288571
134.907347
139.646440
144.662041
149.411655
154.050476
158.557460
163.205079
168.239410
172.766032
177.516553
181.998549
186.531020
191.043207
195.685200
201.153061
205.688980
210.456009
214.940181
219.649388
224.103673
228.560499
233.196780
237.768547
242.176644
246.777914
251.445034
256.187755
260.720998
265.063764
269.570249
273.885850
278.323038
282.948980
288.008435
292.601451
297.116780
301.682993
306.170975
310.506032
315.056327
319.773016
324.417381
328.972245
333.453288
337.997143
342.772290
347.079320
351.258639
355.701134
360.123900
364.482449
369.063265
373.768571
379.190925
384.128163
389.322721
394.601769
399.882993
405.096009
410.825714
415.794921
421.295646
426.528571
431.911429
437.025986
442.155238
448.100408
453.654694
461.923265
469.160816
