0.755918
4.925714
9.281905
13.462993
17.614558
21.853878
26.306032
30.789388
35.094286
39.123175
43.335510
47.658776
51.727755
55.636735
60.063084
64.542685
68.741043
73.136270
77.524444
81.721587
85.692744
89.631338
93.652381
97.744365
101.613333
105.576190
109.507075
113.728571
117.707347
121.966440
126.062041
130.171655
134.090476
138.157460
142.185079
146.519410
150.666032
154.676553
158.829758
162.951020
167.122449
171.935601
176.053061
180.048980
184.136009
187.920181
191.889388
195.843673
200.100499
204.336780
208.288209
212.016644
216.037914
219.905034
223.707755
227.530249
231.203764
234.902562
238.685850
242.463039
246.388980
250.608435
254.533817
258.376780
262.142993
265.810975
269.486032
273.676327
277.833016
281.749524
285.432245
289.237763
292.952381
296.752290
300.299320
303.879320
307.421134
311.223900
315.302449
319.363265
323.468571
328.309252
332.848163
337.402721
341.981769
347.222993
351.988005
357.265714
362.054921
367.935646
372.828571
377.451429
382.045986
386.975238
392.200408
396.894694
404.283265
411.520816
