0.535918
6.145714
12.581905
18.402993
24.434558
30.673878
36.526032
42.297551
48.174286
54.243175
60.595510
66.258776
72.231020
78.036735
84.323084
90.533424
96.621043
102.695238
108.944444
114.303175
119.952744
125.251338
131.072381
137.157460
142.713333
148.256191
154.074150
160.288571
166.147347
172.226440
178.662041
183.911655
189.370476
194.337460
199.965079
206.379410
212.646032
218.496553
224.578549
230.191020
235.642449
242.455601
248.673061
253.728980
258.936009
263.740181
268.929388
274.203673
279.700499
285.076780
290.368209
295.196644
300.077914
305.005034
310.207755
315.340998
320.323764
325.530249
330.905850
335.863039
341.428980
347.708435
352.681451
357.736780
362.682993
367.750975
372.952063
378.776326
384.373016
389.869524
394.752245
399.573288
404.197143
409.292290
413.999320
418.669660
423.481134
428.463900
433.702449
439.143265
444.428571
454.029252
460.448163
466.842721
473.141769
479.562993
485.696009
492.625714
498.674921
505.155646
511.208571
517.011429
522.685986
528.775238
535.500408
541.534694
549.803265
561.580816
