0.675918
5.445714
10.341905
15.182993
20.014558
25.073878
29.986032
34.929388
39.714286
44.883175
50.075510
55.038776
60.047755
64.936735
70.075771
75.373424
80.661043
86.115238
91.824444
96.643175
101.512744
106.091338
110.752381
115.917460
120.493333
125.056190
129.567075
134.208571
138.887347
143.946440
149.528408
154.511655
159.490476
164.317460
168.905079
174.119410
179.066032
184.076553
188.998549
194.011020
198.902449
204.275601
209.753061
213.928980
218.476009
222.620181
227.149388
231.663673
236.560499
241.536780
246.468209
251.176644
255.537914
259.745034
264.187755
268.460998
272.843764
277.250249
281.805850
286.523038
291.228980
296.408435
300.761451
305.136780
309.342993
313.810975
318.266032
323.056327
328.093016
333.029524
337.572245
341.913288
346.077143
350.636536
354.899320
359.218639
363.661134
368.223900
372.862449
377.603265
382.428571
388.509252
393.628163
398.842721
404.101769
409.442993
414.676009
420.065714
424.914921
430.215646
435.068571
439.931429
444.628662
449.335238
454.670204
459.773438
466.423265
473.580816
