0.515918
4.965714
9.701905
14.247664
18.994558
23.793878
28.806032
33.589388
38.434286
43.363175
48.355510
53.198776
58.147755
63.276735
68.803084
73.993424
79.161043
84.515238
90.204444
95.223175
100.272744
105.131338
110.092381
115.077460
119.933333
124.876190
129.887075
134.848571
140.167347
145.566440
151.002041
155.791655
160.910476
166.017460
171.105079
176.679410
181.946032
187.456553
192.958549
198.271020
203.662449
209.275601
214.993061
220.188980
225.736009
230.720181
236.109388
241.383673
246.760499
252.396780
257.808209
263.036644
268.217914
272.965034
278.047755
283.000998
288.023764
293.050249
298.165850
303.003039
308.028980
313.448435
318.801451
324.296780
329.842993
335.070975
340.666032
346.416327
352.673016
358.549524
363.812245
369.013288
373.737143
379.112290
383.999320
389.178639
394.301134
399.603900
404.862449
410.323265
415.848571
421.709252
427.048163
432.142721
437.261769
442.770748
448.116009
453.585714
458.714921
464.035646
469.148571
474.131429
479.205986
484.415238
490.040204
495.074694
501.863265
508.720816
