0.815918
4.745714
8.601905
12.342993
16.114558
19.993878
24.066032
27.869388
31.754286
35.723175
39.975510
43.898776
47.747755
51.336735
55.563084
59.713424
63.461043
67.497619
71.464444
75.343175
79.132744
82.991338
86.812381
90.772487
94.453333
98.276190
101.827075
105.588571
109.227347
113.126440
117.122041
120.971655
124.830476
128.537460
132.305079
136.179410
139.926032
143.676553
147.438549
151.211020
154.955612
158.961589
162.613061
166.288980
170.056009
173.600181
177.369388
181.163673
184.900499
188.716780
192.448209
195.996644
199.625971
203.285034
207.007755
210.680998
214.123764
217.650249
221.245850
224.903039
228.608980
232.608435
236.301451
240.056780
243.662993
247.510975
251.226032
254.916326
258.824339
262.569524
266.132245
269.757763
273.317143
277.012290
280.599320
284.238639
287.921134
291.423900
295.142449
298.883265
302.428571
307.189252
311.408163
315.662721
319.861769
324.262993
328.756009
333.365714
337.377460
342.735646
347.148571
351.311429
355.365986
359.535238
364.480204
368.859646
375.495816
382.780816
