1.735918
5.885714
10.341905
14.742993
19.094558
23.447755
28.206032
32.469388
36.734286
41.163175
45.975510
50.438776
55.027755
59.596735
64.215898
68.753424
73.201043
77.775238
82.591111
86.883175
91.136372
95.191338
99.332381
103.577460
107.793333
112.036191
116.087075
120.528571
124.683673
129.046440
133.262041
138.091655
142.370476
146.517460
150.925079
155.359410
159.786032
164.696553
169.138549
173.631020
177.862449
182.354450
187.113061
191.448980
195.856009
199.900181
204.249388
208.603673
212.670125
216.516780
220.729403
224.936644
229.117914
233.345034
237.407755
241.520998
245.243764
249.150249
252.665850
256.483039
260.348980
264.762109
268.841451
273.116780
277.702993
281.150975
285.126032
289.496327
293.531005
297.829524
301.712245
305.753288
309.517143
313.312290
317.019320
320.718639
324.761134
328.563900
332.182449
336.023265
339.968571
345.129252
349.688163
354.722721
359.321769
363.802993
368.436009
373.425714
377.507460
382.215646
386.328571
390.491429
394.821497
399.195238
404.160408
408.814694
414.899611
421.120816
