1.175918
6.045714
11.221905
15.982993
20.854558
25.773878
31.006032
36.029388
40.834286
45.883175
51.275510
55.858776
60.727755
65.436735
70.483084
75.393424
80.001043
84.955238
90.101630
94.403175
99.192744
103.951338
108.732381
113.597460
118.373333
122.956190
127.487075
132.128571
136.787347
141.666440
146.502041
151.011655
155.430476
159.977460
164.685079
169.639410
174.226032
178.916553
183.678549
188.351020
192.960612
197.875601
202.873061
207.408980
212.376009
217.000181
221.749388
226.443673
231.060499
235.576780
240.224383
244.616644
249.157914
253.685034
258.187755
262.420998
266.663764
270.950249
275.265850
279.643038
283.988980
288.448435
292.781451
297.336780
301.922993
306.441950
310.766032
315.516326
320.013016
324.589524
328.932245
333.213288
337.497143
342.072290
346.146440
350.309660
354.581134
358.843900
363.042449
367.463265
371.908571
377.329252
382.068163
386.922721
391.821769
396.902993
401.612003
406.931429
411.854921
416.935646
421.588571
426.051429
430.525986
435.215238
440.120408
444.416563
450.281088
456.826939
