0.975918
6.245714
11.781905
17.082993
22.414558
27.553878
33.106032
38.529388
43.634286
48.743175
54.335510
59.818776
65.427755
70.936735
76.497583
82.113424
87.481043
93.215238
98.764444
103.863175
109.352744
114.591338
119.832381
125.217460
130.453333
135.556190
140.427075
145.628571
150.887347
156.406440
161.762041
167.191655
172.490476
177.797460
182.985079
188.419410
193.506032
198.716553
204.098549
209.451020
214.682449
220.555601
225.773061
230.948980
236.336009
241.360181
246.549388
251.583674
256.880499
262.076780
267.308209
272.536644
277.557914
282.505034
287.647755
292.480998
297.243764
302.170249
306.965850
311.923039
317.068980
322.288435
327.321451
332.316780
337.682993
342.570975
347.466032
353.969541
357.953016
363.169524
368.032245
372.933288
377.657143
382.956871
387.659320
392.398639
397.241134
402.083900
407.522449
412.243265
417.368571
423.309252
429.128163
434.622721
440.121769
445.742993
451.476009
457.485714
463.214921
469.715646
475.228571
480.711429
485.865986
491.155238
497.130204
502.574694
508.843265
519.188163
