0.535918
4.565714
9.141905
13.662993
18.334558
23.013878
27.786032
32.569388
36.854286
41.343175
46.195510
50.698776
55.367755
60.056735
65.183084
69.973424
74.721043
79.735238
84.524444
89.083175
93.812744
98.371338
103.132381
108.077460
112.493333
117.076190
121.787075
126.477143
131.327347
136.286440
141.042041
145.451655
150.130476
154.609841
159.005079
163.879410
168.506032
173.113107
177.958549
182.851020
187.502449
192.495601
197.553061
202.136327
206.856009
211.140181
215.769388
220.423673
225.420499
229.896780
234.771368
239.096644
243.097914
247.245034
251.587755
256.000998
260.443764
264.950249
269.245850
273.883038
278.288980
283.168435
287.661451
291.996780
296.562993
300.850975
305.166032
309.756327
314.513016
318.914762
323.058892
327.193288
331.277143
335.652290
339.779320
344.031234
348.301134
352.703900
357.022449
361.643265
366.148571
371.749252
376.868163
382.062721
387.501769
393.282993
398.976009
404.825714
409.974921
415.715646
420.648571
425.491429
430.445986
435.415238
441.140408
446.074694
453.583265
460.760816
