1.595918
5.525714
9.361905
13.222993
17.014558
20.733878
24.646032
28.469388
32.294286
36.043175
39.838503
43.738776
47.647755
51.556735
55.503084
59.633424
63.508209
67.578810
71.644444
75.361587
79.172744
82.811338
86.532381
90.257460
93.953333
97.645397
101.187075
104.868571
108.467347
112.293220
116.241020
120.054331
124.070476
127.777460
131.605079
135.479410
139.126032
142.978277
146.698549
150.611020
154.386871
158.456300
162.393061
165.948980
169.536009
172.875045
176.369388
179.803674
183.480499
187.178390
190.851854
194.516644
198.217914
201.851259
205.447755
209.040998
212.623764
216.290249
219.925850
223.503039
227.148980
230.828435
234.541451
238.096780
241.562993
245.210975
248.686032
252.276327
255.886508
259.429524
262.992245
266.653288
270.132381
273.872290
277.359320
280.958639
284.521134
288.203900
291.742449
295.663265
299.388571
304.049252
308.188163
312.282721
316.381769
320.542993
324.758005
328.825714
333.194921
337.555646
341.588571
345.411429
349.265986
353.295238
357.325102
361.558231
367.203265
373.440816
