0.555918
5.325714
10.241905
15.122993
19.989116
24.613878
29.766032
34.689388
39.714286
44.703175
49.855510
55.018776
60.087755
65.096735
70.163084
75.453424
80.521043
85.678413
90.844444
95.603175
100.332744
105.211338
110.052381
115.017460
119.913333
124.636190
129.327075
134.028571
138.867347
143.986440
149.102041
154.011655
158.830476
163.697460
168.205079
173.139410
177.906032
182.696553
187.578549
192.611020
197.282449
202.495601
207.253061
211.928980
216.516009
220.960181
225.589388
230.263673
235.140499
239.896780
244.806887
249.236644
253.757914
258.285034
262.727755
267.200998
271.423764
275.790249
280.085850
284.503039
289.088980
293.988435
298.741451
303.056780
307.662993
312.090975
316.486032
321.096327
325.953016
330.589524
334.972245
339.533288
343.937143
348.532290
352.919320
357.098639
361.421134
365.683900
370.262449
374.843265
379.568571
385.037313
390.248163
395.462721
400.781769
406.102993
411.196009
416.445714
421.704762
427.275646
432.388571
437.551429
442.705986
447.963048
453.760204
459.134694
466.403265
471.880816
