0.215918
4.065714
7.801905
11.462993
15.154558
18.733878
22.551508
26.149388
29.894286
33.643175
37.675510
41.398776
45.207755
49.158912
53.193847
57.113424
61.001043
65.128360
69.344444
72.943175
76.492744
79.931338
83.492381
87.038730
90.413333
93.836191
97.147075
100.634286
104.127347
108.066440
112.202041
115.831655
119.370476
123.017460
126.765079
130.679410
134.186032
138.016553
141.754078
145.451020
149.202449
153.575601
157.913061
161.399388
164.796009
168.008036
171.309388
174.623673
178.080499
181.446130
184.828209
187.976644
191.157914
194.405034
197.887755
201.380998
204.663764
207.870249
211.085850
214.323038
217.688980
221.452109
224.827150
228.076780
231.322993
234.550975
237.886032
241.316327
244.793016
248.109524
251.252245
254.513288
257.772381
261.392290
264.639320
267.738639
270.961134
274.223900
277.482449
280.983265
284.508571
289.231750
293.288163
297.322721
301.561769
305.915470
310.252003
315.045714
319.454921
324.215646
327.988571
331.811429
335.237999
338.835238
342.546735
346.479668
353.703265
360.960816
