1.135918
5.445714
8.661905
12.762993
17.014558
21.253878
25.566032
29.809388
34.054286
38.323175
42.675510
47.258776
51.947755
56.436735
60.923084
65.553424
69.921043
74.715238
79.424444
83.683175
88.212744
92.551338
97.012381
101.437460
105.673333
109.936190
114.027075
118.408571
122.727347
127.266440
131.542041
135.911655
139.970476
144.357460
148.665079
153.279410
157.746032
162.176553
166.958549
171.771020
176.282449
181.235601
185.753061
189.828980
194.256009
198.360181
202.709388
206.843673
211.120499
215.196780
219.428209
223.636644
227.697914
231.705034
235.947755
240.040998
244.123764
248.090249
252.365850
256.143038
260.208980
264.588435
268.721451
272.876780
277.042993
281.390975
285.446032
289.616327
293.793016
297.909524
301.952245
306.193288
310.257143
314.712290
318.739320
322.718639
326.921134
331.123900
335.102449
339.263265
343.368571
348.444179
353.208163
358.242721
363.081769
368.114331
373.236009
378.425714
383.134921
388.975646
393.368571
398.151429
402.945986
407.715238
413.460408
419.214694
426.963265
434.344081
