1.215918
6.005714
10.881905
15.682993
20.394558
24.953878
30.406032
35.389388
40.094286
45.163175
50.115510
54.878776
59.667755
64.416735
69.403084
74.513424
79.141043
84.095238
88.844444
93.486349
98.212744
102.891338
107.572381
112.397460
117.013333
121.536191
126.027075
130.728571
135.467347
140.386440
145.202041
149.951655
154.550476
159.337460
164.165079
169.139410
173.866032
178.689660
183.411710
188.271020
192.862449
197.895601
203.053061
207.768980
212.576009
217.120181
221.969388
226.743673
231.440499
236.116780
240.868209
245.356644
249.717914
253.945034
258.147755
262.260998
266.203764
270.250249
274.445850
278.763038
283.228980
288.048435
292.621451
297.076780
301.602993
306.070975
310.406032
315.136326
319.873016
324.429524
328.832245
333.193288
337.337143
341.672290
345.659320
349.778639
354.001134
358.363900
362.842449
367.423265
372.048571
377.449252
382.248163
387.082721
391.941769
396.882993
401.776009
406.725714
411.604762
416.755646
421.448571
426.151429
430.645986
435.475238
440.660408
445.394694
452.263265
460.040816
