1.195918
5.265714
9.401905
13.702993
17.874558
21.953878
26.246032
30.369388
34.574286
38.903175
43.395510
47.479388
51.647755
55.736735
59.847695
64.373424
68.581043
72.988810
77.132026
81.203175
85.272744
89.451338
93.492381
97.677460
101.653333
105.456190
109.127075
113.188571
117.135782
121.446440
125.642041
129.751655
133.670476
137.717460
141.525079
145.699916
149.786032
154.056553
158.269758
162.371020
166.502449
170.875601
175.133061
179.388980
183.396009
187.508036
191.549388
195.583674
199.600499
203.856780
208.008035
211.936644
215.737914
219.602517
223.287755
227.240998
230.843764
234.410249
238.025850
241.823038
245.828980
250.388435
254.580484
258.576780
262.702993
266.850975
270.646032
274.696326
278.933016
282.969524
286.772245
290.673288
294.557143
298.592290
302.539320
306.238639
310.021134
313.701950
317.522449
321.623265
325.648571
331.489252
336.448163
341.322721
346.341769
351.542993
356.536009
362.045714
366.914921
372.875646
377.668571
382.911429
388.368662
393.178413
398.740408
404.247347
411.943265
419.200816
