0.695918
5.485714
10.470238
15.162993
19.994558
24.893878
30.166032
35.129388
40.014286
45.163175
50.515510
55.738776
60.787755
65.976735
71.223084
76.613424
81.681043
87.055238
92.364444
96.923175
101.552744
106.111338
110.552381
115.157460
119.673333
124.156190
128.747075
133.248571
137.967347
142.766440
147.702041
152.411655
156.930476
161.517460
165.825079
170.539410
175.006032
179.736553
184.598549
189.571020
194.170612
198.975601
203.893061
208.428980
213.056009
217.520181
221.929388
226.403673
230.980499
235.856780
240.493642
244.696644
248.897914
253.045034
257.387755
261.960998
266.343764
270.710249
275.045850
279.483039
284.068980
289.108435
293.740726
298.196780
302.802993
307.170975
311.546032
316.036327
320.913016
325.429524
329.752245
334.153288
338.237143
342.612290
346.939320
351.158639
355.501134
359.883900
364.362449
368.923265
373.428571
379.109252
384.628163
390.222721
396.301769
402.222993
408.156009
413.925714
419.114921
424.795646
429.928571
435.251429
440.305986
445.935238
452.100204
457.354694
465.043265
471.680816
