1.355918
5.245714
9.141905
12.922993
16.654558
20.493878
24.586032
28.389388
32.154286
36.323175
40.755510
44.698776
48.607755
52.618912
56.932617
61.093424
65.201043
69.495238
73.964444
77.883175
81.652744
85.451338
89.432381
93.397460
96.933333
100.476191
104.027075
107.708571
111.567347
115.426440
119.342041
123.111655
126.850476
130.477460
134.106270
137.899410
141.326032
145.016553
148.539274
152.151020
155.826939
159.792845
163.773061
167.848980
171.616009
175.160181
179.109388
182.963673
186.780499
190.608390
194.472052
198.076644
201.737914
205.465034
209.367755
213.220998
216.983764
220.730249
224.441950
228.003039
231.748980
235.668435
239.481451
243.116780
246.942993
250.510975
254.246032
258.016326
261.913016
265.774762
269.392245
273.073288
276.669286
280.532290
284.179320
287.678639
291.281134
295.063900
298.722449
302.523265
306.328571
311.229252
315.428163
319.802721
324.321769
329.242993
333.656009
338.325714
343.174921
348.235646
352.396190
356.351429
360.145986
364.235238
368.340136
372.854694
378.518327
386.260816
