0.855918
5.065714
9.441905
13.967664
18.334558
22.833878
27.506032
32.169388
36.614286
41.223175
45.935510
50.378776
54.707755
59.176735
63.763084
68.633424
72.941043
77.615238
82.104444
86.563175
91.092744
95.491338
99.812381
104.272487
108.373333
112.516190
116.727075
121.328571
125.927347
130.746440
135.442041
139.931655
144.430476
149.077460
153.585079
158.359410
162.886032
167.236553
171.538549
176.051020
180.362449
185.295601
190.013061
194.468980
199.176009
203.540181
208.049388
212.423673
217.020499
221.636780
226.128209
230.736644
235.097914
239.075011
243.047755
247.120998
251.203764
255.230249
259.465850
263.683039
268.088980
272.888435
277.341451
281.736780
286.142993
290.390975
294.626032
299.116327
303.673016
308.129524
312.472245
316.873288
320.697143
324.612290
328.619320
332.538639
336.481134
340.723900
344.982449
349.483265
354.048571
360.209252
365.108163
369.782721
374.601769
379.482993
384.336009
389.105714
393.754921
399.175646
403.404286
407.831429
412.305986
416.775238
421.447551
425.534694
433.003265
440.300816
