0.695918
5.285714
10.181905
14.942993
19.714558
24.193878
29.386032
34.089388
38.874286
43.903175
48.815510
53.678776
58.547755
63.736735
68.715771
73.753424
78.781043
84.115238
89.204444
93.763175
98.312744
102.791338
107.192381
112.137460
116.733333
121.376190
125.907075
130.468571
135.207347
140.306440
145.202041
149.931655
154.510476
158.997460
163.605079
168.379410
172.986032
177.576553
182.718549
187.811020
192.462449
197.255601
202.393061
207.048980
211.876009
216.400181
220.869388
225.543673
230.220499
234.876780
239.404701
243.636644
247.857914
252.385034
256.947755
261.340998
265.543764
269.790249
274.105850
278.563039
282.968980
288.028435
292.541451
297.216780
302.002993
306.310975
310.826032
315.596327
320.216508
324.949524
329.092245
333.453288
337.817143
342.372290
346.479320
350.558639
354.741134
359.023900
363.342449
367.943265
372.568571
377.789252
382.716327
387.962721
393.221769
398.602993
404.516009
410.082857
414.394921
420.135646
425.188571
430.351429
435.325986
440.595238
446.360408
451.221469
456.703265
461.960816
