1.021451
3.407891
5.872063
8.299955
10.641587
13.090295
15.522766
18.024082
20.579048
24.249796
27.099093
29.680726
33.553016
37.545079
41.843129
45.817052
49.835102
54.060408
58.230612
62.101361
66.115510
69.973016
74.039048
78.190204
82.279184
87.103628
90.484082
93.414603
95.781633
98.287506
100.911429
105.599456
109.397642
113.459456
118.184127
122.415510
126.149569
130.014558
134.251837
137.266122
140.231746
143.142857
145.961224
148.813243
151.592381
154.420816
157.220045
160.711701
163.363741
166.041633
168.756463
171.388571
174.694104
177.937619
181.681542
186.601633
191.359637
195.702358
199.915397
203.923129
208.320045
212.478639
216.696372
220.743855
225.249841
229.316190
233.564444
237.825714
241.717823
246.383265
254.024626
258.335556
262.698503
266.586259
270.932381
276.046077
282.600771
