1.701451
3.947891
6.152063
8.479955
10.701587
13.030295
15.402766
17.924082
20.690476
23.969796
26.719093
29.440726
33.153016
36.865079
40.923129
44.657052
48.935102
53.400408
57.530612
61.101361
65.455510
69.433016
73.399048
77.130068
80.819184
85.263628
88.004082
91.394603
93.841633
96.235011
98.651429
103.439456
107.277642
110.939456
115.324127
118.555510
121.209569
124.214558
127.651837
130.546122
133.485873
136.262857
139.161224
142.073243
144.892381
147.740408
150.700045
154.751701
157.667483
160.561633
163.436463
166.208571
169.234104
172.038413
175.281542
179.701633
183.939637
188.222358
192.210794
195.903129
199.640045
203.998639
208.236372
212.063855
216.749841
221.036190
225.204444
229.085714
232.997823
237.863265
243.944626
249.335556
253.918503
258.166259
262.212381
266.746077
272.475193
