1.421451
3.927891
6.572063
9.239955
11.861587
14.670295
17.282766
20.144082
22.930476
26.209796
29.338186
32.120726
35.873016
39.502540
43.263129
46.697052
50.315102
54.180408
58.070612
61.701361
65.295510
69.313016
73.259048
77.130068
81.017551
85.965397
89.264082
92.974603
95.841633
98.855011
101.891429
106.839456
111.317642
115.539456
120.744127
125.195510
129.129569
133.138231
137.971837
141.366122
144.571746
147.882857
151.161224
154.313243
157.592381
161.480816
165.140317
169.843401
173.907483
177.601633
181.576463
185.068571
188.634104
192.475238
196.261542
200.421633
204.259637
208.462358
212.550794
216.543129
220.920045
224.938639
228.885488
232.763855
236.849841
240.968571
244.904444
249.045714
252.917823
257.423265
262.344626
266.975556
272.075510
276.346259
282.372381
287.666077
298.035193
