1.901451
4.167891
6.532063
8.979955
11.303175
13.730295
16.191383
18.864082
21.590476
24.709796
27.599093
30.100726
33.968113
37.785079
42.403129
46.397052
50.995102
55.380408
59.730612
64.201361
68.495510
72.593016
76.999048
81.450068
85.655918
90.303628
92.864082
95.454603
97.621633
99.975011
102.451429
106.699456
110.637642
114.759456
119.404127
122.775510
126.089569
129.394558
132.751837
135.446122
138.115873
140.922857
143.621224
146.313243
149.292381
152.360408
155.440045
159.451701
161.933741
164.341633
166.776463
168.908571
171.514104
174.355238
177.481542
181.821633
185.899637
190.042358
194.190794
198.163129
202.051435
205.978639
210.236372
214.303855
219.189841
223.576190
228.044444
232.545714
237.097823
242.023265
247.804626
252.115556
256.418503
261.086259
265.372381
270.206077
276.195193
