1.021451
3.207891
5.452063
7.719955
9.861587
12.110295
14.342766
16.704082
19.170476
22.009796
24.839093
27.300726
30.813016
34.565079
38.583129
42.277052
46.315102
50.360408
54.250612
58.081361
61.835510
65.593016
69.479048
73.490068
77.259184
81.443628
83.924082
86.734603
89.081633
91.615011
94.271429
98.519456
102.757642
106.759456
111.174021
114.515510
117.709569
120.794558
124.151837
126.886122
129.651746
132.302857
135.021224
137.833243
140.592381
143.440408
146.320045
149.651701
152.287483
154.981633
157.516463
160.008571
163.114104
166.238810
169.761542
174.601633
179.419637
183.942358
188.450794
192.723129
197.200045
201.478639
205.810975
209.543855
213.929841
218.156190
222.344444
226.545714
230.477823
234.823265
239.944626
244.835556
249.458503
254.446259
258.992381
264.226077
270.055193
