1.180726
3.407891
5.812063
8.219955
10.661587
13.090295
15.582766
18.164082
21.000952
24.349796
26.999093
29.260726
33.353016
37.265079
41.403129
45.217052
49.295102
53.420408
57.630612
61.601361
65.655510
69.453016
73.519048
77.450068
81.376735
85.983628
88.904082
92.014603
94.381633
96.915011
99.551429
104.739456
108.417642
112.119456
116.644127
120.355510
123.949569
127.594558
131.471837
134.146122
136.791746
139.422857
142.181224
144.813243
147.463095
150.220408
153.140045
156.691701
159.307483
161.981633
164.676463
167.228571
170.594104
173.895238
177.781542
182.581633
187.299637
191.742358
196.110794
200.283129
204.800045
209.238639
213.416372
217.443855
222.029841
226.176190
230.344444
234.485714
238.337823
242.763265
248.524626
253.315556
258.118503
262.406259
266.632381
271.166077
277.280771
