0.981451
3.547891
6.212063
8.899955
11.501587
14.250295
17.042766
19.804082
22.450476
26.209796
29.139093
31.760726
35.393016
39.145079
42.843129
46.397052
50.327510
54.120408
58.010612
61.561361
65.295510
68.993016
72.779048
76.730068
80.459184
84.723628
87.104082
89.854603
92.281633
94.775011
97.411429
101.259456
105.657642
109.759456
114.384127
117.655510
120.829569
124.014558
127.291837
130.172245
133.031746
135.782857
138.801224
141.733243
144.572381
147.520408
150.480045
153.931701
156.767483
159.661633
162.416463
164.928571
167.974104
171.055238
174.541542
179.001633
183.219637
187.102358
191.230794
195.183129
199.320045
202.938639
206.596372
210.123855
214.249841
218.116190
221.964444
225.745714
229.297823
233.243265
238.124626
242.255556
246.218503
250.106259
254.112381
258.353215
263.535193
