1.221451
3.587891
6.132063
8.659955
11.241587
13.810295
16.382766
19.004082
21.790476
25.069796
28.099093
30.820726
34.913016
38.445079
42.186259
45.697052
49.655102
53.680408
57.590612
61.444082
65.475510
69.373016
73.664762
77.670068
81.579184
86.303628
89.104082
92.054603
94.441633
96.975011
99.551429
104.559456
108.677642
112.639456
117.624127
120.391837
123.529569
126.774558
130.351837
133.086122
135.811746
138.402857
141.181224
143.993243
147.012381
150.000408
153.140045
157.371701
160.287483
163.041633
165.616463
167.988571
170.874104
173.855238
177.301542
181.661633
185.999637
190.142358
194.350794
198.123129
202.073348
205.898639
209.956372
213.883855
218.229841
222.296190
226.344444
230.645714
234.217823
238.243265
244.264626
248.835556
253.258503
257.806259
262.172381
268.366077
274.390385
