1.762902
4.627891
7.492063
10.299955
13.001587
15.990295
18.762766
21.564082
24.390476
28.069796
31.739093
34.520726
39.573016
43.505079
48.203129
52.597052
57.035102
61.280408
65.650612
69.921361
75.095510
79.653016
84.479048
89.450068
94.279184
102.130884
105.144082
108.874603
111.761633
114.675011
117.831429
123.719456
128.617642
133.199456
140.744127
144.735510
148.569569
153.194558
162.011837
165.424490
168.511746
171.522857
174.643673
177.753243
181.292381
184.780408
188.160045
192.711701
195.927483
199.181633
202.256463
205.388571
209.654104
213.755238
218.203084
223.241633
228.479637
233.062358
237.290794
241.563129
245.920045
250.358639
254.896372
259.163855
263.769841
267.976190
272.344444
276.445714
280.777823
286.183265
291.524626
296.175556
301.055510
305.526259
311.112381
318.506077
328.775193
