1.281451
3.447891
5.752063
8.139955
10.481587
12.910295
15.322766
17.824082
20.750476
24.209796
27.379093
29.880726
34.013016
37.825079
41.983129
45.877052
49.715102
53.420408
57.190612
60.841361
64.735510
68.373016
72.019048
75.690068
79.239184
83.703628
86.552041
89.814603
92.081633
94.515011
97.071429
102.079456
105.677642
109.039456
113.464127
116.775510
119.929569
123.154558
126.631837
129.226122
131.751746
134.262857
136.841224
139.393243
141.812381
144.460408
147.020045
150.291701
152.827483
155.221633
157.816463
160.108571
163.334104
166.375238
169.881542
174.421633
178.319637
182.502358
186.790794
190.123129
194.260045
198.238639
202.136372
205.763855
209.989841
213.856190
217.704444
221.585714
225.077823
229.083265
234.764626
239.475556
244.212517
248.446259
252.572381
257.186077
268.695193
