0.440272
1.403265
2.286939
3.141633
4.143673
5.105306
6.037143
6.924490
7.900816
8.864082
9.785714
10.691020
11.606939
12.539184
13.491701
14.420363
15.355964
16.319773
17.236009
18.175147
19.090249
20.050839
21.004490
21.943311
23.133152
24.058277
24.994467
25.906939
26.960000
27.808299
28.793560
29.696961
30.573152
31.498367
32.458277
33.539909
34.592200
35.637188
36.604082
37.612971
38.597778
39.597370
40.611519
41.627483
42.579909
43.837642
44.831791
45.811474
46.814739
47.854331
48.844807
49.875283
50.886485
51.907438
52.897959
53.870340
54.864626
55.847891
56.809342
57.768980
58.723311
59.692109
60.644490
61.518776
62.727438
63.754422
64.737687
65.690113
66.631610
67.569478
68.643673
69.676009
70.651882
71.604218
72.549433
73.483628
74.434240
75.375782
76.326440
77.278912
78.315057
79.209433
80.122041
81.063673
82.016190
82.937778
83.877551
84.844671
85.728163
86.660726
87.616871
88.609433
89.525578
90.510748
91.526848
92.506621
93.439184
94.453333
95.525624
96.485306
97.457732
98.415556
99.384354
100.365805
101.356281
102.290567
103.244807
104.184444
105.174921
106.152608
107.130385
108.039229
108.946259
109.964127
110.916689
111.852789
112.774376
113.752290
114.650249
115.584535
116.569705
117.616599
118.598005
119.541315
120.519456
121.539365
123.113243
123.842132
124.596372
125.425215
126.355918
127.282993
128.226440
129.095374
130.064263
131.009388
131.920136
132.858277
133.734467
134.666939
135.557868
136.452472
137.421043
138.364490
139.304490
140.131837
141.131383
142.078413
143.009116
143.954376
144.888707
145.869252
146.790159
147.742721
148.650748
149.642404
150.578594
151.501995
152.414512
153.387029
154.339410
155.364444
156.609297
157.710567
158.701088
159.833243
160.741950
161.732381
162.653741
163.733243
164.858277
165.912336
166.870113
167.907891
168.876599
169.892472
170.901134
171.880726
172.876735
173.927120
174.895782
175.862676
176.838685
177.843673
178.795964
179.790159
180.684444
181.669478
182.623628
183.570476
184.653651
185.680590
186.609388
187.578050
188.693787
189.540136
190.377370
191.202948
191.972154
192.764989
193.519637
194.394014
195.226848
195.985170
196.761678
197.585397
198.403764
199.260091
200.076508
200.907392
201.723810
202.529297
203.389252
204.236508
205.029297
205.938277
206.812653
207.663447
208.923991
210.482177
211.360680
212.106259
212.825986
213.500000
214.654422
215.740000
216.460000
217.103583
218.352971
219.256190
220.679592
222.104762
223.171429
224.173333
225.394921
226.307302
227.323537
228.295238
229.560000
230.459365
231.473651
232.502857
232.900000
233.601769
234.667937
235.555420
236.458322
237.521270
238.749660
239.763900
241.051338
242.339093
243.517506
244.531111
245.863673
246.752154
249.903537
254.925714
258.562449
261.298367
264.206259
267.520000
272.880000
274.901497
277.318231
283.145714
286.508254
288.960000
291.676190
294.192517
296.736871
299.532925
302.274558
304.582041
309.701769
314.061769
318.448707
323.072517
327.724218
332.483401
336.873061
341.356054
346.898639
350.833605
359.403129
361.692313
