0.320272
1.743265
2.626939
3.441633
4.463673
5.565306
6.457143
7.324490
8.420816
9.444082
10.385714
11.351020
12.246939
13.139184
14.131701
15.080363
15.995964
16.939773
17.996009
18.955147
19.930249
20.890839
21.884490
22.903311
24.193152
25.238277
26.294467
27.346939
28.355782
29.448299
30.473560
31.556961
32.473152
33.518367
34.518277
35.519909
36.712200
37.877188
38.904082
39.992971
40.997778
42.057370
43.151519
44.187483
45.239909
46.637642
47.631791
48.691474
49.774739
50.848662
51.944807
53.055283
54.106485
55.227438
56.317959
57.330340
58.344626
59.427891
60.469342
61.528980
62.446621
63.552109
64.564490
65.618776
66.847438
67.874422
68.917687
69.930113
70.891610
71.869478
72.903673
73.936009
74.951882
76.024218
77.069433
78.103628
79.074240
80.055782
80.986440
81.918912
82.935057
83.829433
84.722041
85.663673
86.616190
87.537778
88.477551
89.364671
90.308163
91.260726
92.216871
93.129433
94.065578
95.050748
96.026848
96.926621
97.879184
98.833333
99.905624
100.845306
101.757732
102.735556
103.684354
104.665805
105.656281
106.710567
107.664807
108.624444
109.614921
110.512608
111.550385
112.459229
113.366259
114.364127
115.296689
116.232789
117.154376
118.092290
118.990249
119.984535
120.949705
121.976599
122.878005
123.821315
124.799456
125.759365
127.393243
128.402132
129.056372
130.125215
131.175918
132.165986
133.166440
134.195374
135.444263
136.329388
137.420136
138.338277
139.294467
140.326939
141.217868
142.052472
143.101043
144.144490
145.024490
145.851837
147.011383
147.958413
148.969116
149.874376
150.808707
151.743084
152.690159
153.622721
154.515374
155.542404
156.518594
157.481995
158.434512
159.467029
160.519410
161.664444
162.869297
164.070567
165.101088
166.073243
167.201950
168.332381
169.353741
170.413243
171.619320
172.852336
173.910113
175.007891
176.056599
177.232472
178.281134
179.360726
180.376735
181.567120
182.555782
183.682676
184.658685
185.863673
186.955964
188.010159
189.004444
190.049478
191.123628
192.150476
193.293651
194.420590
195.369388
196.418050
197.533787
198.370068
199.237370
200.002948
200.812154
201.644989
202.399637
203.294014
204.126848
204.895510
205.661678
206.465397
207.263764
208.180091
208.956508
209.827392
210.643810
211.529297
212.409252
213.276508
214.089297
214.938277
215.812653
216.563447
217.520998
218.200000
218.520680
219.266259
220.480000
221.480000
222.054422
223.232063
224.221224
225.103583
225.932971
226.916190
228.059592
229.384762
230.451429
231.373333
232.734921
233.847302
234.563537
235.515238
236.886122
237.840000
238.400000
239.242857
240.393968
241.601769
242.787937
243.815420
245.098322
246.301270
247.429660
248.483900
249.491338
250.639093
251.817506
252.951111
254.323673
255.232154
258.043537
262.097551
265.102449
267.778367
271.126259
274.785034
279.206939
282.241497
284.598231
288.851429
292.108254
295.245850
298.856190
302.392517
305.376871
309.232925
313.294558
315.602041
319.361769
322.601769
325.748707
328.852517
332.504218
336.103401
339.213061
342.576054
346.178639
349.673605
356.123129
358.632313
