0.280272
1.483265
2.326939
3.161633
4.163673
5.065306
5.937143
6.744490
7.720816
8.644082
9.525714
10.351020
11.186939
12.099184
13.011701
13.880363
14.735964
15.659773
16.516009
17.395147
18.290249
19.210839
20.144490
21.063311
22.273152
23.296553
24.254467
25.246939
26.235782
27.188299
28.213560
29.133923
30.073152
31.018367
31.958277
32.879909
34.052200
35.257188
36.284082
37.312971
38.357778
39.297370
40.271519
41.247483
42.319909
43.337642
44.331791
45.291474
46.294739
47.274331
48.244807
49.315283
50.233243
51.247438
52.297959
53.270340
54.224626
55.247891
56.269342
57.268980
58.183311
59.112109
60.144490
61.098776
62.067438
62.994422
63.937687
64.850113
65.751610
66.669478
67.603673
68.596009
69.511882
70.484218
71.369433
72.283628
73.194240
74.115782
75.006440
75.918912
76.815057
77.709433
78.542041
79.403673
80.276190
81.137778
81.997551
82.904671
83.768163
84.640726
85.536871
86.429433
87.265578
88.190748
89.086848
89.986621
90.878367
91.853333
92.845624
93.785306
94.697732
95.655556
96.564354
97.525805
98.456281
99.370567
100.304807
101.184444
102.094921
102.992608
103.950385
104.839229
105.706259
106.624127
107.476689
108.392789
109.194376
110.092290
110.930249
111.844535
112.709705
113.676599
114.618005
115.541315
116.499456
117.439365
118.953243
119.802132
120.816372
121.805215
122.755918
123.782993
124.746440
125.735374
126.704263
127.689388
128.660136
129.498277
130.314467
131.226939
132.017868
132.832472
133.761043
134.684490
135.544490
136.311837
137.271383
138.178413
139.029116
139.874376
140.728707
141.603084
142.450159
143.322721
144.155374
145.042404
145.918594
146.781995
147.654512
148.507029
149.439410
150.524444
151.629297
152.690567
153.681088
154.733243
155.661950
156.672381
157.553741
158.553243
159.538277
160.612336
161.570113
162.527891
163.416599
164.412472
165.341134
166.280726
167.256735
168.287120
169.275782
170.262676
171.198685
172.203673
173.255964
174.210159
175.064444
175.989478
176.963628
177.890476
178.853651
179.760000
180.569388
181.498050
182.413787
183.230068
184.037370
184.822948
185.592154
186.364989
187.119637
188.014014
188.786848
189.565170
190.321678
191.125397
191.843764
192.700091
193.496508
194.267392
194.983810
195.889297
196.689252
197.476508
198.189297
198.978277
199.712653
200.523447
201.500998
202.422177
203.240680
203.900000
204.905986
206.062041
207.100000
207.212063
208.421224
208.540000
209.392971
210.456190
211.559592
212.524762
213.391429
214.133333
215.000000
215.887302
216.903537
217.995238
219.126122
220.039365
221.093651
222.162857
223.333968
223.681769
224.747937
225.695420
226.758322
227.741270
228.969660
229.920000
230.951338
232.159093
233.377506
234.491111
235.383673
236.132154
239.283537
243.077551
246.362449
249.158367
252.246259
256.545034
261.686939
265.024490
267.958231
272.871429
275.400000
277.685850
280.276190
282.792517
284.800000
287.192925
289.414558
291.220000
294.221769
297.161769
300.008707
303.092517
306.484218
309.883401
313.413061
316.976054
320.538639
324.513605
346.503129
350.272313
