0.280000
1.123265
1.946939
2.781633
3.663673
4.545306
5.397143
6.164490
7.140816
8.024082
8.905714
9.771020
10.606939
11.519184
12.431701
13.320363
14.155964
15.059773
15.956009
16.855147
17.750249
18.670839
19.564490
20.403311
21.413152
22.358277
23.214467
24.126939
24.975782
25.888299
26.773560
27.676961
28.513152
29.358367
30.138277
31.019909
32.192200
33.317188
34.344082
35.392971
36.377778
37.397370
38.411519
39.427483
40.359909
41.557642
42.651791
43.671474
44.654739
45.714331
46.784807
47.795283
48.793243
49.887438
50.897959
51.870340
52.864626
53.947891
54.929342
55.908980
56.843311
57.812109
58.784490
59.718776
60.847438
61.894422
62.857687
63.850113
64.771610
65.709478
66.683673
67.616009
68.591882
69.544218
70.449433
71.363628
72.280000
73.195782
74.086440
74.998912
75.895057
76.789433
77.662041
78.563673
79.456190
80.357778
81.257551
82.124671
82.988163
83.880726
84.796871
85.669433
86.585578
87.510748
88.426848
89.326621
90.179184
91.153333
92.145624
93.045306
93.977732
94.875556
95.784354
96.725805
97.716281
98.630567
99.544807
100.464444
101.434921
102.412608
103.350385
104.219229
105.086259
106.024127
106.876689
107.772789
108.614376
109.552290
110.430249
111.284535
112.169705
113.116599
114.078005
115.001315
115.979456
116.979365
118.313243
119.222132
120.096372
121.005215
121.875918
122.762993
123.586440
124.455374
125.344263
126.169388
127.060136
127.878277
128.794467
129.726939
130.537868
131.352472
132.261043
133.144490
133.964490
134.751837
135.691383
136.578413
137.429116
138.294376
139.148707
140.023084
140.890159
141.762721
142.595374
143.522404
144.438594
145.301995
146.174512
147.027029
147.939410
148.884444
150.089297
151.270567
152.341088
153.453243
154.401950
155.452381
156.453741
157.473243
158.478277
159.664671
160.710113
161.727891
162.756599
163.792472
164.841134
165.780726
166.776735
167.887120
168.895782
169.882676
170.838685
171.883673
172.895964
173.870159
174.784444
175.769478
176.763628
177.790476
178.833651
179.860590
180.809388
181.818050
182.873787
183.670068
184.437370
185.122948
185.832154
186.544989
187.179637
187.954014
188.646848
189.365170
190.021678
190.725397
191.363764
192.140091
192.936508
193.607392
194.383810
195.129297
195.889252
196.656508
197.409297
198.238277
199.012653
199.863447
201.220998
202.162177
202.920680
203.666259
204.505986
205.622041
206.534422
207.732063
208.241224
208.523583
209.832971
210.716190
212.059592
213.344762
214.300000
215.153333
216.234921
217.387302
218.543537
219.455238
220.746122
221.739365
222.593651
223.660000
224.653968
225.601769
226.707937
227.735420
228.798322
229.921270
231.009660
231.943900
233.011338
234.239093
235.077506
236.131111
237.380000
237.720000
241.943537
247.280816
250.582449
253.758367
256.506259
260.405034
265.986939
269.421497
272.138231
278.228571
282.028254
284.645850
287.140000
289.372517
291.556871
294.889252
297.574558
299.882041
304.001769
307.701769
311.548707
315.320000
319.444218
323.423401
327.273061
331.256054
334.778639
338.968844
344.383129
346.892313
