0.920272
1.843265
2.713878
3.500000
4.483673
5.385306
6.257143
7.064490
8.040816
9.024082
9.905714
10.851020
11.746939
12.679184
13.611701
14.520363
15.415964
16.359773
17.316009
18.190295
19.110249
19.990839
20.964490
21.823311
22.953152
23.938277
24.834467
25.866939
26.835782
27.768299
28.693560
29.636961
30.593152
31.538367
32.438277
33.359909
34.552200
35.577188
36.564082
37.592971
38.597778
39.617370
40.571519
41.647483
42.539909
43.537642
44.531791
45.511474
46.554739
47.534331
48.524807
49.555283
50.513243
51.487438
52.457959
53.410340
54.364626
55.347891
56.289342
57.208980
58.143311
59.072109
60.044490
61.038776
62.087438
63.014422
64.017687
64.990113
65.931610
66.909478
67.903673
68.916009
69.891882
70.904218
71.829433
72.843628
73.794240
74.715782
75.666440
76.598912
77.535057
78.489433
79.422041
80.323673
81.276190
82.217778
83.197551
84.104671
85.048163
86.000726
86.956871
87.909433
88.825578
89.770748
90.786848
91.706621
92.619184
93.613333
94.605624
95.585306
96.617732
97.695556
98.644354
99.625805
100.616281
101.570567
102.524807
103.464444
104.434921
105.432608
106.350385
107.279229
108.206259
109.204127
110.156689
111.092789
111.974376
112.932290
113.850249
114.784535
115.709705
116.696599
117.698005
118.641315
119.619456
120.619365
122.233243
123.142132
123.896372
124.925215
125.895918
126.902993
127.846440
128.815374
129.804263
130.749388
131.800136
132.718277
133.594467
134.533878
135.397868
136.212472
137.241043
138.124490
138.993469
139.791837
140.791383
141.738413
142.649116
143.594376
144.528707
145.463084
146.420317
147.302721
148.175374
149.142404
150.098594
151.001995
151.934512
152.827029
153.799410
154.764444
155.949297
157.110567
158.141088
159.213243
160.181950
161.192381
162.113741
163.153243
164.138277
165.172336
166.210113
167.203673
168.196599
169.212472
170.241134
171.220726
172.196735
173.207120
174.095782
175.042676
175.998685
177.003673
177.915964
178.870159
179.784444
180.729478
181.703628
182.650476
183.633651
184.620590
185.478776
186.458050
187.493787
188.330068
189.137370
189.902948
190.652154
191.444989
192.159637
193.034014
193.786848
194.525170
195.261678
196.025397
196.803764
197.680091
198.456508
199.267392
200.043810
200.909297
201.729252
202.536508
203.329297
204.178277
205.012653
205.803447
206.800998
207.702177
208.500680
209.186259
210.425986
211.602041
212.794422
213.952063
214.540000
215.143583
216.292971
217.716190
218.419592
219.804762
220.691429
221.633333
222.640000
223.427302
224.503537
224.935238
225.886122
226.599365
227.433651
228.342857
229.473968
230.320000
231.427937
232.455420
232.778322
233.841270
234.629660
235.623900
236.511338
237.639093
238.797506
239.811111
241.043673
241.952154
245.023537
249.450204
252.822449
256.158367
259.066259
262.685034
267.446939
269.881497
272.318231
277.111429
281.068254
284.225850
287.656190
291.172517
294.267483
297.812925
300.374558
302.682041
307.781769
311.601769
315.968707
320.512517
325.224218
329.223401
333.473061
338.016054
342.858639
346.793605
350.743129
353.252313
