0.500272
1.583265
2.486939
3.421633
4.443673
5.445306
6.337143
7.204490
8.260816
9.264082
10.185714
11.151020
12.066939
12.999184
13.951701
14.860363
15.755964
16.719773
17.616009
18.535147
19.450249
20.361678
21.324490
22.203311
23.333152
24.358277
25.363401
26.446939
27.475782
28.488299
29.593560
30.573923
31.593152
32.578367
33.518277
34.539909
35.572200
36.697188
37.664082
38.772971
39.757778
40.817370
41.891519
42.947483
43.899909
45.017642
46.031791
47.051474
48.074739
49.154331
50.204807
51.215283
52.193243
53.207438
54.277959
55.250340
56.184626
57.207891
58.209342
59.208980
60.123311
61.112109
62.104490
63.018776
64.067438
65.054422
66.017687
66.990113
67.971610
68.929478
69.963673
70.896009
71.911882
72.884218
73.849433
74.843628
75.814240
76.775782
77.706440
78.658912
79.595057
80.569433
81.462041
82.423673
83.336190
84.257778
85.197551
86.084671
87.048163
87.900726
88.816871
89.749433
90.605578
91.590748
92.566848
93.486621
94.379184
95.353333
96.425624
97.365306
98.317732
99.315556
100.284354
101.285805
102.316281
103.270567
104.244807
105.224444
106.214921
107.212608
108.190385
109.159229
110.066259
111.104127
112.016689
112.932789
113.814376
114.752290
115.650249
116.584535
117.489705
118.476599
119.518005
120.461315
121.459456
122.519365
124.093243
125.282132
126.296372
127.365215
128.415918
129.402993
130.446440
131.455374
132.444263
133.489388
134.460136
135.318277
136.194467
137.146939
137.997868
138.832472
139.941043
140.924490
141.784490
142.611837
143.631383
144.658413
145.569116
146.494376
147.388707
148.343084
149.250159
150.162721
151.075374
151.982404
152.878594
153.781995
154.674512
155.587029
156.499410
157.544444
158.609297
159.690567
160.641088
161.733243
162.681950
163.732381
164.713741
165.753243
166.738277
167.832336
168.810113
169.787891
170.736599
171.772472
172.781134
173.720726
174.656735
175.667120
176.635782
177.582676
178.518685
179.443673
180.435964
181.370159
182.224444
183.169478
184.103628
185.030476
186.073651
187.020590
187.889388
188.838050
189.780000
190.670068
191.477370
192.282948
193.072154
193.864989
194.599637
195.508027
196.286848
197.065170
197.821678
198.585397
199.323764
200.160091
200.916508
201.727392
202.423810
203.209297
204.029252
204.816508
205.589297
206.398277
207.252653
208.043447
209.040998
210.022177
210.840680
212.566259
213.705986
215.662041
216.854422
218.052063
219.181224
220.063583
221.372971
222.956190
224.399592
225.784762
226.851429
227.853333
229.234921
230.527302
231.703537
232.795238
234.266122
235.718730
237.173651
238.242857
239.433968
240.641769
241.827937
242.895420
244.538322
246.563810
248.029660
249.463900
250.871338
252.539093
254.357506
255.451111
257.023673
258.072154
261.343537
266.235102
269.702449
272.798367
276.106259
280.765034
286.906939
290.501497
294.645850
300.351429
303.728254
306.785850
309.876190
313.412517
316.296871
320.132925
323.434558
325.740000
329.141769
332.561769
335.828707
339.332517
342.564218
346.043401
349.313061
352.460000
356.118639
359.553605
364.583129
367.092313
