1.320272
2.363265
3.266939
4.181633
5.203673
6.205306
7.117143
8.024490
9.040816
10.084082
11.065714
12.011020
12.906939
13.899184
14.891701
15.860363
16.815964
17.799773
18.776009
19.715147
20.650249
21.610839
22.604490
23.543311
24.653152
25.598277
26.554467
27.586939
28.555782
29.468299
30.473560
31.396961
32.373152
33.278367
34.218277
35.159909
36.412200
37.537188
38.484082
39.492971
40.437778
41.437370
42.411519
43.387483
44.299909
45.297642
46.231791
47.131474
48.074739
49.054331
50.024807
50.935283
51.833243
52.827438
53.817959
54.710340
55.584626
56.607891
57.569342
58.508980
59.343311
60.292109
61.144490
62.078776
63.007438
63.914422
64.837687
65.730113
66.611610
67.549478
68.483673
69.436009
70.311882
71.264218
72.169433
73.123628
74.114240
75.055782
76.006440
76.938912
77.935057
78.889433
79.822041
80.723673
81.656190
82.577778
83.497551
84.384671
85.308163
86.240726
87.136871
88.069433
88.945578
89.930748
90.846848
91.766621
92.639184
93.613333
94.605624
95.565306
96.517732
97.475556
98.384354
99.325805
100.256281
101.210567
102.124807
103.044444
104.014921
105.012608
105.990385
106.899229
107.786259
108.804127
109.676689
110.612789
111.494376
112.432290
113.330249
114.224535
115.089705
116.056599
117.038005
117.961315
118.939456
120.119365
121.633243
122.542132
123.516372
124.545215
125.475918
126.422993
127.346440
128.315374
129.244263
130.069388
131.080136
131.918277
132.760000
133.686939
134.497868
135.312472
136.301043
137.224490
138.064490
138.891837
139.831383
140.818413
141.729116
142.674376
143.588707
144.563084
145.490159
146.422721
147.375374
148.322404
149.258594
150.161995
151.114512
152.007029
152.939410
153.924444
155.109297
156.210567
157.181088
158.193243
159.121950
160.112381
161.053741
162.033243
162.978277
164.012336
164.950113
165.867891
166.736599
167.732472
168.681134
169.660726
170.516735
171.547120
172.535782
173.462676
174.358685
175.343673
176.395964
177.310159
178.144444
179.049478
179.943628
180.890476
181.833651
182.780000
183.629388
184.558050
185.513787
186.370068
187.217370
188.042948
188.812154
189.624989
190.359637
191.234014
192.046848
192.825170
193.581678
194.365397
195.123764
196.020091
196.816508
197.627392
198.423810
199.229297
200.049252
200.856508
201.649297
202.518277
203.432653
204.383447
206.000998
207.362177
208.180680
209.146259
210.305986
211.182041
211.760000
212.832063
213.701224
214.423583
215.632971
217.176190
218.479592
219.884762
220.931429
221.973333
223.434921
224.400000
225.423537
226.415238
227.586122
228.699365
229.773651
230.842857
231.993968
232.941769
234.047937
235.075420
236.298322
237.521270
238.789660
239.823900
241.071338
242.439093
243.917506
245.031111
246.383673
247.232154
251.063537
258.997551
262.562449
266.658367
271.206259
276.605034
283.306939
286.521497
291.138231
298.071429
301.988254
305.605850
309.737143
313.655238
317.296871
322.112925
325.454558
327.762041
331.821769
335.921769
339.788707
344.112517
348.464218
353.023401
357.193061
361.856054
366.978639
371.478503
376.560000
378.912313
