0.900272
3.203265
4.026939
4.861633
5.883673
6.965306
7.817143
8.604490
9.600816
10.644082
11.605714
12.591020
13.526939
14.519184
15.511701
16.520363
17.495964
18.479773
19.476009
20.495147
21.530249
22.590839
23.624490
24.763311
26.273152
27.598277
28.874467
30.006939
31.435782
32.488299
33.793560
34.876961
36.153152
37.258367
38.318277
39.339909
40.536599
41.737188
42.664082
43.712971
44.677778
45.657370
46.691519
47.687483
48.719909
49.917642
50.891791
51.851474
52.894739
53.914331
54.964807
56.055283
57.113243
58.067438
59.137959
60.130340
61.164626
62.195782
63.229342
64.208980
65.203311
66.252109
67.264490
68.298776
69.367438
70.354422
71.337687
72.330113
73.271610
74.348435
75.423673
76.476009
77.531882
78.464218
79.569433
80.523628
81.514240
82.575782
83.586440
84.518912
85.515057
86.509433
87.462041
88.503673
89.492381
90.457778
91.457551
92.444671
93.388163
94.420726
95.456871
96.428299
97.365578
98.410748
99.326848
100.406621
101.379184
102.633333
103.585624
104.525306
105.457732
106.615556
107.604354
108.625805
109.676281
110.670567
111.724807
112.684444
113.774921
114.832608
115.851927
116.839229
117.866259
118.964127
119.956689
120.952789
121.854376
122.912290
123.910249
124.924535
125.949705
127.056599
128.098005
129.121315
130.139456
131.439365
133.093243
134.202132
135.556372
136.685215
138.015918
139.182993
140.526440
141.915374
142.944263
143.989388
145.240136
146.158277
147.054467
148.126939
148.957868
149.792472
150.821043
151.924490
152.764490
153.551837
154.551383
155.598413
156.529116
157.534376
158.508707
159.523084
160.510159
161.502721
162.395374
163.402404
164.398594
165.401995
166.394512
167.327029
168.519410
169.584444
170.629297
171.510567
172.701088
173.813243
174.681950
175.692381
176.673741
177.753243
178.918277
179.932336
180.910113
181.867891
182.856599
183.872472
184.921134
185.900726
186.916735
187.967120
188.975782
190.002676
191.038685
192.043673
193.055964
194.070159
195.064444
196.029478
197.063628
198.110476
199.273651
200.220590
201.169388
202.218050
203.353787
204.270068
205.117370
206.022948
206.832154
207.704989
208.519637
209.534014
210.286848
211.145170
211.981678
212.865397
213.663764
214.620091
215.436508
216.267392
217.183810
217.969297
218.809252
219.676508
220.409297
221.358277
222.372653
223.243447
224.440998
225.762177
226.680680
227.666259
228.685986
229.642041
230.834422
232.032063
232.901224
233.603583
234.812971
235.676190
237.079592
239.044762
239.971429
240.953333
242.294921
243.207302
244.263537
245.315238
246.640000
247.619365
248.640000
249.522857
250.433968
251.641769
252.787937
253.835420
255.398322
256.541270
257.809660
259.063900
260.271338
261.774558
263.177506
264.531111
266.003673
266.912154
270.123537
273.937551
277.542449
280.138367
285.546259
286.945034
292.006939
295.024490
298.078231
303.120000
306.040000
308.525850
311.416190
314.152517
316.816871
320.092925
322.234558
324.542041
327.901769
331.221769
334.608707
338.252517
341.944218
345.543401
348.933061
352.376054
356.238639
361.293605
366.740000
368.632313
