0.620272
2.383265
3.226939
4.041633
5.023673
5.965306
6.797143
7.584490
8.520816
9.464082
10.365714
11.231020
12.106939
13.039184
13.971701
14.900363
15.775964
16.739773
17.636009
18.555147
19.430249
20.390839
21.284490
22.223311
23.473152
24.778277
25.894467
27.100816
28.295782
29.428299
30.693560
31.736961
32.893152
33.818367
34.818277
35.739909
36.732200
37.737188
38.704082
39.672971
40.557778
41.517370
42.431519
43.347483
44.259819
45.257642
46.291791
47.171474
48.094739
49.014331
50.004807
50.955283
51.893243
52.907438
53.917959
54.870340
55.769252
56.827891
57.789342
58.748980
59.643311
60.612109
61.584490
62.498776
63.607438
64.534422
65.497687
66.430113
67.371610
68.229478
69.203673
70.196009
71.131882
72.064218
72.949433
73.923628
74.814240
75.735782
76.626440
77.538912
78.435057
79.389433
80.322041
81.243673
82.156190
83.057778
83.977551
84.884671
85.788163
86.720726
87.676871
88.609433
89.525578
90.470748
91.386848
92.313243
93.219184
94.193333
95.185624
96.145306
97.077732
98.035556
98.924354
99.865805
100.836281
101.790567
102.704807
103.604444
104.554921
105.492608
106.430385
107.359229
108.246259
109.224127
110.136689
111.092789
111.994376
112.932290
113.870249
114.764535
115.649705
116.616599
117.638005
118.581315
119.599456
120.699365
122.573243
123.682132
124.976372
126.255646
127.507755
128.662993
129.886440
130.995374
132.164263
133.109388
133.980136
134.858277
136.074467
137.026939
137.917868
138.692472
139.681043
140.664490
141.504490
142.311837
143.271383
144.158413
145.089116
145.994376
146.888707
147.823084
148.770159
149.702721
150.595374
151.582404
152.458594
153.401995
154.294512
155.227029
156.159410
157.144444
158.209297
159.270567
160.241088
161.293243
162.221950
163.132381
164.033741
164.973243
165.958277
166.952336
167.870113
168.807891
169.736599
170.692472
171.621134
172.560726
173.516735
174.567120
175.555782
176.442676
177.378685
178.423673
179.435964
180.370159
181.244444
182.169478
183.143628
184.090476
185.113651
186.100590
187.009388
188.018050
188.973787
189.870068
190.677370
191.542948
192.352154
193.164989
193.939637
194.854014
195.627392
196.445170
197.221678
198.005397
198.823764
199.720091
200.536508
201.367392
202.183810
203.029297
203.889252
204.736508
205.549297
206.398277
207.212653
207.983447
208.880998
209.902177
210.720680
211.466259
212.505986
213.502041
214.634422
215.580000
215.660000
215.660000
216.780000
218.096190
218.919592
220.324762
221.391429
222.153333
223.154921
223.980000
224.923537
225.715238
227.086122
227.719365
228.673651
229.662857
230.440000
231.121769
232.247937
233.275420
234.478322
235.661270
236.829660
237.743900
238.531338
239.759093
240.937506
242.111111
243.463673
244.372154
247.363537
250.697551
253.342449
256.218367
259.286259
263.185034
267.866939
270.401497
272.980000
278.180000
280.848254
283.545850
286.376190
289.032517
291.536871
294.372925
296.954558
299.262041
303.641769
307.041769
310.188707
313.652517
317.104218
320.283401
323.453061
326.376054
329.578639
332.853605
336.163129
338.712313
