0.280272
1.183265
2.026939
2.901633
3.903673
4.785306
5.617143
6.444490
7.460816
8.364082
9.265714
10.171020
11.046939
11.979184
12.951701
13.860363
14.795964
15.719546
16.656009
17.555147
18.490249
19.410839
20.364490
21.243311
22.413152
23.378277
24.334467
25.306939
26.235782
27.188299
28.113560
29.116961
30.013152
30.918367
31.818277
32.719909
33.892200
34.957188
35.984082
36.992971
37.957778
38.997370
40.011519
41.007483
41.879909
42.937642
43.991791
44.951474
45.934739
46.954331
47.944807
48.935283
49.893243
50.867438
51.837959
52.830340
53.784626
54.747891
55.709342
56.668980
57.583311
58.572109
59.524490
60.458776
61.447438
62.374422
63.297687
64.250113
65.171610
66.089478
67.043673
67.976009
68.851882
69.824218
70.709433
71.603628
72.514240
73.415782
74.306440
75.198912
76.095057
77.009433
77.882041
78.803673
79.716190
80.577778
81.517551
82.424671
83.308163
84.200726
85.156871
86.049433
86.905578
87.910748
88.786848
89.766621
90.639184
91.613333
92.605624
93.545306
94.457732
95.435556
96.404354
97.385805
98.376281
99.310567
100.284807
101.204444
102.194921
103.112608
104.050385
104.900000
105.786259
106.724127
107.596689
108.512789
109.394376
110.332290
111.230249
112.144535
113.009705
113.976599
114.898005
115.821315
116.699456
117.540000
119.053243
119.902132
120.596372
121.505215
122.435918
123.382993
124.286440
125.235374
126.144263
127.129388
128.060136
128.938277
130.074467
131.066939
131.897868
132.712472
133.701043
134.604490
135.444490
136.231837
137.231383
138.118413
139.029116
139.954376
140.868707
141.823084
142.730159
143.662721
144.555374
145.562404
146.438594
147.361995
148.294512
149.187029
150.119410
151.084444
152.229297
153.290567
154.301088
155.313243
156.241950
157.252381
158.153741
159.153243
160.118277
161.092336
162.070113
163.047891
163.996599
165.012472
165.981134
166.900726
167.836735
168.847120
169.775782
170.722676
171.638685
172.603673
173.575964
174.490159
175.384444
176.329478
177.283628
178.170476
179.173651
180.080590
180.949388
181.898050
182.973787
183.810068
184.617370
185.342948
186.112154
186.884989
187.579637
188.454014
189.186848
189.905170
190.621678
191.385397
192.123764
192.980091
193.736508
194.547392
195.383810
196.189297
197.009252
197.856508
198.629297
199.458277
200.272653
201.083447
202.040998
202.782177
203.520680
204.226259
205.085986
206.182041
207.374422
208.072063
209.321224
209.863583
210.672971
211.616190
212.619592
213.864762
214.660000
215.653333
216.960000
218.007302
219.083537
219.415238
220.540000
221.439365
222.320000
223.220000
223.953968
224.661769
225.787937
226.815420
227.978322
229.021270
230.169660
231.083900
231.971338
232.999093
234.177506
235.091111
236.443673
237.352154
240.683537
245.777551
248.900000
252.038367
255.086259
258.905170
263.360000
265.761497
268.598231
273.171429
276.128254
279.105850
282.016190
284.892517
287.436871
290.552925
293.494558
295.802041
300.421769
304.421769
308.548707
312.732517
317.204218
321.403401
325.533061
329.736054
334.878639
338.533605
342.603129
345.092313
