0.280272
1.203265
1.986939
2.801633
3.823673
4.705306
5.497143
6.264490
7.240816
8.124082
9.005714
9.871020
10.706939
11.559184
12.451701
13.280363
14.095964
14.979773
15.836009
16.695147
17.570249
18.430839
19.304490
20.143311
21.413152
22.358277
23.234467
24.146939
25.055782
25.948299
26.833560
27.736961
28.613152
29.518367
30.358277
31.239909
32.232200
33.237188
34.204082
35.232971
36.177778
37.157370
38.131519
39.107483
40.039909
41.037642
42.011791
42.951474
43.914739
44.894331
45.884807
46.875283
47.773243
48.727438
49.697959
50.650340
51.564626
52.527891
53.489342
54.448980
55.343311
56.272109
57.224490
58.138776
59.127438
60.054422
61.017687
61.950113
62.891610
63.829478
64.783673
65.756009
66.771882
67.744218
68.649433
69.603628
70.534240
71.455782
72.366440
73.278912
74.175057
75.049433
75.902041
76.783673
77.676190
78.577778
79.477551
80.344671
81.208163
82.080726
82.976871
83.849433
84.745578
85.670748
86.586848
87.486621
88.359184
89.333333
90.325624
91.265306
92.197732
93.155556
94.084354
95.045805
96.036281
96.950567
97.884807
98.844444
99.834921
100.852608
101.830385
102.739229
103.646259
104.584127
105.456689
106.372789
107.274376
108.192290
109.090249
110.004535
110.929705
111.896599
112.878005
113.821315
114.799456
115.799365
117.373243
118.262132
119.196372
120.105215
120.995918
121.882993
122.766440
123.635374
124.524263
125.469388
126.340136
127.158277
128.034467
128.946939
129.737868
130.512472
131.541043
132.424490
133.224490
133.991837
134.991383
135.898413
136.789116
137.674376
138.568707
139.443084
140.330159
141.202721
142.035374
142.942404
143.818594
144.721995
145.614512
146.507029
147.459410
148.444444
149.509297
150.550567
151.521088
152.573243
153.541950
154.552381
155.553741
156.573243
157.558277
158.572336
159.550113
160.527891
161.496599
162.512472
163.501134
164.480726
165.436735
166.467120
167.455782
168.422676
169.378685
170.383673
171.375964
172.330159
173.244444
174.229478
175.203628
176.190476
177.193651
178.140590
179.069388
180.058050
181.133787
181.970068
182.757370
183.502948
184.252154
185.004989
185.759637
186.634014
187.386848
188.125170
188.861678
189.625397
190.343764
191.160091
191.936508
192.747392
193.523810
194.309297
195.129252
195.936508
196.709297
197.558277
198.432653
199.283447
200.360998
201.282177
202.100680
202.846259
204.085986
205.262041
206.454422
207.652063
208.901224
209.783583
211.092971
212.716190
214.099592
215.504762
216.571429
217.653333
219.034921
220.307302
221.483537
222.575238
224.026122
225.239365
226.313651
227.382857
228.573968
229.781769
230.907937
231.935420
233.218322
234.321270
235.589660
236.683900
237.891338
239.119093
240.297506
241.351111
242.703673
243.612154
247.083537
251.637551
255.242449
258.638367
261.886259
265.465034
271.346939
273.741497
276.458231
282.331429
285.968254
289.105850
292.236190
295.292517
297.856871
300.712925
303.194558
305.502041
309.141769
312.981769
316.808707
320.892517
325.024218
328.903401
332.813061
336.936054
341.398639
345.373605
350.783129
353.292313
