0.800272
1.843265
2.746939
3.701633
4.803673
5.845306
6.794286
7.724490
8.900816
9.904082
10.805714
11.711020
12.626939
13.519184
14.491701
15.420363
16.315964
17.319773
18.256009
19.170295
20.110249
21.130839
22.124490
23.083311
24.353152
25.458277
26.448934
27.620816
28.575782
29.588299
30.673560
31.596961
32.593152
33.578367
34.578277
35.539909
36.632200
37.617188
38.664082
39.632971
40.557778
41.477370
42.431519
43.387483
44.279909
45.277642
46.231791
47.211474
48.134739
49.094331
50.084807
51.075283
52.013243
52.967438
53.917959
54.890340
55.804626
56.827891
57.769342
58.728980
59.623311
60.632109
61.664490
62.598776
63.587438
64.534422
65.497687
66.450113
67.351610
68.309478
69.323673
70.416009
71.411882
72.344218
73.309433
74.323628
75.274240
76.255782
77.186440
78.118912
79.115057
80.029433
80.982041
81.943673
82.916190
83.857778
84.817551
85.684671
86.668163
87.580726
88.596871
89.529433
90.465578
91.470748
92.446848
93.426621
94.399184
95.413333
96.425624
97.345306
98.277732
99.275556
100.184354
101.145805
102.156281
103.090567
104.044807
104.964444
105.934921
106.912608
107.890385
108.799229
109.706259
110.684127
111.596689
112.612789
113.574376
114.512290
115.490249
116.424535
117.349705
118.316599
119.338005
120.281315
121.279456
122.259365
124.113243
125.422132
126.436372
127.485215
128.515918
129.542993
130.546440
131.550748
132.564263
133.569388
134.520136
135.478277
136.394467
137.426939
138.337868
139.252472
140.381043
141.444490
142.368980
143.271837
144.471383
145.398413
146.309116
147.234376
148.168707
149.083084
150.010159
150.962721
151.835374
152.862404
153.798594
154.741995
155.694512
156.607029
157.599410
158.744444
159.829297
160.890567
161.881088
163.033243
163.821950
164.772381
165.673741
166.673243
167.618277
168.572336
169.550113
170.547891
171.496599
172.492472
173.481134
174.420726
175.376735
176.447120
177.375782
178.342676
179.258685
180.263673
181.235964
182.190159
183.144444
184.129478
185.063628
186.050476
187.033651
187.980590
188.929388
189.878050
190.813787
191.690068
192.517370
193.302948
194.092154
194.884989
195.620000
196.494014
197.266848
198.025170
198.801678
199.585397
200.383764
201.200091
201.996508
202.807392
203.663810
204.469297
205.329252
206.196508
206.949297
207.798277
208.592653
209.423447
210.400998
211.302177
211.980680
212.726259
213.965986
215.042041
216.234422
217.432063
218.461224
219.220000
219.732971
221.216190
222.599592
224.224762
225.291429
226.373333
227.834921
228.760000
229.883537
230.975238
232.426122
233.639365
234.393651
235.462857
236.573968
237.701769
238.707937
239.735420
241.018322
242.601270
244.469660
245.803900
247.571338
249.759093
251.457506
253.211111
255.803673
256.772154
260.643537
264.817551
268.222449
271.816735
275.046259
279.225034
285.826939
288.970476
292.578231
298.942857
303.308254
305.825850
309.036190
312.312517
315.374966
318.995102
323.334558
325.642041
329.621769
333.821769
337.288707
341.232517
345.424218
350.223401
354.073061
358.256054
363.118639
367.113605
375.443129
377.952313
