0.660272
1.703265
2.466939
3.281633
4.163673
5.065306
5.857143
6.564490
7.480816
8.484082
9.445714
10.411020
11.306939
12.239184
13.211701
14.160363
15.015964
15.919773
16.856009
17.775147
18.710249
19.630839
20.564490
21.363311
22.260000
23.418277
24.374467
25.426939
26.435782
27.408299
28.367120
29.276961
30.153152
31.058367
31.878277
32.739909
33.612200
34.557188
35.524082
36.552971
37.417778
38.357370
39.311519
40.267483
41.139909
42.137642
43.051791
43.971474
44.934739
45.834331
46.804807
47.735283
48.533243
49.427438
50.357959
51.290340
52.224626
53.167891
54.129342
55.008980
55.903311
56.812109
57.744490
58.638776
59.507438
60.434422
61.397687
62.290113
63.151610
64.109478
65.063673
66.036009
67.051882
68.004218
68.969433
69.963628
70.894240
71.855782
72.826440
73.778912
74.675057
75.609433
76.482041
77.383673
78.276190
79.237778
80.177551
81.064671
81.968163
82.860726
83.796871
84.689433
85.585578
86.570748
87.506848
88.466621
89.339184
90.393333
91.485624
92.465306
93.437732
94.475556
95.444354
96.425805
97.436281
98.350567
99.304807
100.224444
101.214921
102.212608
103.190385
104.139229
105.066259
106.004127
106.916689
107.872789
108.754376
109.672290
110.570249
111.544535
112.429705
113.476599
114.498005
115.461315
116.439456
117.439365
119.213243
120.202132
121.249116
122.245215
123.175918
124.202993
125.186440
126.166122
127.144263
128.169388
129.200136
130.018277
130.894467
131.826939
132.617868
133.392472
134.361043
135.264490
136.084490
136.811837
137.791383
138.798413
139.829116
140.734376
141.648707
142.603084
143.570159
144.462721
145.315374
146.302404
147.334376
148.261995
149.194512
150.127029
151.039410
152.044444
152.949297
153.990567
154.941088
155.993243
156.901950
157.892381
158.753741
159.773243
160.698277
161.692336
162.630113
163.567891
164.436599
165.412472
166.381134
167.280726
167.976735
169.007120
169.915782
170.882676
171.758685
172.763673
173.735964
174.610159
175.484444
176.369478
177.323628
178.200000
179.073651
180.000590
180.729388
181.718050
182.613787
183.490068
184.357370
185.082948
185.772154
186.524989
187.559637
188.494014
189.286848
190.065170
190.881678
191.745397
192.463764
193.400091
194.196508
195.027392
195.863810
196.729297
197.609252
198.436508
199.209297
199.958277
200.632653
201.483447
202.560998
203.522177
204.341361
205.306259
206.825986
207.982041
209.214422
210.452063
211.761224
212.643583
213.952971
215.136190
217.099592
218.684762
219.451429
220.233333
221.634921
222.820000
223.483537
224.295238
225.320000
226.379365
227.473651
228.502857
229.733968
230.941769
232.027937
233.055420
234.338322
235.381270
236.669660
237.763900
239.131338
240.359093
241.517506
242.571111
243.903673
244.812154
249.543537
254.057551
257.262449
260.278367
263.546259
267.265034
271.226939
274.001497
276.778231
280.320000
283.360000
285.845850
288.656190
291.592517
294.656871
297.832925
300.214558
301.760000
305.961769
309.841769
313.928707
318.172517
322.404218
326.323401
330.093061
334.136054
338.678639
341.793605
345.243129
347.752313
