1.040272
2.123265
3.080816
4.121633
5.163673
6.225306
7.277143
8.244490
9.320816
10.404082
11.425714
12.491020
13.446939
14.479184
15.551701
16.560363
17.595964
18.699773
19.756009
20.795147
21.890249
22.990839
24.124490
25.143311
26.413152
27.638277
28.774467
29.966939
31.155782
32.268299
33.493560
34.616961
35.833152
36.958367
38.018277
39.079909
40.192200
41.297188
42.404082
43.512971
44.557778
45.657370
46.711519
47.847483
48.799909
49.937642
51.071791
52.111474
53.194739
54.274331
55.384807
56.455283
57.533243
58.647438
59.777959
60.970340
61.944626
63.127891
64.209342
65.308980
66.343311
67.412109
68.664490
69.638776
70.767438
71.794422
72.935374
73.950113
74.991610
76.049478
77.263673
78.436009
79.431882
80.584218
81.669433
82.843628
83.994240
85.115782
86.266440
87.318912
88.455057
89.549433
90.582041
91.703673
92.796190
93.817778
94.897551
95.944671
96.988163
98.080726
99.156871
100.289433
101.345578
102.550748
103.566848
104.726621
105.739184
106.933333
108.065624
109.205306
110.197732
111.415556
112.464354
113.545805
114.756281
115.810567
116.924807
117.964444
119.194921
120.432608
121.410385
122.439229
123.466259
124.664127
125.656689
126.752789
127.814376
128.912290
130.030249
131.064535
132.169705
133.336599
134.398005
135.581315
136.679456
137.739365
139.333243
140.422132
141.436372
142.525215
143.735918
144.914966
146.146440
147.375374
148.544263
149.969388
151.100136
152.158277
153.294467
154.473878
155.517868
156.592472
157.683129
158.904490
159.904490
160.971837
162.051383
163.198413
164.289116
165.374376
166.468707
167.523084
168.630159
169.682721
170.735374
171.882404
172.958594
174.061995
175.174512
176.301088
177.439410
178.624444
180.029297
181.270567
182.381088
183.593243
184.601950
185.732381
186.793741
187.933243
189.033107
190.132336
191.270113
192.359456
193.396599
194.532472
195.641134
196.660726
197.756735
198.987120
200.155782
201.262676
202.298685
203.503673
204.695964
205.710159
206.773333
207.869478
209.003628
210.150476
211.333651
212.440590
213.458776
214.578050
215.753787
216.690068
217.617370
218.542948
219.412154
220.324989
221.159637
222.134014
223.086848
223.925170
224.781678
225.685397
226.603764
227.520091
228.436508
229.427392
230.343810
231.289297
232.229252
233.296508
234.247891
235.158277
236.132653
237.023447
238.040998
238.942177
239.760680
241.266259
242.525986
243.962041
245.154422
246.352063
247.901224
248.783583
250.292971
251.876190
253.119592
253.684762
254.580000
255.513333
256.834921
257.607302
258.783537
259.675238
260.966122
261.999365
263.193651
264.402857
265.873968
267.101769
268.307937
269.395420
270.778322
272.141270
273.729660
274.843900
276.111338
277.699093
279.577506
280.651111
282.003673
282.840000
286.283537
290.117551
293.222449
296.298367
299.386259
303.325034
308.526939
311.161497
313.918231
318.720000
322.088254
324.545850
327.476190
330.532517
333.356871
336.472925
338.534558
342.582041
346.901769
351.021769
355.148707
359.492517
363.684218
367.703401
371.853061
375.856054
380.298639
383.780000
387.360000
389.612313
