1.140272
2.103265
2.966939
3.861633
4.883673
5.825306
6.717143
7.564490
8.581633
9.604082
10.625714
11.511020
12.426939
13.419184
14.391701
15.340363
16.255964
17.199773
18.208027
19.095147
20.030249
20.990839
22.004490
22.923311
24.073152
25.098277
25.994467
27.026939
27.975782
28.968299
29.873560
30.876961
31.793152
32.698367
33.618277
34.559909
35.852200
36.897188
37.884082
38.852971
39.797778
40.777370
41.751519
42.707483
43.639909
44.637642
45.611791
46.591474
47.554739
48.534331
49.564807
50.555283
51.453243
52.407438
53.337959
54.310340
55.264626
56.267891
57.189342
58.148980
59.063311
60.052109
61.004490
61.918776
62.907438
63.874422
64.817687
65.750113
66.691610
67.649478
68.703673
69.636009
70.651882
71.604218
72.549433
73.503628
74.454240
75.435782
76.366440
77.278912
78.235057
79.149433
80.082041
81.023673
81.956190
82.857778
83.817551
84.704671
85.656327
86.600726
87.556871
88.489433
89.405578
90.390748
91.326848
92.286621
93.179184
94.166667
95.165624
96.085306
96.997732
97.955556
98.884354
99.825805
100.796281
101.730567
102.684807
103.604444
104.500000
105.472608
106.450385
107.359229
108.226259
109.164127
110.056689
111.012789
111.934376
112.852290
113.750249
114.724535
115.649705
116.656599
117.618005
118.561315
119.539456
120.539365
122.113243
123.142132
123.856372
124.925215
125.855918
126.862993
127.806440
128.815374
129.804263
130.769388
131.780136
132.698277
133.794467
134.786939
135.637868
136.492472
137.521043
138.444490
139.304490
140.151837
141.151383
142.118413
143.109116
144.014376
144.948707
145.923084
146.890159
147.822721
148.775374
149.782404
150.678594
151.621995
152.574512
153.527029
154.479410
155.504444
156.769297
157.830567
158.801088
159.893243
160.841950
161.852381
162.813741
163.853243
164.838277
165.812336
166.790113
167.807891
168.776599
169.792472
170.741134
171.720726
172.676735
173.647120
174.555782
175.522676
176.478685
177.443673
178.375964
179.350159
180.264444
181.229478
182.163628
183.150476
184.153651
185.100000
185.978776
187.018050
188.193787
189.090068
189.897370
190.702948
191.492154
192.284989
193.059637
193.934014
194.706848
195.465170
196.201678
197.025397
197.783764
198.720091
199.556508
200.387392
201.203810
202.129297
203.009252
203.896508
204.749297
205.658277
206.572653
207.423447
208.380998
209.302177
210.120680
211.446259
212.640000
213.802041
214.994422
216.192063
217.381224
217.920000
218.152971
218.716190
220.039592
221.264762
222.231429
223.253333
224.260000
225.407302
226.563537
226.975238
228.326122
228.599365
229.093651
230.142857
231.333968
232.001769
233.047937
234.075420
235.338322
236.501270
237.569660
238.623900
239.691338
240.919093
242.077506
243.131111
244.443673
245.352154
248.383537
253.577551
257.224898
260.658367
264.186259
268.265034
273.100000
275.401497
277.118231
282.020000
285.288254
287.845850
290.736190
293.732517
296.356871
299.272925
301.734558
304.042041
308.101769
312.121769
316.128707
320.452517
324.864218
329.023401
333.093061
337.376054
342.398639
346.133605
349.903129
352.472313
