0.920272
2.046531
3.006939
3.941633
5.043673
6.190612
7.177143
8.064490
9.180816
10.184082
11.182857
12.131020
12.986939
13.919184
14.891701
15.800363
16.675964
17.659773
18.616009
19.575147
20.550249
21.530839
22.524490
23.543311
24.793152
26.018277
27.134467
28.313878
29.415782
30.528299
31.713560
32.776961
33.913152
34.918367
35.976553
36.999909
38.132200
39.397188
40.384082
41.412971
42.455556
43.517370
44.571519
45.647483
46.679909
47.737642
48.771791
49.811474
50.874739
51.934331
53.004807
54.085850
55.113243
56.207438
57.317959
58.410340
59.404626
60.467891
61.589342
62.568980
63.583311
64.512109
65.944490
66.858776
67.907438
69.014422
69.977687
71.010113
72.011610
72.949478
74.063673
75.096009
76.111882
77.124218
78.109433
79.163628
80.194240
81.175782
82.186440
83.178912
84.155057
85.149433
86.102041
87.083673
88.116190
89.077778
90.057551
91.004671
91.928163
92.920726
93.876871
94.849433
95.805578
96.810748
97.926848
98.913243
99.839184
100.833333
101.885624
102.925306
103.877732
104.895556
105.864354
106.845805
107.896281
108.890567
109.844807
110.804444
111.814921
112.812608
113.790385
114.759229
115.666259
116.644127
117.576689
118.572789
119.494376
120.472290
121.370249
122.364535
123.349705
124.456599
125.418005
126.381315
127.399456
128.639365
130.373243
131.422132
132.596372
133.805215
134.875918
135.951973
137.126440
138.215374
139.404263
140.549388
141.420136
142.358277
143.834467
145.086939
146.037868
146.972472
148.101043
149.244490
150.184490
151.111837
152.151383
153.318413
154.289116
155.294376
156.268707
157.203084
158.190159
159.162721
160.095374
161.122404
162.157188
163.141995
164.134512
165.107029
166.119410
167.264444
168.429297
169.590567
170.701088
171.873243
172.841950
173.932381
174.953741
176.033243
177.036553
178.172336
179.270113
180.307891
181.316599
182.444943
183.441134
184.480726
185.533469
186.747120
187.755782
188.802676
189.778685
190.903673
192.015964
193.010159
194.024444
195.049478
196.163628
197.170476
198.173651
199.340590
200.277551
201.338050
202.413787
203.410068
204.317370
205.282948
206.152154
207.084989
207.939637
209.008027
209.886848
210.810340
211.661678
212.645397
213.503764
214.560091
215.416508
216.307392
217.183810
218.109297
218.989252
219.936508
220.749297
221.758277
222.672653
223.583447
224.720998
225.682177
226.500680
227.846259
233.065986
234.322041
235.534422
236.892063
238.141224
239.023583
241.012971
242.796190
245.019592
246.624762
247.731429
249.133333
250.814921
252.107302
253.403537
254.676190
256.246122
257.636825
259.433651
260.502857
261.693968
262.741769
264.467937
266.186259
267.918322
269.601270
270.869660
273.063900
274.551338
276.519093
278.977506
280.111111
282.163673
283.232154
288.783537
294.557551
299.342449
303.098367
307.026259
311.485034
316.946939
321.581497
324.858231
330.691429
334.348254
337.705850
341.176190
345.032517
348.296871
352.290476
354.834558
357.142041
364.201769
368.981769
373.328707
378.072517
382.744218
387.223401
391.833061
396.096054
401.078639
405.600952
411.443129
413.952313
