0.581905
1.789796
2.746939
3.721633
4.723673
5.785306
6.777143
7.584490
8.600816
9.644082
10.585714
11.491020
12.346939
13.239184
14.171701
14.980363
15.835964
16.739773
17.656009
18.535147
19.430249
20.310839
21.164490
22.003311
22.993152
24.018277
24.894467
25.966939
26.935782
27.888299
28.933560
29.896961
30.773152
31.678367
32.578277
33.459909
34.432200
35.437188
36.384082
37.472971
38.317778
39.357370
40.331519
41.287483
42.239909
43.257642
44.331791
45.331474
46.274739
47.274331
48.244807
49.255283
50.213243
51.214875
52.237959
53.190340
54.144626
55.147891
56.129342
57.068980
57.983311
58.972109
59.924490
60.838776
61.767438
62.694422
63.557687
64.450113
65.291610
66.229478
67.183673
68.116009
68.931882
69.924218
70.809433
71.803628
72.734240
73.635782
74.566440
75.498912
76.415057
77.309433
78.182041
79.103673
79.976190
80.877778
81.777551
82.644671
83.508163
84.420726
85.316871
86.209433
87.045578
88.090748
89.006848
89.906621
90.836735
91.813333
92.845624
93.845306
94.777732
95.715556
96.584354
97.585805
98.576281
99.570567
100.524807
101.424444
102.400000
103.372608
104.370385
105.279229
106.146259
107.084127
107.956689
108.872789
109.774376
110.652290
111.530249
112.424535
113.329705
114.476599
115.458005
116.441315
117.480000
118.419365
120.273243
121.522132
122.636372
123.625215
124.655918
125.602993
126.486440
127.615374
128.544263
129.609388
130.640136
131.518277
132.434467
133.426939
134.317868
135.229887
136.281043
137.324490
138.224490
139.071837
140.051383
141.078413
142.049116
142.994376
143.788707
144.743084
145.690159
146.522721
147.375374
148.322404
149.198594
150.101995
150.994512
151.887029
152.759410
153.504444
154.589297
155.630567
156.621088
157.753243
158.621950
159.612381
160.593741
161.553243
162.558277
163.652336
164.650113
165.587891
166.536599
167.512472
168.481134
169.480726
170.436735
171.507120
172.535782
173.462676
174.418685
175.423673
176.415964
177.330159
178.224444
179.189478
180.163628
181.030476
181.993651
182.960590
183.709388
184.678050
185.573787
186.410068
187.237370
188.002948
188.792154
189.564989
190.299637
191.174014
191.966848
192.705170
193.461678
194.205397
194.943764
195.760091
196.496508
197.307392
198.063810
198.869297
199.629252
200.376508
201.129297
202.038277
202.872653
203.703447
204.700998
205.622177
206.440680
207.166259
208.405986
209.582041
211.334422
212.832063
214.001224
214.883583
216.692971
218.696190
220.459592
222.424762
223.531429
224.833333
227.034921
228.327302
229.603537
230.695238
232.326122
233.954921
235.133651
237.162857
238.653968
240.027075
241.727937
242.755420
244.938322
246.881270
248.549660
250.443900
252.011338
254.159093
255.977506
257.131111
258.823673
259.732154
263.843537
269.777551
274.742449
278.378367
283.346259
289.650612
295.286939
300.601497
305.538231
311.340000
314.968254
318.264354
322.176190
326.332517
329.716871
333.952925
336.474558
338.782041
343.601769
349.121769
355.028707
361.752517
368.304218
374.043401
379.833061
385.808707
393.998639
398.953605
404.023129
406.512313
