0.331269841
4.614965986
8.794557823
13.000272109
17.414965986
21.459591837
25.721904762
29.696870748
34.181224490
38.234557823
42.274829932
46.254149660
50.359727891
54.108299320
57.917823129
61.705578231
66.120272109
70.034285714
74.296598639
78.288979592
82.642721088
86.865850340
91.049795918
95.046530612
98.767755102
102.343401361
106.165986395
110.080000000
114.958367347
119.053061224
123.358911565
127.381768707
131.678911565
135.601632653
139.607074830
143.251156463
146.660136054
149.986394558
153.691428571
158.249795918
163.036734694
168.087823129
175.595646259
178.830430839
183.476825397
187.794285714
192.320000000
196.566349206
201.066666667
205.192335601
209.255328798
213.246258503
217.277097506
220.974149660
224.504308390
227.758730159
230.828117914
233.817687075
236.593197279
239.125623583
241.589115646
244.114285714
246.780952381
249.219047619
251.635374150
254.207709751
256.827210884
259.512018141
263.256235828
267.936507937
272.645804989
277.195464853
281.904761905
286.479818594
291.156462585
295.883900227
301.021315193
305.473015873
310.149659864
314.590476190
319.361451247
323.947392290
328.475283447
332.887074830
337.135600907
341.293424036
345.723356009
350.795464853
357.061224490
361.919274376
367.833106576
373.224489796
378.423582766
384.064852608
388.894331066
393.821315193
398.708390023
403.809523810
408.830839002
413.468321995
418.144217687
423.637188209
431.360294785