0.243809524
1.859047619
3.182585034
4.558367347
5.886258503
7.214149660
8.502857143
9.903310658
11.162993197
12.347210884
13.409523810
14.448616780
15.435464853
16.410702948
17.443990930
18.430839002
19.443809524
20.416145125
21.434920635
22.414512472
23.426757370
24.424489796
25.494784580
26.493968254
27.554829932
28.678095238
29.696870748
30.755918367
31.758367347
32.773877551
33.861224490
34.893061224
35.870385488
36.881632653
37.822040816
38.814693878
39.830204082
40.862040816
41.837732426
42.955102041
43.941587302
44.993015873
46.011428571
47.080634921
48.142222222
49.221587302
50.212063492
51.182222222
52.226031746
53.236825397
54.300952381
55.352380952
56.342857143
57.361269841
58.382222222
59.349183673
60.358095238
61.371428571
62.356462585
63.360000000
64.348299320
65.349659864
66.357551020
67.343673469
68.342857143
69.331156463
70.324807256
71.355646259
72.315646259
73.306666667
74.305306122
75.380680272
76.374240363
77.466122449
78.472290249
79.449251701
80.489795918
81.695782313
82.731972789
83.751836735
84.773877551
85.875374150
86.902857143
87.964081633
88.991020408
90.031020408
91.092244898
92.187755102
93.213061224
94.331428571
95.289795918
96.253061224
97.257142857
98.240000000
99.196734694
100.143673469
101.146122449
102.148571429
103.136326531
104.137142857
105.157551020
106.174693878
107.183673469
108.202448980
109.206530612
110.225306122
111.240816327
112.230204082
113.257142857
114.295510204
115.342040816
116.392925170
117.430385488
118.439183673
119.547120181
120.555102041
121.604353741
122.660136054
123.726802721
124.847891156
125.899319728
126.861496599
127.921632653
128.994829932
130.070204082
131.071564626
132.101224490
133.080816327
134.158367347
135.196734694
136.235102041
137.264761905
138.324897959
139.382857143
140.445170068
141.396462585
142.345578231
143.325170068
144.254693878
145.292698413
146.499047619
148.101587302
149.272380952
150.290793651
151.365079365
152.454603175
153.541587302
154.595555556
155.664761905
156.726349206
157.790476190
158.821587302
159.891179138
160.980317460
162.059682540
163.111111111
164.163061224
165.239365079
166.280634921
167.293968254
168.287346939
169.283265306
170.311836735
171.294693878
172.264489796
173.361632653
174.439183673
175.374512472
176.407800454
177.435283447
178.504489796
179.386122449
180.404897959
181.423673469
182.416326531
183.363265306
184.414693878
185.475918367
186.470430839
187.467755102
188.493061224
189.949387755
191.102040816
192.071836735
193.155918367
194.197551020
195.170612245
196.241632653
197.263673469
198.347755102
199.389387755
200.440816327
201.482448980
202.514285714
203.565714286
204.564897959
205.615374150
206.622040816
207.673469388
208.685714286
209.737142857
210.768979592
211.791020408
212.960000000
214.292244898
215.314285714
216.277551020
217.345306122
218.364081633
219.435102041
220.431020408
221.446530612
222.494693878
223.480816327
224.522448980
225.531065760
226.560000000
227.570068027
228.614965986
229.605079365
230.620589569
231.627755102
232.669750567
233.679818594
234.704399093
235.726235828
236.753560091
237.786848073
238.796916100
239.806984127
240.814149660
241.806802721
242.845895692
243.855963719
244.857324263
245.876099773
246.903582766
247.925260771
248.946938776
249.977324263
251.161541950
252.403809524
253.631564626
254.647437642
255.831655329
256.963628118
258.057868481
259.099863946
260.071088435
261.189659864
262.217142857
263.285260771
264.333061224
265.450521542
266.504126984
267.609977324
268.649070295
269.687732426
270.747573696
271.838911565
272.892517007
273.954829932
274.991020408
276.009795918
277.008253968
278.015419501
279.005170068
280.050068027
281.010793651
282.029569161
283.013514739
284.014875283
285.007528345
286.075646259
287.108934240
288.133514739
289.239365079
290.278458050
291.215963719
292.231836735
293.250612245
294.324535147
295.349115646
296.353378685
297.354739229
298.303854875
299.302312925
300.312380952
301.334535147
302.332517007
303.461587302
304.480362812
305.565895692
306.590476190
307.615056689
308.604807256
309.684535147
310.685895692
311.695963719
312.743764172
313.800272109
314.868390023
315.930702948
316.923356009
317.971156463
318.987029478
319.991292517
321.015873016
322.002721088
323.038911565
324.051882086
325.032925170
326.022675737
326.989206349
328.002176871
328.980317460
329.961360544
330.933696145
331.914739229
332.936417234
333.917460317
334.834285714
335.894058957
337.017324263
338.059319728
339.165170068
340.201360544
341.199818594
342.238911565
343.652426304
344.958548753
346.264671202
347.649160998
349.027845805
350.302040816
351.637188209
352.969433107
354.324897959
355.758730159
357.131609977
358.751201814
359.932517007
360.934240363
361.932335601
362.881451247
363.917641723
364.919002268
365.876825397
366.881088435
367.899863946
368.915736961
369.934512472
370.950385488
371.957551020
372.976326531
373.989297052
374.996462585
376.009433107
377.016598639
378.012154195
379.059954649
380.090340136
381.141043084
382.162721088
383.236643991
384.232199546
385.303219955
386.327800454
387.393015873
388.397278912
389.485714286
390.603174603
391.662585034
392.617505669
393.674013605
394.739229025
395.807346939
396.829024943
397.859410431
398.840453515
399.891156463
400.889614512
401.975147392
403.034557823
404.096870748
405.191111111
406.398548753
407.945578231
409.097868481
410.206598639
411.274739229
412.363174603
413.405170068
414.478208617
415.523990930
416.607233560
417.634104308
418.687709751
419.776326531
420.867482993
421.886984127
422.924625850
424.034852608
425.114557823
426.168163265
427.200000000
428.238367347
429.200544218
430.223673469
431.188027211
432.204625850
433.251700680
434.318367347
435.271836735
436.247074830
437.283265306
438.349931973
439.264217687
440.282993197
441.256054422
442.283537415
443.182585034
444.216598639
445.335510204
446.302040816
447.333877551
448.500680272
450.026122449
451.174603175
452.215873016
453.271655329
454.298412698
455.325170068
456.359183673
457.353469388
458.373877551
459.437641723
460.453877551
461.493333333
462.501587302
463.550476190
464.546031746
465.549206349
466.549841270
467.570793651
468.568888889
469.633015873
470.605714286
471.669841270
472.647619048
473.681269841
474.740317460
475.766349206
476.746666667
477.747301587
478.775873016
479.763809524
480.731428571
481.744761905
482.786031746
483.768888889
484.731428571
485.765079365
486.786031746
487.776507937
488.761904762
489.760000000
490.760634921
491.766349206
492.779682540
493.767619048
494.742857143
495.746031746
496.703492063
497.655873016
498.600634921
499.545396825
500.480000000
501.414603175
502.359365079
503.275419501
504.200634921
505.124965986
506.130793651
507.113650794
508.101587302
509.112380952
510.105396825
511.057777778
512.043174603
513.046349206
514.057142857
515.024761905
516.017052154
516.977777778
517.823492063
518.633650794
519.395555556
520.170521542
520.933877551
521.737868481
522.524444444
523.325532880
524.109206349
524.884172336
525.650430839
526.535691610
527.432562358
528.352653061
529.237913832
530.082539683
530.967800454
531.835646259
532.744126984
533.629387755
534.503038549
535.446349206
536.558004535
537.361995465
538.136961451
538.900385488
539.678185941
540.466258503
541.167165533
541.984875283
542.749024943
543.550113379
544.322176871
545.100045351
545.863401361
546.684807256
547.532335601
548.359546485
549.310566893
550.240362812